100
1699
1730
1147
1704
2374
1216
995
1266
745
562
2281
1706
600
1946
809
655
1253
2172
302
2075
1748
1636
2397
1071
322
1538
1052
1495
1706
240
1839
468
1870
486
2073
1744
1166
131
509
1375
593
2254
580
657
1263
1289
1213
1981
960
979
1555
2172
2079
1016
306
2301
2454
1259
860
1659
963
198
2028
333
148
1164
1541
1214
759
1514
2490
817
832
133
1374
1559
1323
2487
1039
1747
529
2495
983
108
574
1189
2309
527
1912
668
1651
375
331
742
608
379
1370
1613
1494
2029
190
1047
2310
922
1080
1184
2382
1867
734
920
678
1164
478
1561
1172
952
249
544
944
2062
1113
2059
1901
1344
300
1973
1187
1134
1085
2145
226
1175
691
2437
1562
1236
1120
1443
166
1318
1827
744
2382
1770
2205
1053
221
1919
1498
629
1044
2075
187
2409
482
2352
1881
1569
549
465
1214
676
1104
1369
612
165
2069
1196
1072
2136
2414
399
2344
2296
2069
2049
412
1754
1031
1374
1848
1539
512
1499
1447
458
1351
827
1928
1364
756
205
1940
1324
1038
2016
1390
607
711
1926
0
