100
1836
2007
812
1464
1574
532
2291
451
678
630
891
2266
1650
2023
1855
1340
1410
1176
1760
513
489
238
2052
1610
1592
1376
1063
308
1419
943
1395
318
2414
2107
1683
1488
139
1473
1839
281
1568
230
2448
717
1717
1366
1522
626
2442
781
1039
430
483
155
1505
1975
1431
2468
2183
2314
474
641
132
388
2213
1715
1776
1816
251
678
1997
1719
372
1508
1901
1990
374
486
2080
2280
1167
183
210
1551
2203
1615
589
697
1146
2237
511
1520
377
107
1372
2054
1286
647
1369
1437
1226
430
220
1062
1838
1585
551
2112
1971
2096
1892
201
1743
1566
1216
1009
244
1706
1606
854
1006
2017
1838
1283
2024
710
837
809
821
1670
1711
1947
2000
1395
2474
1338
479
2489
513
1914
2084
1869
2015
890
934
731
1799
642
1901
905
1396
406
2386
734
1153
1910
908
1454
2183
1629
624
957
640
2088
2252
613
489
2195
601
903
1608
2150
2236
687
539
234
882
1803
776
282
207
1637
152
2493
1835
1205
1466
242
159
713
1771
247
1570
2311
2235
886
423
224
144
489
0
