100
1109
1841
545
1484
2088
1077
507
524
1715
1093
1672
707
799
1862
2389
2428
172
550
1918
1254
923
1417
1537
254
1447
1761
1312
2489
624
1688
831
1634
592
841
181
179
1818
589
604
596
1146
1740
767
1845
1101
655
1336
1174
1105
753
2328
1928
1635
1365
1646
145
189
2422
133
713
1173
429
1811
1665
1170
1457
1745
2452
1510
2249
111
2120
1488
778
1028
2053
1333
2264
290
2339
516
118
1330
1615
947
2441
1660
600
2362
1258
777
1035
1587
2053
199
2221
573
1408
2172
1983
1156
2183
1166
2108
2425
2094
1225
1257
1857
1415
659
1837
997
1454
952
1844
1394
2076
1908
819
833
2150
1318
1884
1702
1418
1168
2175
325
839
1221
946
2486
2287
117
1974
1444
1242
731
800
157
854
136
1054
2208
552
2363
665
128
1334
1385
425
983
202
1774
2149
1084
441
1823
874
745
107
1284
730
1858
1301
2169
801
2008
399
1065
2065
717
666
182
2390
1118
2009
554
710
843
1839
600
1726
1506
2274
1375
2490
2179
261
427
423
2234
1611
618
1591
412
286
1857
2320
0
