5

50
2500
3000
1000
1000
1500
700
800
0
100
153
114
127
102
131
185
130
111
167
150
107
139
129
116
179
103
199
190
140
126
132
129
182
164
115
161
173
175
138
123
140
143
137
168
146
169
105
128
180
124
178
139
163
159
107
142
163
159
132
155
185
116
136
120
132
151
181
106
179
119
181
119
163
119
139
161
140
144
141
172
169
172
164
184
131
123
127
194
182
111
101
168
180
138
140
112
189
121
170
168
193
152
140
108
171
179
121
163
124
162
187
145
186
151
129
118
175
108
164
157
172
166
177
152
104
117
164
145
191
135
114
136
139
154
144
162
185
117
125
161
131
112
106
118
116
188
136
191
148
152
100
120
118
130
172
122
147
189
168
190
176
134
126
167
140
122
129
125
191
154
187
123
118
145
141
134
185
129
177
134
181
178
106
100
108
179
174
107
120
194
150
148
180
128
115
172
151
144
198
194
150
137
117
120
134
110
155
120
139
184
0
100
1699
1730
1147
1704
2374
1216
995
1266
745
562
2281
1706
600
1946
809
655
1253
2172
302
2075
1748
1636
2397
1071
322
1538
1052
1495
1706
240
1839
468
1870
486
2073
1744
1166
131
509
1375
593
2254
580
657
1263
1289
1213
1981
960
979
1555
2172
2079
1016
306
2301
2454
1259
860
1659
963
198
2028
333
148
1164
1541
1214
759
1514
2490
817
832
133
1374
1559
1323
2487
1039
1747
529
2495
983
108
574
1189
2309
527
1912
668
1651
375
331
742
608
379
1370
1613
1494
2029
190
1047
2310
922
1080
1184
2382
1867
734
920
678
1164
478
1561
1172
952
249
544
944
2062
1113
2059
1901
1344
300
1973
1187
1134
1085
2145
226
1175
691
2437
1562
1236
1120
1443
166
1318
1827
744
2382
1770
2205
1053
221
1919
1498
629
1044
2075
187
2409
482
2352
1881
1569
549
465
1214
676
1104
1369
612
165
2069
1196
1072
2136
2414
399
2344
2296
2069
2049
412
1754
1031
1374
1848
1539
512
1499
1447
458
1351
827
1928
1364
756
205
1940
1324
1038
2016
1390
607
711
1926
0
100
1836
2007
812
1464
1574
532
2291
451
678
630
891
2266
1650
2023
1855
1340
1410
1176
1760
513
489
238
2052
1610
1592
1376
1063
308
1419
943
1395
318
2414
2107
1683
1488
139
1473
1839
281
1568
230
2448
717
1717
1366
1522
626
2442
781
1039
430
483
155
1505
1975
1431
2468
2183
2314
474
641
132
388
2213
1715
1776
1816
251
678
1997
1719
372
1508
1901
1990
374
486
2080
2280
1167
183
210
1551
2203
1615
589
697
1146
2237
511
1520
377
107
1372
2054
1286
647
1369
1437
1226
430
220
1062
1838
1585
551
2112
1971
2096
1892
201
1743
1566
1216
1009
244
1706
1606
854
1006
2017
1838
1283
2024
710
837
809
821
1670
1711
1947
2000
1395
2474
1338
479
2489
513
1914
2084
1869
2015
890
934
731
1799
642
1901
905
1396
406
2386
734
1153
1910
908
1454
2183
1629
624
957
640
2088
2252
613
489
2195
601
903
1608
2150
2236
687
539
234
882
1803
776
282
207
1637
152
2493
1835
1205
1466
242
159
713
1771
247
1570
2311
2235
886
423
224
144
489
0
100
1109
1841
545
1484
2088
1077
507
524
1715
1093
1672
707
799
1862
2389
2428
172
550
1918
1254
923
1417
1537
254
1447
1761
1312
2489
624
1688
831
1634
592
841
181
179
1818
589
604
596
1146
1740
767
1845
1101
655
1336
1174
1105
753
2328
1928
1635
1365
1646
145
189
2422
133
713
1173
429
1811
1665
1170
1457
1745
2452
1510
2249
111
2120
1488
778
1028
2053
1333
2264
290
2339
516
118
1330
1615
947
2441
1660
600
2362
1258
777
1035
1587
2053
199
2221
573
1408
2172
1983
1156
2183
1166
2108
2425
2094
1225
1257
1857
1415
659
1837
997
1454
952
1844
1394
2076
1908
819
833
2150
1318
1884
1702
1418
1168
2175
325
839
1221
946
2486
2287
117
1974
1444
1242
731
800
157
854
136
1054
2208
552
2363
665
128
1334
1385
425
983
202
1774
2149
1084
441
1823
874
745
107
1284
730
1858
1301
2169
801
2008
399
1065
2065
717
666
182
2390
1118
2009
554
710
843
1839
600
1726
1506
2274
1375
2490
2179
261
427
423
2234
1611
618
1591
412
286
1857
2320
0

