100
2 10
0 1 2 3 4 5 6 7 8 9
3 1
13
1 5
6 6 6 6 6
2 4
3 1 8 9
3 10
10 9 8 7 6 5 4 3 2 1
4 10
10 9 8 7 6 5 4 3 2 1
3 10
0 1 2 3 4 5 6 7 8 9
4 10
0 1 2 3 4 5 6 7 8 9
1 6
5 4 3 2 1 0
4 5
9972 7479 4986 2493 0
4 10
1 2 4 8 16 32 64 128 256 512
4 10
4 8 16 32 64 128 256 512 1024 831
1 1
0
4 1
123
3 1
996
4 2
0 0
1 2
0 1
4 2
5234 5234
4 10
0 0 0 0 0 0 0 0 0 0
4 10
1 0 1 0 1 0 1 0 1 0
4 3
17 7276 8084
4 4
17 7276 8084 7147
3 3
359 363 367
4 3
8040 4024 2016
4 3
9972 8080 9854
4 10
3048 3246 3246 3246 3246 3246 3246 3246 3246 3246
4 10
3407 3750 3750 3750 3750 3750 3750 3750 3750 3750
4 10
443 1464 1464 1464 1464 1464 1464 1464 1464 1464
4 10
4761 3627 3627 3627 3627 3627 3627 3627 3627 3627
4 10
3402 467 467 467 467 467 467 467 467 467
4 2
3303 4574
4 3
2438 457 1597
4 4
3208 1437 931 266
4 5
2602 2076 37 529 3648
4 6
634 780 475 565 478 685
4 4
734 229 1552 6088
4 3
1800 1234 1663
4 4
8100 4085 3437 4389
4 3
1380 1058 602
4 4
5498 828 3226 6201
4 3
1669 8869 1474
4 4
2996 1479 1565 3907
4 3
8512 2810 2397
3 4
67 170 187 27
4 3
1114 1854 62
4 4
6027 666 7700 1654
3 3
154 222 150
3 4
218 240 427 499
3 3
126 65 63
4 4
6170 4037 5866 104
4 3
8840 732 3655
3 3
23 46 23
4 3
4446 3350 4488
3 4
628 417 207 136
4 3
1770 3482 2389
4 4
4550 3264 6197 1420
4 3
4351 1921 277
3 4
49 66 50 80
4 3
1092 644 57
3 10
817 818 819 820 821 822 823 824 825 826
3 10
219 221 223 225 227 229 231 233 235 237
3 10
847 850 853 856 859 862 865 868 871 874
2 3
15 6 3
3 3
211 247 211
4 3
1746 992 1746
4 8
264 469 61 380 383 356 120 328
4 8
875 122 1568 1092 879 91 345 1303
4 9
33 40 48 18 62 34 2 122 83
4 10
441 49 612 306 267 540 83 374 518 237
4 6
186 5872 8759 7846 3649 9292
4 8
57 34 40 30 79 62 58 0
4 7
152 76 126 62 73 185 18
4 7
10 7 7 7 7 7 7
4 5
52 29 37 8 21
4 7
41 3 48 55 28 8 40
4 3
423 255 277
4 7
259 53 523 40 576 240 38
4 4
943 5272 2111 6584
4 6
613 186 1184 5498 1370 4552
4 4
1438 7556 3311 7167
4 6
286 3619 6008 1894 7580 2798
4 10
58 5 26 59 17 24 35 21 72 27
4 5
23 15 28 25 19
4 4
24 44 36 18
4 5
3917 3885 3319 5250 363
4 5
8 48 30 44 20
4 9
7219 1839 6184 8831 3749 1005 563 680 3862
4 9
6301 6557 6566 2109 1204 1465 5476 4218 3458
4 7
0 0 0 0 0 0 0
4 4
18 497 315 56
4 3
140 98 62
4 6
1924 2987 3984 2874 53 3892
4 10
570 490 737 716 58 719 152 410 233 695
4 6
391 3075 173 1851 1842 2236
4 7
427 348 523 641 556 74 248
4 10
3248 1002 677 4042 3404 433 774 1911 4705 4909
4 4
90 34 109 12
4 4
3367 3269 2316 6372
4 10
328 252 240 165 275 268 340 327 130 172
4 6
4885 4469 3668 507 5337 3112
