50
5
1 2
2 1
6
1 2
1 4
4 5
15
2 3
3 4
4 5
5 6
6 7
7 8
8 9
9 10
10 11
11 12
12 13
13 14
5
2 3
1 2
4
3 2
12
1 2
1 4
4 2
2 6
6 4
2 1
7 6
2 3
3 11
13
3 2
4 2
2 5
5 6
6 7
7 8
8 9
9 10
10 11
12 11
4
3 2
5
1 3
2 1
10
3 1
3 2
3 4
2 3
7 2
8 2
3 5
9
3 2
2 4
5 4
6 4
4 7
7 8
6
3 2
2 4
4 5
12
1 3
4 3
1 4
5 3
4 5
3 4
9 4
3 1
2 1
14
2 3
3 4
4 5
4 6
6 7
7 8
4 5
5 10
10 11
11 12
8 9
8
3 2
2 4
4 5
5 6
6 7
4
2 3
4
3 1
6
1 3
3 4
1 4
10
2 1
3 1
1 5
4 1
3 1
1 7
5 3
4
2 1
11
1 2
2 4
3 1
3 1
7 1
1 8
8 9
2 1
14
1 3
2 1
1 2
4 1
3 1
1 8
3 1
4 7
9 8
2 5
4 7
5
1 3
3 2
14
1 2
4 1
5 1
1 6
1 2
2 3
2 9
5 6
2 10
1 2
5 4
9
2 1
4 2
3 2
5 2
5 4
2 1
4
2 3
14
2 1
1 3
4 1
2 1
5 1
1 3
1 3
1 3
1 2
1 3
8 5
4
3 2
6
1 2
3 1
1 2
7
1 3
3 4
4 1
3 2
4
1 2
11
3 2
2 3
3 5
2 3
1 3
3 8
3 8
5 3
13
3 1
2 1
3 2
1 2
4 1
2 1
2 1
1 3
2 1
1 8
12
2 3
4 2
1 2
1 3
2 5
2 3
1 3
1 6
3 9
4
1 3
7
1 2
2 3
1 3
3 1
15
1 3
1 4
1 5
1 6
1 7
1 8
1 9
1 10
1 11
1 12
1 13
1 14
8
1 3
4 1
4 3
1 2
4 3
9
3 1
2 3
1 2
2 1
6 2
3 5
10
3 1
1 2
5 1
6 5
6 5
6 5
2 1
13
1 2
1 3
2 4
2 4
6 2
1 3
8 2
4 6
6 11
11 12
6
2 3
2 3
5 3
12
2 3
4 3
3 5
6 5
7 5
5 8
8 9
1 3
3 11
7
1 2
1 3
4 2
1 2
4
2 3
4
3 2
15
1 2
1 2
1 2
1 2
1 2
1 2
1 2
1 2
1 2
1 2
1 2
1 2
8
3 2
2 4
4 5
6 5
7 5
9
2 3
3 1
2 3
3 2
2 4
1 2
11
3 2
4 2
2 5
6 5
7 5
5 8
9 8
8 10
