100
1000 9528
610 701463749991
782 306817345892
1000 1001
537 440298451979
157 657268856688
133 268839205185
1000 4194
1000 561028410401
1000 170607679716
31 289008848850
993 280287592203
1000 396197214259
415 335133523618
1000 29022055439
1000 399646048899
811 274892650609
896 638944329981
214 439126346325
300 135718498564
695 313184186804
1000 306385074841
908 315252
1000 443124319536
1000 326047431375
68 638886918164
260 7867
1000 456630476306
1000 145103545724
1000 915
1000 521229098884
1000 1
668 274473280571
500 1000000000000
1000 525467335042
395 646077186185
128 425685095671
1000 222663142081
134 302157121393
1000 474432922656
1000 227062144703
1000 343098433039
522 328588198429
219 12956432532
1000 250929940468
1000 985835726289
1000 190244899375
1000 50312886224
1000 514818554910
455 355803759934
608 27502314401
1000 395106522
160 141757970336
28 778208563003
29 2
620 359274698312
202 862921178924
184 107446
1000 1000000000000
1000 156398951009
134 989054938857
1000 230722514044
966 18636
771 629277055937
1000 512078195869
773 308085824080
1000 350025983203
173 1
1000 507157706306
1000 137
1000 600109516125
945 625978309625
1000 292823995811
895 250389469357
1 1000000000000
1000 244546792102
1000 3886332
1000 771712562958
157 786769954250
1000 239
1000 292941258790
1000 615478695909
1000 237983242346
1000 264227474195
385 805867130775
801 532976226
1000 617195280498
1000 389535079863
230 67949721
1000 847982205339
943 284422528358
167 158256733021
452 629840482073
1000 26636834967
1000 11800
1000 269923153777
1000 91286700453
1000 198599592667
1000 3056826570
1000 456630476306
