100
2 1
0 0
1 0
50 518014058
0 0
178988121 323853232
171456288 330997647
192933759 337617739
152750336 330264498
174265174 330800283
178005846 323967938
187257292 337684858
186661434 328719337
173694037 335460749
168063743 312224980
181152812 318830681
174880820 314192479
168061873 333418783
152871917 311446347
189637212 323358871
187025211 337143819
174874196 322122415
179324873 311114013
44082050 643762327
475853939 135693054
122249809 26366796
492586311 625938445
894964680 984048626
826782912 371591002
996879552 999416032
353592203 554938157
989833661 76982346
474960250 212528560
712786252 147775927
63765871 806517553
798418557 990178440
74061048 810882584
403997111 665636010
309398337 20084148
8293554 300595513
179478661 785252277
263707074 130543363
967108342 524581324
896172326 158671754
10604139 793891254
201345764 893051878
970034225 364196342
576724902 43695777
191471704 297510827
104028380 289511154
132205946 255237575
66120160 754963290
420599300 206266994
226351142 322633623
3 50
0 0
0 9
0 10
27 316211722
0 0
10008367 10005954
19810129 20008759
29418424 30009848
38925923 40017873
48029339 50018108
56935663 60021012
65741498 70023475
74443438 80026760
82946320 90032099
90847943 100036812
98653089 110046568
106357388 120049426
113761413 130055749
120970963 140061892
128080546 150064228
135081341 160067585
141885835 170076760
148590881 180078447
155195129 190078588
161697023 200086799
168005509 210092431
174111186 220097666
180114555 230100611
186024516 240105837
191730101 250115150
316211720 0
25 288345570
0 0
10008040 10008214
19915174 20015376
29723935 30015665
39425438 40017306
48528266 50022192
56835342 60028366
65035968 70028626
73141582 80029186
81141700 90030926
88641859 100033065
96049727 110038654
103058807 120045832
109959151 130054991
116667847 140058739
123274602 150065193
129777187 160065230
136182209 170074409
142391475 180074798
148495129 190075012
154499137 200075626
160406427 210077838
166213600 220081779
171918466 230084934
288345568 0
50 635177291
0 0
115285014 94259360
45069410 128349144
681928291 568637651
786910435 217985588
81029448 452703447
170253681 923775275
616992200 477223956
994159651 241315329
222827834 301053842
189409560 683673949
742949164 268126901
749217043 675644664
810821955 655027572
18186733 210997811
102713256 237053542
171142496 560413640
541279136 457615859
26253510 68728258
286713846 223207428
675910875 665680297
441971924 367743294
844967250 846164556
87479885 58964125
212534319 691643253
227833555 162824071
283467324 401943880
930104896 970782719
478326644 32684367
96198530 593443203
830496746 349029729
909443370 198911786
656527645 854155594
922883852 303238858
526446286 535297508
200977805 209597698
429857344 54873513
753554421 642949730
554430207 127340947
818984200 693550658
856374729 619480878
21424758 899334107
722633179 139842053
25042772 804046007
397489210 53476175
402505904 121241302
172669440 80502308
934657902 164465626
467704485 829197086
217010946 710058106
50 582513991
0 0
226858946 292766782
240977693 266051017
227647043 286890062
224962053 284122672
229595704 287027917
240979103 270745342
242041465 290124978
231548590 279682457
235333181 286496310
236749966 287200783
242319397 276124665
240819412 279930546
221107098 260532918
236278298 272979064
224305401 286387041
230250965 292937204
495749339 632565483
413575986 560711564
66493503 179486052
212052176 87638368
584251327 83955432
383174967 140830430
408564037 230891466
129043633 119389304
692842292 784051571
78175617 487191794
265939255 472562275
478633400 547449638
492469147 627200707
208744777 571865573
882802159 945229157
430310992 126794893
687506457 231067850
410553902 843886978
931525347 753999960
690471744 475122431
615952861 368293026
599184492 73646711
45552368 24516898
661084821 580744477
67936271 738394660
63473287 591776790
991742780 186391879
813592586 542106687
966488613 336728279
281957436 22337363
1648609 701807124
932874974 712268428
408671759 689155066
50 568008765
0 0
467560717 305728832
470585649 280358065
467920428 298051915
470393717 307220276
460814833 279042444
459704571 302739454
473003668 277654294
462223974 300812601
461887954 284630225
467993176 308384327
465301108 303327660
471778695 292405309
543326572 865945941
152262092 553746101
73255162 311647339
576184454 255349946
92819519 852087126
433573769 175627016
804817184 745520789
598527249 886872710
836208501 123801655
84368447 345705290
968487783 591644042
50760512 929962103
848626607 184320788
664353696 80201211
55519019 572561811
438507752 856196471
262458924 598845591
910492930 443286196
698636143 335714087
40317565 339193736
514820752 791455662
389492803 473891334
213280396 172154289
148472296 840536404
186241694 49488897
493649292 85357096
15319199 7245829
191566617 396926156
477127367 716462158
141540322 708436665
564633137 532646386
131491977 580048074
23334271 827092061
15322500 41984908
233694996 574486766
218458780 55640066
529531400 748515749
50 938573269
0 0
315016455 495273110
325106191 483820677
333486533 481478113
20940087 255056757
793588849 83821533
12354718 650837655
823586388 468759325
536503812 593694067
957333399 666152978
857174069 422146546
817922951 545589791
801013669 396554328
835127597 178069004
954947677 798936868
271485079 134674884
488243700 200593589
53404949 559395389
114198673 877057460
132114218 723040194
806861727 987655112
491009120 778219419
99495096 819216446
265426865 314595508
833264839 488515260
910661806 75276617
620866408 542955260
939509589 581101110
759170114 274396429
73333297 627153538
614344774 714117792
914711381 197334728
756730118 102588474
832162286 968116330
543672876 723445143
711100255 816792856
447528627 350534604
22267402 54625727
369221236 399540075
888055336 140210619
215487236 55002427
597957687 651233494
232334604 836353644
110750073 537467276
17137166 991504719
558138863 36599722
233934451 631481940
586586766 325366596
145999278 843180921
566626064 271265405
27 317877151
0 0
10009039 10005402
19914274 20005835
29718859 30013388
39024212 40018295
48226975 50025046
57329189 60030010
66132611 70031448
74842126 80033991
83342410 90043335
91642934 100045681
99845120 110052265
107545582 120060622
115150440 130065081
122452321 140074581
129655465 150075043
136764795 160083204
143773237 170088624
150678745 180091018
157480658 190095269
164082623 200096885
170491767 210105742
176801442 220106540
182803693 230107086
188706827 240110845
194516273 250120361
317877149 0
28 332049136
0 0
10007021 10000954
19909825 20001130
29715241 30007135
39415448 40016203
49024486 50016434
58224598 60017517
67333486 70023521
76239973 80029569
84940704 90029619
93347876 100033461
101357431 110034473
109264849 120037639
117066208 130042533
124771817 140049867
132379832 150057696
139786894 160060519
146890119 170060899
153891149 180067077
160799372 190073563
167500134 200078743
174108827 210079549
180513917 220080483
186819776 230082680
193025301 240087443
198927140 250095037
204628832 260099003
332049134 0
3 999
0 0
1 0
500 0
30 1000000000
0 0
0 447393792
0 469762048
0 447392428
0 447392424
0 447414272
0 447392768
0 447389696
0 447392512
0 447741952
0 448790528
0 447392448
0 536870912
0 447397888
0 447392384
0 436207616
0 446693376
0 447392427
0 447381504
0 447391744
0 452984832
0 447392426
0 447392416
0 447479808
0 447392432
0 447392256
0 444596224
0 447217664
0 447348736
0 402653184
50 846667124
0 0
475385503 205955603
462665494 216621956
476567092 202900501
476201557 212644601
478408005 206358637
617869388 622838287
676314462 927454328
901211983 867874951
948377259 931336718
95802345 73881423
755594861 735551514
298125972 416023182
115206657 972605807
243110911 70298129
272327630 16747294
376875057 156565744
476967137 601698078
602569078 578037126
340606628 269365760
83189141 502774186
978128825 243018184
22988865 553574882
421449833 506959639
438296358 924200848
850598623 222343444
810411310 386615055
655154589 606193485
431315644 108537283
178835412 770361246
639624893 674426555
830992300 451163042
52861120 16499950
447053428 160475789
429841549 507946550
10720737 787660056
30678241 365547042
919121924 841365914
348325554 906183458
682900658 193088109
415431554 639138264
25753319 533499281
992209118 78359216
186896499 533424260
303785506 423524763
97951318 218248263
669411305 943410399
812426701 781459970
794452111 574788777
82735328 259480129
2 1
0 0
2 0
50 626257225
0 0
134746140 218823061
149731705 236471261
123779469 197255534
116318720 221511716
130398403 204748906
127411036 222345826
122860120 215454404
124287968 211510810
145530657 226859709
115996978 222368938
131027002 237733345
130283153 240019999
146493489 234897795
122707988 224025746
124072159 229196407
134366002 239468116
134024831 226750086
120940509 240603911
110565688 238089168
138948469 211425425
128116920 235379500
954233518 148420696
133656396 65093662
933366332 690815424
69157620 399874863
102497640 827524435
693866392 919191847
310062900 951788018
243444543 833949222
159897004 45064825
14126950 188043983
879683501 228698447
890060908 375552878
769615304 189256387
291789062 355126162
452573032 347795651
496216347 964255351
881865366 259322902
950138326 629872743
882263958 667748050
347788837 871812298
643520498 837277950
789065969 41655229
728120804 953583398
851164576 32510512
73070847 888017808
116716255 717807878
945877108 952754349
142010736 6777163
50 651574883
0 0
234713473 310607318
238607450 310964955
247196726 310746750
239783673 310858250
251736493 310724369
227346175 310590869
246915807 310834540
238647732 310681660
241251619 310643895
240823155 311023059
236973291 311008552
239927989 310739385
250105791 310545678
247096031 310533954
227425153 310670411
247781995 310321254
247967560 310895922
250309042 310337426
839425676 718264801
175446571 538026652
959658925 590105340
198720172 805251743
144874089 805613091
473903566 510906527
94255812 13798878
99885196 564003050
636453333 81362124
79065186 363304213
604263370 360478499
588695568 775056794
535286141 155465115
442982639 389079342
4744263 582482437
153263590 642663198
33206202 844169939
286791631 181226513
986478257 992865128
650994571 485511804
848934683 131352346
145151225 124898138
541417540 943190495
877068972 245036421
608340634 30387226
390865725 956134158
731190952 65120356
220585472 832077645
73673339 118993446
701475883 663568111
158747661 78417603
10 560
0 0
55 126
50 130
54 128
88 111
288 82
365 336
736 43
802 447
856 309
5 812
0 0
0 2
6 0
44 0
300 0
25 294888546
0 0
10007004 10000910
19910696 20010549
29611186 30014172
39221026 40018009
48428327 50027943
57131304 60033788
65731389 70040166
74233427 80044828
82538826 90052397
90740909 100057197
98743314 110060623
106647773 120064167
114351667 130070996
121961250 140074125
129461444 150077341
136667906 160079735
143774906 170086585
150777721 180092114
157680898 190098165
164482271 200106626
171190807 210113258
177496538 220122343
183205456 230125198
294888544 0
10 656
0 0
64 328
63 337
65 319
29 694
511 14
491 836
886 660
70 923
144 294
2 1000000000
0 0
1000000000 1000000000
24 282583190
0 0
10002677 10008520
19809037 20013500
29318340 30020835
38720719 40026679
48022390 50033956
57223047 60034031
66325541 70043872
75334050 80051078
84043162 90051801
92447687 100056263
100448843 110056478
108257567 120060073
115962688 130061231
123563536 140064862
130971751 150074072
137878183 160079885
144678393 170086715
151280279 180094565
157580807 190103364
163783149 200111488
169883820 210111625
175792899 220111686
282583188 0
1000 754199973
0 0
118649807 367623928
111513441 366687467
126757521 366861994
112995959 367709030
101718480 366898603
146584696 366361161
105237175 366844066
138297127 367701426
107315105 366906095
118022831 367761296
143192620 367656735
112031699 367143355
119308117 366864538
105170679 367744568
139782257 366372144
103706945 366844301
122065595 367664755
134349596 367741244
100633511 366660854
137845050 366519216
104425659 366729746
103465350 366352089
126917684 366740085
136386428 367625258
128149699 366917092
142015000 367131980
139148309 367427575
111448024 367147380
147898363 367501076
129972611 366527852
123740389 367679659
147719939 367430222
148278904 366589880
145046254 366413668
131326162 367164246
101833469 366496149
120118407 366883403
144489801 366903706
146288351 366462683
131837942 366955626
136892744 366583051
147387625 367514532
129658806 366539687
136104735 366479486
125871506 367605577
118035145 367349885
101364158 367449633
145835033 367297183
100925791 366494079
100314641 366976205
126569949 367838905
118269021 367113247
106673984 367515761
144445418 366397514
145394215 366722662
129159548 366919149
103085567 367001676
111277278 367002297
136838169 367147310
111908797 367143055
115218523 367559263
114080734 366705656
146116180 367449794
116794805 367225155
103594412 367274620
129559171 367163128
118636519 367484699
127421779 367762523
112346178 367854257
128841900 367030622
100947914 367074107
141786516 367568589
136155877 366560198
136004908 367303103
102204971 367613599
137614793 366637141
128122894 366990817
133233228 366849292
113218551 366906566
123040209 366436201
117858450 366452552
146356285 367346429
102034828 367436633
112374534 366989428
147252517 367445735
122538554 366535342
100977046 367655780
102651066 366897399
119148028 366601508
111886132 367609444
136986834 366698379
138003546 367564715
102651801 367275341
141107965 367690736
123175878 366665199
131910368 366414811
118354811 367412224
127946452 366740959
104842073 367171965
133997699 366807281
132106483 367436395
102054184 367314289
122620486 367007484
120633606 367609927
142588278 366463908
113690575 367510057
132437819 367642702
146444003 366412412
124841966 367540496
101377126 367151668
104649408 366406831
139469328 366884375
113313310 367013676
142620911 366969685
109495930 366916650
120970944 366855059
135065934 366805547
125103097 367621966
127109340 366432754
101062190 367107981
128673597 366993770
102221995 367129091
117015949 366360343
146618190 367606233
137977131 367205581
140292915 367792491
132003780 366501125
116047912 367242452
148937186 366478945
114193443 367386399
137046597 367550033
101490878 367434598
108606670 366587552
131406207 367854568
122747833 366955991
107020884 366987110
146600125 367757332
114292009 366762979
108326033 367218633
107081245 367704471
110664678 367428886
139346857 367722583
128895566 366841361
138402702 367130769
115822755 367103862
137873125 367786043
138025779 366810344
126741047 367186220
116527040 366944739
132765614 367488344
141336622 366545843
141265366 367536449
148256431 366643372
104502086 366597596
118074830 366845385
104644791 366462965
109526554 366466563
121825121 367765211
101145580 367202301
118014036 367573344
114431225 367464866
120558658 367136803
145820226 367247561
100848617 367234036
107206123 367415529
103229396 367653961
123969791 367374580
138086748 367825476
101811301 367541556
130719758 367565916
104741227 366776857
148004602 366712930
129773352 367775359
103107056 367496457
131664802 367425839
147266230 367460569
127425408 367221749
100312195 367342660
116883757 366972113
137200156 366713329
134154004 367475823
123049779 366400731
135493377 367609417
132261089 367170129
105484524 366700997
107607964 367714660
148762552 366941672
123568678 367791415
127049545 367082476
111214000 367746409
147175788 367025207
106569538 367450737
128064282 367856069
100796094 366767985
107421506 367421812
119455073 367392570
128842957 367409533
101610376 366415571
105248635 367830494
103248268 366837457
147269468 366373463
120034056 367570275
117037861 367156452
127517188 367593096
120999439 367192069
104712824 366923989
147780481 367214017
144535586 366640978
117543056 367219841
122551965 366565802
133745086 367835390
116957226 367841061
135080953 367437630
128683541 366931407
103008131 367528291
101631809 367851334
142318910 366497726
147916874 366777819
115837663 367450833
105355248 367579063
115772506 366502981
106771493 367036924
120577488 366929496
141308822 366713774
147207822 366522767
113502261 367092764
107626989 366923905
145300115 367779826
148406052 367367203
374967600 98526873
8572202 831755997
52854602 376291125
299872531 195958573
498900178 977987422
369618236 730888980
767261420 650376838
831265917 93428923
522140470 115393921
970996743 21918746
522665740 684714733
675498940 212081925
585429566 170388403
639672320 341300260
481163338 240094112
338620985 321244823
153000820 856130939
84938416 199709539
395668112 58371774
36359196 384810947
115699927 894568290
397461481 258493785
204439060 735477699
703387973 81243750
103162496 726579530
263810615 526901068
738982993 625828236
648732992 939309556
133126168 176928911
417023023 140921664
462166488 466805858
175453149 755644008
807869899 615167308
526055435 260391565
645202512 56054364
950622654 414930983
673424768 613418791
201412843 200600487
281844238 877863828
456959710 904800816
284218236 385006734
863351323 720770326
512596234 875717581
52646493 512084315
653005979 645722402
112528260 469669516
77829877 115172467
582856128 140497762
400889327 885699776
941754140 108911563
376358898 46091840
659510631 744893147
945493634 49783667
927647495 860923474
618240642 79854224
464860959 237123558
957893884 754975230
630692812 180728634
692812949 470490118
968728872 535855657
5525173 198335280
166024100 933773484
74271246 935871402
674087531 601396580
562824495 475160574
373768766 468358023
65767522 939183393
988967060 33279397
746719224 11261157
91115381 769130908
6254466 217476218
972451449 408492692
589221326 816664702
139671172 455660613
991516270 134550627
185402260 108400044
42173528 849557795
637945550 351426360
952822940 968961127
296638053 312033081
780391104 368163787
307347180 670406819
556202568 846158627
709936136 148830593
770477853 155438144
372914363 653567869
914576914 629248671
445913373 197882164
506059129 356314592
490865220 585584545
546500941 350091751
52165898 676267480
880210192 441190821
410151948 690111448
2144529 685549484
53713271 706790001
229713172 635051986
333726965 213576803
362407396 785915741
941353885 896179453
402263674 132885249
614650272 166784600
364666764 316840588
673155181 60563645
498664542 870725893
73333996 16536753
545320585 45165483
338872657 125499895
815611343 425530777
111080261 749024605
308330959 670272225
157840563 17309884
230886687 538044131
176476224 491567528
240263333 445810436
431212037 117830110
284614710 642527007
959367596 45862310
958942307 501797827
225040072 485039129
354092234 310123202
207805037 298374069
423873964 899412819
177459948 546677694
148218652 239485307
909757532 141056561
158366445 456549611
847110094 67598095
411681975 241769484
687579920 23586319
141416429 651945308
146988668 118791958
17170620 278547491
780345318 106356264
443911745 976112927
286236129 5385391
156275812 798003979
549933150 494041167
40718861 580149776
819635083 727393098
868449659 41453865
498003476 581908968
502023415 26816104
121101940 197629923
221216242 766221743
270683403 808681861
927473819 215149023
346212866 417672071
376544687 944644439
773273718 126558185
984459928 820456432
470976763 59509848
406067367 140735740
573401868 20909913
600819363 299302580
340756446 245553303
827462271 469269022
348601478 691276274
888906197 182002039
948223782 469703419
130901632 110122439
177787814 71423537
489095609 58375451
855536242 524000681
503075218 865640296
538613081 481326312
393352512 340051498
333303590 9589844
883016110 799419879
951238812 906705458
4775113 336351825
805620848 144511610
835787884 832237385
866755776 6738678
328958449 724694082
687332873 667495910
738919447 459860081
370751884 717637040
94154073 228015056
93655353 78804478
560130791 597229291
789797141 484784786
346890982 953483303
605419535 123100731
882322541 82423444
418775270 556658347
701169957 887097654
571851391 76912470
83651148 389474193
114168275 291123519
958619429 412609598
872469679 654017501
224170893 697538877
778070285 95737916
174542394 318324966
915554257 724241990
209026776 734673185
688156489 557867750
533484833 555917759
638341203 146092376
702750723 268323726
7937732 57116473
134028943 256437032
645911225 579789124
870912643 70196444
335322394 612595853
119129706 682048425
232103654 60308425
156046341 343300599
661625565 10173939
734415930 330588736
65261921 429696174
987563924 795959058
204393169 605934762
752027138 373565109
641888835 842734373
752367198 307294213
563731245 649826567
82132043 738912494
661625290 62158823
527271028 953044687
487609464 996947684
57256109 646400734
842217685 719713118
729887057 213302451
543891187 356359602
786055776 316819339
112778398 461669460
67604223 626136052
999701161 169687919
12422292 819631361
126925575 494106348
143932915 617305843
208734689 543173172
457848347 226064959
31625998 870359979
719824015 985119375
484036461 519235462
91464932 777080124
842898927 326254146
682613748 821351989
990687681 239306466
700975927 321185876
799838280 955982431
125670350 768580150
440727863 652055793
146162141 990608995
460431190 420169790
815859315 142611409
368676368 669165879
392042210 273707662
111343390 252818718
772054180 111866225
741462701 595379851
921633998 863519112
537387453 436877981
676184447 456764098
630466327 380591486
336573917 377160374
998256876 430304607
82360401 314760620
305369615 291501092
711670882 81038894
223650303 765800805
287483036 380046549
653754212 444843023
697661741 532041598
496424175 765097602
212993805 322232273
38267737 90403228
527281209 134627803
443908254 575655191
956246677 203465657
433142383 74374581
357195540 145336947
460097567 431399260
722900352 292072293
225627540 617983534
236300691 287087586
667134136 449277843
894120867 523783727
55825325 173404700
791018654 444298960
766531234 404765852
495169080 4012459
991156615 804798971
232970514 22450290
78432299 287581221
214472154 41733544
187070491 511574682
942973942 571667694
716256340 499684410
117667944 518390646
657994585 941883880
243678075 353968635
730268714 177645073
351049773 137798942
434614255 638610391
43376243 142068427
998597238 201145489
5944460 538545323
413511965 989753853
129851426 91431327
133164871 491944264
3518947 344323580
915991275 320235362
819919772 799009241
169916240 484763967
426647847 790104068
144072703 827910825
5555898 670325922
660641217 726857769
365468160 209122023
203706802 95255472
148917313 261360755
799906078 202304040
44574246 7378125
98809452 65934396
557878660 174425672
518749253 231974323
404726037 561397607
212923201 287256880
772020847 77162161
867266229 382839441
210750266 51185046
574027320 863855284
590713053 68822516
277944539 87184889
34956713 808697565
70058320 481651341
683955381 183874026
43768504 722480751
788415147 581045979
755471652 142577956
227068632 346293807
760207767 126737257
266510489 631794669
708956831 973130968
355970409 38531336
942232734 576223060
292594697 419237027
488059543 516260054
603444944 883307750
544521668 766004082
247655423 638401657
674792036 614579988
189577091 784127156
365173136 718560540
861138496 977992238
176802398 973161140
99898397 88207128
572518150 937010165
910141133 218925238
109972926 281474981
710214393 118627894
537864921 52205660
420982066 2809090
738633193 25924464
644444898 24427010
515345020 283154861
750251201 892100321
528743829 42653408
761213948 939828293
917820531 893916965
719594457 474868796
415592277 94622929
884149446 672009206
890934444 988110427
122101760 646806931
765434825 907370
53113030 832316153
835125244 155816098
34256914 326611449
203554811 426274789
709429650 678701812
423318485 718899831
761553239 312197203
252025496 952062315
698495632 375283539
850152336 22362380
969501661 270606442
942615648 265744613
106371392 853651108
352974391 833550093
686973815 228473152
60789305 118409217
126741667 592603198
919214647 748430901
174705690 13514934
692216746 122769458
694185642 736651692
48848896 968051584
772630251 308255233
683538773 153390744
175753124 323642235
594248677 533691109
651952074 145254786
851422246 536864326
222930771 758323466
986796618 56912989
27838558 909904586
355024136 47585923
648533177 154580226
168095160 274238783
249524594 823238867
412406912 712828258
680879842 943710236
251965469 461255808
614646552 306026445
629668681 935504242
321711703 642916029
640687167 223917358
613298036 973663777
584503595 344625765
401538754 836228807
598649746 571300213
471402489 429377313
583957539 953673882
80429018 119935666
795690885 604569051
317397309 329953612
126180200 60614149
521869957 850793504
156819949 378145669
166166264 989032862
631948891 786488630
862922341 340394319
166574449 125152410
469778175 476220377
164965537 751078044
174894610 871316929
300694242 616131635
422321869 646297099
618749117 737168133
341737184 502750887
685220851 266956354
327570504 511650846
362444350 811401051
42063073 701956813
690989675 371780651
10785634 208229337
548623656 175454918
300607328 873707975
202444704 715198105
318792502 770385503
494218785 367410241
983541876 493687112
139984211 794913027
384597513 258380098
761130985 611249680
730722386 726334697
90501895 298868189
110269240 58292890
612766056 452946245
824726897 152332313
213078002 156272083
331727002 835512531
561736858 761701659
329416116 484850682
107752538 764181562
131591804 648208618
141895730 601971323
249400702 967650032
78546482 134396293
598162325 633998215
212849265 839677468
138545657 181401064
92210306 303351160
756297406 101331249
106179915 704976362
861248446 433540655
121569538 319257917
80959576 45491800
530342482 683306396
300004310 262892045
763617015 638095020
240066343 284112466
104278851 758029098
744941743 489467046
123465261 182825333
22502801 195620421
377021485 188830878
492182039 13564810
967412412 469231791
174208154 100995797
534536452 73592327
392850244 35456600
80948400 508622342
44445090 326326173
441734570 463807234
101902255 344449400
628561867 205351585
963380683 194484950
683951996 732840718
915666051 560838779
756459200 659933610
848764488 790685205
656766367 133480685
602712476 193462879
294458676 624178779
550287458 629436982
517409934 828995128
190133822 943137703
121980228 450874686
914681921 234578912
579028313 563714798
621582735 16584176
63585478 207590180
940430898 437479771
998318550 747537475
259987437 708613301
499298506 754777750
740774787 961268277
154731157 8581226
632760005 196003615
825440598 449189833
130701314 35563816
978701519 342850532
793725219 320835136
555414049 953198099
369429249 560923492
430024020 134442362
194548894 991011984
428491755 493609498
93663325 987496144
696109445 279326657
34104407 353650762
167435392 47924304
56505530 627395546
823399162 322166549
623872734 541781887
577345703 648839760
844206644 754574048
927925537 408563574
361761673 490448215
51371707 335855938
322814652 731190922
574719259 481395727
975005226 517363546
357376042 3211014
135054024 68668551
274835666 53485487
953926143 21674783
649070330 442271058
616953959 10431673
404729913 472469492
973825604 240826693
847917094 982075616
390639191 818032248
160996816 775842631
111698569 604917216
188624491 212368523
546280603 287029573
804393119 763343750
619071116 373802181
294987084 14285513
67771000 754125140
775799924 569822750
864610160 874213496
737161521 424870254
749856098 481564119
574907165 141891434
123967051 723681702
394230302 422824259
51183242 367122594
972039810 555227118
620111994 15398163
302427736 13180653
776524403 166392597
540194778 959337207
973622720 395595520
2237012 835181862
257520965 893910072
768123568 778036936
55423542 122131125
456211597 357801442
499692876 805279640
381477694 31118762
306459373 476176279
695815225 775707997
183451467 210158967
225557130 520371388
533552041 803563461
822472410 380501218
339838425 310076445
558188317 215183540
50365403 165977497
59887569 560425329
338462266 160402720
135050197 680527490
38328932 393885808
51681801 443778146
327413260 390538160
866714440 433159495
61383844 633872633
844031600 415046017
935417405 244835312
900915125 922105082
302606300 468969447
631562244 723387536
938571076 494961077
660938574 189750561
750175890 841452831
854371903 720826144
253869986 941154508
187556669 989422101
285716599 292198918
682737078 239238470
672397965 613129860
99518845 401967870
817013888 733781810
978617122 943550446
718171880 604947645
73917092 732048599
307952487 20778181
368255610 557995688
747746249 99039916
940492747 29194185
602536681 350438492
144109352 647381003
489319456 856406667
1121937 331666021
570904491 775036055
388165915 683859015
938343238 243302457
977084267 487684761
283751559 607873478
212821123 808217741
392782692 1923439
875217972 139254568
697250256 700735180
799775096 95989935
125184120 297512858
500467702 592784195
240165198 727720801
436643820 644577054
976243076 729484654
357037062 437765757
121624772 547147567
642966376 745202977
85404090 912484362
520357840 472566995
133301088 221672001
76111793 585695316
724949884 526083781
226818961 951329765
47319700 274716492
424745702 26594057
471894604 25020172
605257325 925213404
569790459 712059803
294060809 41901145
479666902 398549887
945697454 651097871
248817201 453808027
218808741 441180183
913747178 186737643
408409645 739166582
177378250 47048267
573132048 484521438
288367555 902328134
29560978 652467361
531577770 188203608
213223780 454306681
232036437 3472374
568048529 818481106
712898603 801826896
52893135 862109339
365723562 45081858
498889885 998590590
292287125 467057115
653794759 717698626
309381560 206034303
105598922 62204404
546725842 486759810
241604296 678730970
183714683 835093397
23297005 123681627
577988308 715292453
718764828 89037138
760034596 810024745
464367994 139329709
1439048 472933199
518015057 517261129
368368071 219678963
686736078 869421294
439636273 660655196
719205852 193047189
255251593 749017833
88293996 824804774
356052097 654493787
342103537 182414644
306096271 539766780
255059234 217916894
306954032 884084579
546625677 826340414
965670123 66988628
392438180 863510023
233287504 819625524
39304487 762969589
632390884 601655576
114827124 578556917
771604107 72027157
673561342 834032976
511354103 879372052
533865840 614371690
796786335 867406200
407172980 875969377
93886271 102882606
839483538 514748566
341088980 253356656
172861636 238625567
102135590 159275456
978900980 417816168
180785758 335423094
789595022 870721819
301795088 665692994
590236503 904422147
590971475 73399195
805287600 116314197
730685888 102325578
822248130 191669792
67639169 527472223
482871181 81937463
596686029 14041792
119914800 322354719
560980286 937775010
97050466 145292789
563108957 515632228
851055323 928467798
799189617 743894715
262104061 493166697
250105196 100984705
26900253 852340564
968654762 841076672
795918602 684704205
876373997 699340650
79329225 470683085
552620548 796529518
663087662 562200406
737071478 149306577
939597939 783002463
928295252 150568116
666200345 889164757
817632555 343920561
87815277 369772020
862938717 469338524
422839582 202435690
54776255 113043914
806636938 302256187
986960392 23431017
575288019 455071892
925754977 715850741
512380259 507133596
69334002 478375525
480198455 27984273
810986736 658921832
809489949 419796394
161477504 591798340
935718902 475690294
845462314 979110059
300964936 876050531
78486221 560917383
673961297 576320870
878577057 985778828
861726197 333114587
788186480 718053801
286420894 289530568
796664164 713941457
44833335 798801153
2 1000000000
0 0
1 0
50 689672156
0 0
467744232 458290213
430835880 462039737
435690544 462678030
468481751 450822600
449367926 449660869
461690131 470946610
462985366 466124491
443498556 461635284
463318631 451700537
437841757 468204292
449246822 469996751
445830569 473155954
440980665 458090203
290957677 896595622
137215215 277769586
45276451 328342428
734948415 777374883
305589888 100477583
76198656 196556829
108639282 337554739
601854194 35757022
811098165 558189012
24875909 710174721
229150462 475555382
373947051 123044746
660316701 73492800
916350768 115519640
276234646 468854062
217966036 301397243
579166829 419708675
748051103 207697603
985072486 624443280
577437215 482999518
532072699 143178726
480733465 653635872
541909246 640711981
198900994 82587660
792762381 205523763
681079145 76293255
51854353 21912843
947921995 55026196
23062189 712171054
33541468 864272763
18186358 299296835
719005510 104023856
311721459 597353187
221796467 319572965
802572483 296793946
439972672 799233683
5 1000000000
0 0
29756 0
880331260 0
172 0
5118204 0
3 1000000000
0 0
30000 0
29999 0
24 281731550
0 0
9901005 10008478
19701426 20012267
29207156 30021744
38612335 40023764
47917659 50026400
57020879 60029870
66024413 70036762
74929778 80038941
83632034 90039296
92234398 100043380
100437421 110044608
108340448 120053482
115848456 130053696
123154169 140055301
130162409 150064383
137071749 160066004
143774287 170069746
150383204 180077539
156687174 190086405
162696693 200087666
168604789 210095971
174309237 220101961
281731548 0
50 534230298
0 0
376562805 102210227
375289442 98042597
382844680 100228716
376474085 96427077
370607538 102960988
378271610 96128335
370905975 95905206
377816901 96986127
372440403 101314789
381660670 96244132
374326303 96918287
373280961 101909015
379631884 96003128
382312893 98524924
372894969 99373318
376509320 98329574
382608114 98439554
745897490 787897525
61101360 660651136
326247643 267889618
663080928 640170337
164826621 610506582
370917955 889804310
772634225 384370888
813274570 951426815
216220853 390543437
867107722 699460008
223712350 304811783
610009097 730418657
787689126 856363827
584522071 846621269
146533149 287726651
928140528 936060910
449228398 892430639
12836610 989241888
481928577 627992393
238498976 528433890
270754552 646755199
31126087 609416931
413360099 43388777
286448566 844400657
396377017 629580952
934392735 6072641
736491298 620089368
476453195 396918184
96055805 376696776
664423428 60975266
849552528 242588954
135019593 445080308
10 986
0 0
141 295
141 289
137 293
134 300
135 295
184 192
366 419
74 662
823 499
22 255253806
0 0
10002590 10004103
19805933 20011948
29212470 30017879
38322271 40021720
47122991 50028332
55728375 60031788
64230596 70035486
72634694 80037430
80943364 90041801
89146236 100050859
97252612 110060642
105155546 120064093
112559222 130064523
119768769 140074191
126578157 150076534
133085072 160078567
139487299 170081085
145494452 180090675
151398196 190093869
157204190 200100330
255253804 0
50 576810013
0 0
471428900 142503083
488437872 125590363
450789948 152959351
446064799 155208223
447567542 150522022
485362311 117432260
478614053 133235983
459471793 116082703
453709865 125472304
487319810 149246466
471963720 126794605
472413440 140148895
462918210 155417253
988992210 815320763
598171894 924264286
138259617 628846894
469543483 139722835
511658082 545343058
367858053 949378337
159999213 122125315
872285314 121248617
61535680 51527998
99358641 751002780
727671564 220071006
48017638 943116035
599300131 190833023
595930242 155785752
198805545 367480709
35317824 930353825
707134463 187797756
669161002 486006071
625728906 845394080
243253491 138704485
940599174 137386989
112028656 611111544
732360161 100598388
4642738 984313970
587833102 793895841
13966848 104001379
899633766 168021018
358854042 914500838
922802942 351450250
718930959 954784284
737654461 121608488
161922596 606765135
92771206 444788924
142699356 831083598
822304435 718500113
708403454 385952847
3 50
0 0
9 0
10 0
4 869
0 0
0 2
0 10
0 100
50 521780301
0 0
482549757 317519115
469355887 317944581
484068139 322694681
483714374 315583115
483271072 322405465
472244713 350852294
470326856 317444525
471881117 314573264
472683952 319188170
561900975 791788160
19494010 444995154
508975978 28616614
550396914 309418564
699761353 527386450
69470380 314358698
626138954 716385387
328875978 379910959
481265238 211919533
386847845 708443037
25109644 713194684
4077773 802438799
656486128 411463558
818868837 615073828
914635591 710887989
502676149 376990546
821985700 329052918
357669532 522170159
831588723 330961679
858348129 760582799
74941497 383866429
100251816 927818509
160245820 553596803
765516336 281644146
990087183 641511058
207222095 4880533
807319332 15196827
279176737 63816220
678890048 316321813
27209802 950561927
327552473 446041991
775094909 382402303
904572463 2054525
333016204 132764442
745863593 588677538
825060319 43880685
824215546 673321442
226918245 777828487
59472633 984461366
478488777 992434581
50 503886060
0 0
76902764 32473573
312630443 527622954
64945486 199411898
356684278 862875640
626250262 22089159
14989683 669679262
581539848 242561041
981208324 597141723
691449122 207026272
217927335 32454154
513937457 590335821
204102747 738909365
595311776 603591171
13725218 372160269
207621703 633938701
815209933 106914653
487053959 733450907
932862806 980356728
695748720 404515797
279121308 289547084
811742698 174515334
417076376 294110991
891252715 245798898
452825171 250801052
135771559 435218189
25554010 670752506
262178224 649709016
105816539 82173109
454333378 857490000
343945053 972058109
931489114 661955081
395405989 11671338
992028067 271059426
675575223 180785147
470332231 687776787
862292122 954696532
101323875 134591281
380390179 131884850
235202254 992576590
280311131 833215350
503967857 370973813
873199181 158381494
240554603 766146081
476152433 979015720
803590181 694887982
209359415 820097487
831768825 735079296
6138722 604765404
785550551 823796892
27 325721530
0 0
10004148 10000127
19904543 20007969
29712204 30008016
39413694 40016964
49022382 50019886
58522425 60023223
67829296 70030237
77034485 80037008
86038646 90045935
94847556 100046646
103556941 110056178
112164499 120062923
120671320 130072877
129080678 140078324
137381683 150078831
145382821 160087922
153185949 170092075
160792848 180099083
168195045 190102898
175397192 200111572
182305597 210119138
188808227 220127871
195115748 230134982
201222591 240144870
207222655 250149415
325721528 0
50 702019541
0 0
288421357 197254132
285746445 175749485
287372213 185296490
287297343 176923115
289463376 192118591
287269823 179674949
289048042 171527805
289510980 187828150
288506965 165370776
288863409 188601595
288808229 183629325
433572996 396028861
598048401 234686974
419413069 537794114
949784416 727843428
246088582 641450052
112043682 277511625
235238502 423401433
714481123 194559277
13146790 304352949
909197235 107230151
191614946 120630960
733628447 123987799
256031502 639286229
983827549 774404628
72190528 981393799
229939013 447680589
682367563 358279876
896073990 680503766
408347194 954296984
595747036 698374759
975886384 654435776
77837209 560307071
607382700 63641238
220510539 644834684
752064835 620529490
741160450 129707775
106211926 943679781
435482362 327305250
101709878 362243428
196153579 271826264
719506853 26416758
384696634 278608944
959112711 254390769
61204105 133286977
831661736 219976257
874412034 656951142
69774565 660064472
723705710 804765595
50 798662560
0 0
417419457 338974233
571876647 540380270
662536258 28676782
761267672 893920964
86888837 336428585
118520168 782630773
1271361 675439379
925357509 420544861
588965557 791559189
851329519 612071710
146266066 778818446
103827878 962564682
261227241 70199088
517358825 6555366
332682669 30817357
311524657 942739003
335635625 395738724
424415507 883401305
777322269 998171884
334600469 38199531
820830304 716727459
244683190 305636989
726181851 822101665
466177207 22557051
634628762 315147408
946482206 170023078
132587760 780894828
703610268 50310085
56865451 246331354
277148711 73485445
868740800 389548121
785286845 588673369
324591026 204376426
55064662 62218704
100418235 101913295
671157106 389665131
695302120 921248540
595866557 768356649
790913700 274000323
589147732 914560116
84583195 278058814
58953642 388146290
438456375 69687307
168535013 615080262
541082060 347838179
737386300 298200077
886873446 409822860
466715638 375189497
289924554 63980824
50 904930059
0 0
89955782 83527517
90598811 85618820
92705835 82348304
94336574 85174307
96153033 83333873
88247419 84622413
95708831 84004638
144316428 512056675
928219639 98579958
722454443 397849319
521322667 658787454
838733761 500173960
257620370 349851601
604832038 551672441
128228875 833195397
20532420 445546413
49211756 120738486
720273398 847472101
765530938 76764902
362447374 592095745
111166929 441145323
946638228 427231456
939288131 6777125
957873435 943471008
193836679 720024122
378811577 532844230
33018190 715159346
65010947 70061690
621734132 143154913
976350310 522359337
967905751 749963007
870701493 849399083
549387536 17117507
93882409 443491243
35586989 167434826
608580149 308846135
736077591 146753918
6047395 555218377
351205738 675365723
247906197 963920830
349281413 545042417
112718116 626717774
696779465 234815955
377970868 30245415
552604753 171029949
920992956 354321179
56236614 373026856
242660715 644210801
940218397 605624150
3 12
0 0
3 0
3 4
26 311151947
0 0
9908818 10005611
19718597 20014275
29323822 30019946
38825191 40021341
48227595 50030079
57537246 60035431
66746427 70036820
75855689 80036894
84762540 90043999
93463566 100046753
102067885 110053009
110470559 120061866
118671967 130071258
126773608 140073531
134676867 150081791
142379946 160091471
149882644 170094880
157285672 180103719
164485945 190110726
171294027 200114662
177999838 210122260
184507339 220124099
190615682 230130336
196623519 240134505
311014554 9245510
21 241690765
0 0
10009089 10000870
19816191 20008832
29320125 30014003
38525726 40014392
47526554 50023962
56035303 60028152
64341474 70031234
72449388 80031506
80151530 90036256
87757410 100041750
95157678 110049225
102361626 120056399
109467251 130061061
116373925 140069694
123182961 150075727
129787051 160085363
136287153 170090223
142292000 180094519
148094694 190104180
241690763 0
50 687161535
0 0
52818916 26774509
103067764 501088883
375518078 733898061
641440610 7438469
719609524 323440074
40229189 664502799
963799634 605667344
709691201 58415548
655768735 535321496
854894461 21412660
170722958 730081555
381831590 509983296
697144830 610695631
383918121 687217497
534512650 377534697
256825559 92244623
593333506 439847918
26262331 212409675
219848145 968851584
144808010 667702941
332205740 939457669
397641365 185037200
95969100 148521726
536359574 107332566
128745227 751737835
334335742 243770387
753753683 151984537
762680168 716167332
403384829 303414865
680949563 999114641
91359264 790413831
230261749 937775122
2701149 684692770
506060707 256524081
924227022 222549294
14523315 650868717
835905917 108949115
109987193 412164681
519497247 931875017
536129205 646346768
890117155 500758826
652743364 870464947
439148632 496387191
799802056 267939884
119570878 842533461
485463645 333267971
123559445 210930142
748139265 715725394
824765827 126260595
3 900000002
0 0
500000000 0
900000000 1
10 623
0 0
233 335
249 319
234 337
227 323
887 682
981 479
439 408
628 446
843 258
3 1000000000
0 0
249999990 0
249999989 0
50 615133609
0 0
199737909 101988284
209764014 124722367
212888483 109003821
204599309 122578646
211713979 114117408
198413443 118520504
214354884 96936941
193244859 123798279
201834012 120939423
212993064 96440316
207166076 123203240
193321838 92436427
212514010 99520157
203805466 127549657
203726925 107632605
196699033 123720298
417126763 726277479
376108019 424627019
523465512 942024561
109450254 608427746
267774969 218474917
244849762 722844083
357242587 314586528
460362196 270551295
324901554 210215450
503984129 728671166
730441138 415922256
930644296 944442929
513912055 847344718
8285608 298975429
80779600 772954887
351748718 979629507
256772878 350422715
144963628 727856737
188800835 780238390
998713308 254413882
829774317 456575805
623678685 96079422
219147069 39533257
249748707 84040881
665228399 544048623
959970879 753732836
550692118 248185889
95530607 743131527
42106956 64604173
690075412 103816215
935962074 975402908
178341976 41824130
622197219 45251304
50 650238231
0 0
213698445 34935837
218848535 30869739
215331829 27755201
219343825 39884335
199773931 29047496
204934573 27312554
212816768 33284995
221953769 28608907
212246042 39201785
217065657 34337074
221372284 40603111
213701474 27250857
188060547 34977640
208636331 37998186
213145716 34113410
207513600 30008942
192614543 33121831
208714452 37587429
200071626 35628827
190753355 30325374
225291145 35075022
204224986 29802540
194454216 40612078
190559807 32634225
225014382 40518535
870923556 699219986
108199257 288772212
197277486 543066317
808851235 667416757
866396003 571647241
416966149 436796072
142447450 21432192
430123840 198948480
187427397 242255018
818194011 577718055
423399815 618411204
511117184 978220440
115000093 884412400
965620727 291169347
322044317 122155988
821375974 880074537
21363101 192967873
736034190 782091583
449508341 218640587
790287828 397401777
686714201 168420696
189852888 59770330
258718810 681678003
923933022 472493080
50 968519717
0 0
315537854 40074608
316500270 33364428
303977770 28279712
305307249 42063304
313545213 41782106
312428485 38640789
315360476 48101935
316809982 41237115
313169162 36966580
315525778 41610228
311123731 26352582
317095627 37409479
315153936 32341358
298750572 30537114
300767898 40279640
300823635 40420501
300388614 36329866
305013110 47044860
314744245 32591951
767110751 409098738
821115873 845716951
616716465 10014811
396768681 787189168
684259683 322334813
224048977 880492499
820965014 253674535
636600769 115115464
542314107 950148346
353673391 340563072
776088411 438865740
683309587 217852623
999337836 680007057
925473439 503458793
330546620 94613281
356228371 279820114
978053418 97657371
960188534 29860596
817049764 594769883
917104697 209473567
89966067 353825800
607500335 141153674
108785490 763447433
566112132 96617457
437180529 503615949
942481690 919785523
137638147 65785292
745792349 478307629
981766422 989492335
936621968 523782140
5 10000000
0 0
1334884 0
782398 0
857040 0
857039 0
2 10
0 0
4 0
50 570840517
0 0
188838940 223669450
185832250 216655149
182252334 214655812
184789529 224024926
189379785 226477960
185822569 228113660
189121994 223459465
183718919 217228322
185934956 221120857
190002752 218816008
189867583 220032098
188999181 216306264
185528496 220927012
187835576 226560323
183990872 215114469
182083320 215290090
183825737 228907160
186753193 223271681
188382958 229991660
189304521 217485216
682736626 953197930
565306616 916237892
546389569 54306629
498387409 234799752
308581515 631596366
25222833 354367395
812247776 245644428
750829613 487073847
360022300 693485026
100603786 376941062
888830763 408960629
793256508 212295100
26929416 993683397
802491982 989230775
638253540 233114544
38828826 263043320
31797565 173506518
80329499 456651794
691451546 578187134
62299853 578716908
933084303 33062
98193842 87522686
574596534 597848432
143849810 701539807
78480869 934618834
196095815 244453596
456748696 819827984
813511382 989352324
831099451 336194465
25 294097388
0 0
9903186 10002790
19711357 20008370
29213550 30018091
38523013 40021940
47727297 50022675
56636463 60031048
65444204 70031808
74045957 80032464
82551746 90035094
90952670 100036195
99153445 110040302
106956856 120040716
114662444 130046225
122269181 140047889
129775471 150047967
137184159 160055105
144192151 170059011
150801031 180065677
157209298 190067340
163511249 200069890
169715831 210074747
175820552 220084102
181829802 230087649
294097386 0
50 993173798
0 0
423126439 216907775
411294661 220818310
422999893 214099536
431471665 211339518
397121363 210079799
411877992 221575041
419038131 223004150
406775940 202618136
402214196 208871152
394235681 212057917
415847208 205288462
394213739 218439637
422505632 204603881
434973855 223951739
420359553 221582029
410634796 227093548
394948813 215215417
424276669 218337532
394004567 219775594
44979982 52820758
175523541 684110661
982302073 847196228
103039626 375869818
607546728 692534070
888520737 765268780
571333576 957709673
190497565 807869145
245409 337870496
697848505 916459253
799656624 678073870
889096169 987253124
612270347 192499433
516443731 65353127
429612496 17900305
70721063 431109849
115220510 474592478
174305058 98760957
474630775 950038936
495089358 277344685
42613465 82177503
892403529 236126447
43995593 613947041
951817537 82901094
851876699 896757354
574831224 502182394
489435518 504049676
696549109 316443745
234313225 954222218
972122523 65509192
21 245136616
0 0
10009548 10002100
19812484 20004583
29522081 30010516
39124073 40012643
48624106 50014140
57830260 60014403
66731150 70014823
75232755 80015091
83535315 90015531
91537070 100021885
99246920 110030633
106856143 120037218
114157074 130042662
121366709 140050851
128369134 150052075
135271351 160055838
141871502 170065621
147780234 180068658
153588100 190071675
245100784 4191028
50 607774549
0 0
284088418 372983893
287644076 373048554
929588156 369678468
138982933 18400960
987323286 781098823
568275358 213213171
625040140 720185677
567022181 399493245
14933990 817572761
910210050 499150323
903409954 25084100
372668364 379461075
987235624 318322042
868423919 451042659
176225844 592456289
779451238 333293469
242474976 478841551
848520019 972125383
990526343 172063133
953161956 840019304
53232475 830365981
403068011 373953666
773446912 530788967
348361729 970090192
321756868 788380902
813465002 111088131
490549207 77683174
396005216 38649718
489692377 330301183
922757472 116945487
450238957 518434573
997276125 554725062
379366797 692713933
717293418 698312496
390848153 369893141
52775474 522971726
896925393 296596980
827385948 455843485
278450030 670372305
311269559 28264029
139352160 600206898
530406424 124734562
163384280 482417719
812718902 926411641
895873480 505593010
24027583 587992726
995234140 198628789
891342723 21303708
572132557 374600938
50 667793079
0 0
250704665 382974409
260751380 400055110
263507330 409150917
250568489 382976310
268951288 381609888
274467145 379579092
240405222 378803678
252747058 375477834
254675968 381173132
268001824 416575820
258842743 393872188
254662104 393044317
265812922 391381231
242029465 399400756
262062192 379148000
232712772 408807558
248935552 413018379
859563181 840735668
29009428 637438146
281276174 47610720
111060014 146735658
188510062 775496414
646824656 783175739
243804735 436359554
714330334 737582315
73831160 596769257
114962507 764324635
783387964 952617546
76334055 948432483
863967037 400660703
757001842 186015033
3497683 561783348
255035368 821319300
458757446 715577216
763187937 136561149
135813159 740033621
368046387 726764303
509940042 324323221
760682775 14871043
604969710 753744777
203030386 327529462
91854097 678800870
631418417 317992893
118941728 875242061
128419117 560268824
746283858 982908766
397208466 885420959
706740259 602297893
317875109 504760186
24 280775589
0 0
10001848 10005201
19902859 20009396
29707266 30010742
39412904 40017049
48922875 50024157
58325206 60029231
67631486 70029721
76437960 80035423
85045223 90043586
93553867 100050078
101057014 110050438
108465918 120057252
115672390 130057356
122775183 140059436
129682674 150059813
136484224 160060047
142890859 170061736
148991861 180063821
154993786 190064891
160897911 200067065
166702776 210069872
172406481 220073248
280775587 0
50 961152494
0 0
102534350 174592558
118780583 172815063
124913365 170889726
115770276 164519414
112457671 166501605
116314448 167000120
96031606 175347409
104055724 171366659
115257160 166804154
124290371 167578194
108704989 165765398
102556386 174195618
94249735 172186332
107470341 171623199
95067453 172947564
106783305 169376764
84256556 168976447
108219530 175464311
91226495 167465814
92853250 164490571
415675634 532495011
240854387 67874133
322623287 561812722
456339643 454806773
692786742 17881519
560890244 549495354
386510139 657103124
193552063 331016259
845636353 684677418
819485269 692981712
304505404 862558705
837626799 835342733
107654819 2992734
521740435 196774315
245240853 947691087
332702450 100669
67974802 660916487
75245562 573556837
28363610 390598089
260995960 531585205
933596911 573666704
230769829 674402557
5418816 172623403
857300821 424321892
117303605 703571522
418646579 529302443
217161528 274325361
129834447 256273378
305564045 177332700
15 1000000000
0 0
21844 0
84 0
357913940 0
89478484 0
340 0
1364 0
5592404 0
349524 0
4 0
1398100 0
5460 0
22369620 0
20 0
87380 0
6 511
0 0
385 22
392 30
391 30
356 31
372 25
1 1000000000
0 0
28 327185993
0 0
9806086 10009702
19214985 20013237
28516296 30020385
37722906 40023649
46824435 50025678
55734210 60028957
64438221 70038393
72741607 80041522
80846683 90043469
88855456 100051573
96763336 110059686
104567833 120065613
112277016 130066443
119777386 140069980
126883001 150077541
133789796 160084650
140597525 170093038
147299779 180099929
153906476 190108018
160412617 200115248
166818420 210118282
173018435 220124641
179126213 230127719
185128644 240135046
191036843 250140886
196839243 260142486
327185991 0
2 1
0 0
0 2
50 955701521
0 0
48729514 385747084
9119887 368195749
28540271 363067927
37818779 381093119
37591214 367835405
21947014 366576613
5632278 385192598
11920673 360141435
39445771 368162291
50137187 368736044
4884300 381873396
44964669 358303612
11486805 363186466
37331990 353818934
10864747 376539484
46456063 367244837
5165283 377024588
32014658 361805814
16398213 358154800
6181636 376797030
39583269 371419754
20378627 359800294
49956224 380131526
11326364 383640436
11634443 350317107
322569755 806176022
87157360 306980108
635654526 838177151
507906577 176356569
865987415 357984240
845207433 909448681
977415389 302905192
857746939 93782069
154073370 921661146
950777694 148214896
210576770 354575023
262021414 37412975
158303604 94097161
18376938 997191005
358625421 640272695
298965069 322510069
629490177 681195176
371888680 386122429
562478999 117661055
475645296 879795257
789243938 280982766
583887958 173369081
119667502 619175679
540836825 294151249
50 651297279
0 0
385912134 417734194
405594713 417440516
391278280 417719551
393188883 417464286
384547347 417574387
409221831 417499763
394804452 417426655
416234973 417632834
409248465 417600083
411860985 417513701
411657662 417450415
405590761 417647661
387665154 417393431
404222160 417616073
407402839 417619333
409265280 417582224
398644103 417485850
396667585 417503809
388791322 417522555
409052174 417608816
398351879 417622558
401031153 417654440
395212971 417602071
723578341 342146590
849725352 672563970
143195511 978587665
83149517 599893069
190113083 58907361
113974112 44041351
931706506 928189300
900104667 85291638
472131489 394709364
337434154 671581032
991039875 158136104
987706141 878273679
794292538 292413412
434290636 209734969
444311956 724916170
67062760 153162844
825726814 20406649
998994314 769304465
221713886 968922326
880346039 934660183
978701535 411826969
192532621 994320152
79611790 762924393
10150109 92637289
616734673 404259631
562395735 347584264
24 278219611
0 0
10008510 10005233
19809630 20010098
29417038 30010191
38819095 40018712
47822191 50025899
56529137 60027970
64937270 70036410
73146025 80041082
81153491 90042669
89055976 100049445
96859864 110055616
104260345 120058918
111561688 130068514
118667329 140072996
125574911 150076348
132178367 160078923
138581678 170082547
144891414 180086016
151097314 190087718
157098005 200088595
162907506 210096173
168616626 220101117
278219609 0
33 396063478
0 0
10002001 10001370
19904641 20008763
29704841 30015090
39412679 40018147
49013672 50026461
58319239 60035911
67523420 70045678
76524110 80054403
85429833 90059403
94030776 100067498
102538987 110069051
110940835 120069902
119148120 130079717
127257638 140082111
135263543 150084361
143169738 160084611
150974845 170089006
158678830 180095340
165987590 190101907
173187987 200107333
180293389 210110364
187302496 220114646
194112390 230116429
200819858 240117076
207420982 250118001
213922194 260127408
220324519 270133903
226524900 280136520
232634137 290145863
238535060 300149141
244339521 310154077
396063476 0
12 1000000000
0 0
1554 0
42 0
12093234 0
9330 0
2015538 0
335922 0
435356466 0
72559410 0
6 0
55986 0
258 0
50 838549459
0 0
155997508 80673724
154599650 88273401
161160191 91941852
158152542 91300351
150679059 99577044
161967591 91060398
149175732 82015626
159555981 82827340
150812900 86913715
604507192 427204319
145357080 286289270
189153143 522066537
213132347 668794409
658698394 161948866
940694003 794027639
25314788 427107603
262129793 299707540
75156181 869635587
371195941 243128425
203684112 233530952
73407063 449420721
652061567 974255332
981303315 608113244
656635246 43353969
470558289 335132244
621421514 113658790
635725327 468431721
137226130 663091009
825039875 848857675
495401666 648440876
75548480 618250231
917957771 520716454
390352042 190194625
285839403 845630304
79161257 614064335
63485056 489523515
463778847 5084672
613197917 568062975
611416945 297598514
632730758 269833163
383491953 934491586
402923307 106668624
769759633 19217281
720591308 392665789
893623017 447315861
65566092 215992974
736709428 821687849
11882475 836040215
534186872 979577822
25 299314114
0 0
10005346 10008415
19907833 20012540
29713071 30022435
39316771 40023796
48721623 50027494
58028851 60036923
67130158 70043708
76039934 80045869
84845052 90046932
93549459 100051772
102156359 110054730
110560707 120056539
118770344 130056850
126675573 140066655
134477121 150067741
142183927 160074448
149684547 170079213
156985236 180084147
164191853 190087238
171194361 200096515
177999654 210096803
184601611 220105806
190302740 230108439
299314112 0
2 1
0 0
0 1
50 937558956
0 0
87692802 266248199
97539550 274321885
90101366 281281339
107065750 268288487
78410905 285355134
100615165 270594539
105214634 267392413
96672105 273416035
86426449 269489638
92046463 268287815
98691455 275135359
96058892 287214367
99012169 264587357
103697627 278549389
89934091 264764937
103799591 281595765
124666328 265122573
30449291 910300925
986894018 120306710
551836836 7277217
362575055 260596963
22963858 255387090
988714904 751378130
250372661 130698571
483689685 566369633
360613073 567304789
35756851 155722604
746349250 419805
122336503 441767868
659639006 861109485
385414639 460082195
577721120 952062949
714880226 510080967
630387677 460686763
467963981 554290596
814887560 34740865
290127955 830539036
434433518 690367770
821066342 131359211
550245196 537322532
104627321 157272379
312994984 910858270
763794427 140384172
582152040 59344234
772970072 738647283
51245830 94307398
46370347 10901063
520982030 628966950
89653714 761250573
50 689059477
0 0
26332928 454430660
21883336 459330153
33853176 445992295
23280630 456792917
25731492 455118260
38477945 452352625
27890245 448262292
22765090 449795828
41346042 445415285
28164464 444475845
33887054 444266221
31498262 466346148
21763921 461564376
23887317 440152896
38712717 445267535
21230835 446494990
30337388 463682229
28713392 463562855
37386701 456574374
30456284 462678234
27770694 466256488
34337043 451782527
667674495 140624109
374330757 983650352
966491027 339173201
66908520 981064260
682974831 446058856
865845082 400267990
359202788 721428525
110304183 113953046
42169370 699776712
829724491 733163043
970403532 656541449
773506466 952768216
613950304 217415497
953433063 889829481
945359154 925988871
66612981 580268399
563918751 465550001
804723202 293460090
127040702 382926131
828984987 724148075
124416065 810015533
383960411 694830070
661299468 336135205
35911917 346780946
79943989 555985191
65042992 718152760
523437329 902863873
500 1000000000
0 0
7001884 0
11000005 0
9016938 0
36000212 0
15001884 0
26005648 0
8000005 0
12050808 0
27050808 0
5000630 0
20016938 0
33000212 0
48001884 0
32000072 0
12000630 0
20000630 0
35016938 0
25005648 0
48000026 0
41000005 0
44000630 0
14000212 0
4050808 0
45000005 0
30000072 0
41000010 0
36016938 0
17050808 0
49000630 0
43000005 0
47005648 0
29016938 0
2000010 0
32000005 0
27000072 0
28016938 0
7005648 0
36000026 0
36000072 0
26000005 0
9000212 0
49050808 0
33050808 0
37016938 0
7000630 0
36001884 0
5005648 0
45000630 0
44050808 0
40050808 0
10000212 0
22005648 0
19000072 0
15000005 0
17001884 0
32000630 0
49000026 0
30000010 0
13050808 0
5 0
39000005 0
24000630 0
26000072 0
39016938 0
27016938 0
27005648 0
15050808 0
18016938 0
40016938 0
1005648 0
23005648 0
1000072 0
10016938 0
3000630 0
25000212 0
33000072 0
39000212 0
9050808 0
35000005 0
33000010 0
11000630 0
27000005 0
33005648 0
20001884 0
3000010 0
44016938 0
4000005 0
49016938 0
17000026 0
28000630 0
17005648 0
8000630 0
47016938 0
43050808 0
2000072 0
19050808 0
34005648 0
1000630 0
40000026 0
46016938 0
35000072 0
17000072 0
43000072 0
20000010 0
47000072 0
47000212 0
13005648 0
42000072 0
13000010 0
44000026 0
46000010 0
10050808 0
48000630 0
46000026 0
10000630 0
45050808 0
19005648 0
30000630 0
18050808 0
22000005 0
29000212 0
39001884 0
17000212 0
19016938 0
4001884 0
1000005 0
29005648 0
4000072 0
29000630 0
8000026 0
32000212 0
19000026 0
37000212 0
35000630 0
36000010 0
13000005 0
12001884 0
7000212 0
40000212 0
6000212 0
47001884 0
31050808 0
31000010 0
20050808 0
22000212 0
21000010 0
30016938 0
11000212 0
36000630 0
40000005 0
25000630 0
6000630 0
22000026 0
16000026 0
29000010 0
38000010 0
1001884 0
28000072 0
46000072 0
31000072 0
3001884 0
15000212 0
19000212 0
38016938 0
7000005 0
10000026 0
45001884 0
39000072 0
47000026 0
14000026 0
33001884 0
15000072 0
49005648 0
43001884 0
31000212 0
38000072 0
41000072 0
9000026 0
23050808 0
23000026 0
35000026 0
26000010 0
38000005 0
13000072 0
34000026 0
28000005 0
23000630 0
27000630 0
18000010 0
12016938 0
44005648 0
24001884 0
32001884 0
18001884 0
7016938 0
23001884 0
10005648 0
23000212 0
32050808 0
38005648 0
3050808 0
49000212 0
19000005 0
31000630 0
44001884 0
23000072 0
19000010 0
36005648 0
48016938 0
35050808 0
45005648 0
38050808 0
11016938 0
45016938 0
21000026 0
5016938 0
35001884 0
18000630 0
4016938 0
19001884 0
46000005 0
22000072 0
7000010 0
5000010 0
48050808 0
24016938 0
17000630 0
3000026 0
37000026 0
25050808 0
9001884 0
35005648 0
24000072 0
33000026 0
45000010 0
42001884 0
45000072 0
30000026 0
8000212 0
16001884 0
1050808 0
36050808 0
16000005 0
41005648 0
13000630 0
45000212 0
25000026 0
9000630 0
24000212 0
8005648 0
29000072 0
4000026 0
34000005 0
8000072 0
15005648 0
25016938 0
21000005 0
15000010 0
11005648 0
26000212 0
17000010 0
22000010 0
28005648 0
6005648 0
9000072 0
5001884 0
30005648 0
12000212 0
41000630 0
7050808 0
22016938 0
17000005 0
12000010 0
43005648 0
8016938 0
14000010 0
45000026 0
16000630 0
30000212 0
37000630 0
31016938 0
13016938 0
44000005 0
6000005 0
28001884 0
41000026 0
49000010 0
21016938 0
16000010 0
20000212 0
39000026 0
26050808 0
27001884 0
40000630 0
25000010 0
44000212 0
29000005 0
23000005 0
1884 0
42016938 0
41001884 0
20005648 0
21005648 0
24050808 0
5050808 0
43000010 0
14016938 0
15000630 0
41000212 0
13001884 0
7000072 0
37050808 0
11001884 0
13000212 0
34000212 0
32005648 0
9000010 0
43016938 0
16050808 0
32016938 0
11000026 0
11000010 0
46000212 0
25001884 0
35000010 0
2005648 0
26016938 0
49001884 0
25000072 0
12000005 0
46005648 0
17016938 0
38000630 0
12000026 0
18005648 0
21000630 0
28000212 0
34000072 0
50808 0
38001884 0
24000005 0
27000010 0
42000630 0
4000630 0
16016938 0
9005648 0
38000026 0
34000010 0
14050808 0
49000072 0
36000005 0
31001884 0
37001884 0
2016938 0
27000026 0
16005648 0
29000026 0
3000005 0
35000212 0
22001884 0
48000212 0
14001884 0
7000026 0
20000026 0
16000212 0
9000005 0
3005648 0
12005648 0
18000026 0
31000005 0
21000072 0
2000005 0
19000630 0
43000212 0
28000010 0
26 0
31005648 0
10 0
39000010 0
38000212 0
26001884 0
4000212 0
37005648 0
6000072 0
32000010 0
22000630 0
3016938 0
5648 0
22050808 0
30000005 0
8000010 0
2050808 0
42005648 0
8001884 0
37000005 0
5000026 0
15000026 0
26000630 0
10000010 0
26000026 0
2000026 0
14000005 0
23000010 0
21001884 0
1016938 0
10000005 0
28000026 0
2000630 0
18000072 0
39000630 0
2000212 0
44000072 0
43000026 0
1000212 0
30001884 0
43000630 0
42000010 0
18000212 0
6000026 0
37000072 0
46050808 0
2001884 0
34000630 0
6000010 0
48000010 0
5000005 0
13000026 0
40000010 0
44000010 0
48005648 0
4005648 0
27000212 0
5000212 0
24000026 0
34016938 0
41050808 0
29001884 0
11050808 0
18000005 0
1000026 0
29050808 0
4000010 0
34050808 0
21050808 0
40000072 0
3000212 0
42000212 0
14000072 0
3000072 0
6001884 0
32000026 0
8050808 0
39050808 0
40001884 0
46001884 0
37000010 0
25000005 0
48000005 0
31000026 0
30050808 0
47000005 0
1000010 0
21000212 0
24005648 0
28050808 0
33016938 0
11000072 0
34001884 0
47000630 0
12000072 0
47000010 0
10001884 0
212 0
16000072 0
14000630 0
630 0
39005648 0
40005648 0
42000005 0
42000026 0
6016938 0
15016938 0
33000630 0
23016938 0
6050808 0
46000630 0
16938 0
10000072 0
42050808 0
20000072 0
14005648 0
24000010 0
72 0
41016938 0
20000005 0
33000005 0
47050808 0
48000072 0
5000072 0
26 304919666
0 0
10004181 10002658
19904482 20009814
29410124 30014422
38516417 40022059
47518439 50031430
56425547 60035089
65228437 70043068
73936926 80051920
82544111 90059308
91052734 100059490
99259703 110068846
107263735 120070093
114966397 130071176
122571932 140075957
129777003 150076430
136585563 160080526
143288192 170088075
149889957 180089836
156290358 190090356
162492759 200099137
168596909 210108473
174603266 220110923
180512899 230118900
186220086 240127230
304919664 0
50 663925722
0 0
118088589 131776634
128385417 106265252
128139205 136677115
103399579 120730218
124652715 101317509
116817262 101360635
129764133 132852730
101828340 119573644
110157362 137739826
106650710 113066842
118288122 113843909
97684423 144177409
90501263 105242758
113382050 118167831
572807882 276977467
294833428 973603940
147388315 839719074
454235975 737517723
75331834 255866545
256748305 452362972
347001914 879609339
488220734 193047510
981223415 138398210
209658435 599014523
51760182 978481700
672289094 744846053
514346896 458728060
690334813 284122032
392574011 800289812
929783631 669817857
495938149 965381894
657617320 224617059
814651134 495842816
751709361 111853295
416732620 742499321
474625012 8457666
201505177 616250886
607165449 962845746
414376621 35244944
13726645 816823884
561669937 318653156
777381216 538532091
822654124 928533185
581339349 320232381
842566590 67744487
33126381 511122980
588256391 191021091
686863907 543260053
507629701 402907526
50 812313044
0 0
271899726 209363678
269777581 183741399
270185925 204469277
269871734 180442493
271626872 183427256
270432373 202291495
273165898 219525391
272857639 198054856
272149651 195986845
272699429 215166111
270515799 195475867
270124596 199149031
271602382 208048512
273254629 203975218
818084292 992055382
67247035 713355511
705632563 899542553
750621862 204428608
579059895 904251768
562887660 595371198
401422376 569654968
126362173 318141009
510574887 711089503
815754673 455371254
922018481 768794057
625321929 251243823
815983044 230674396
475952280 5631942
189544209 398068012
242639747 866596855
579952366 860144854
612203759 162403134
366831742 138101281
894869401 215341973
810713171 945891638
368062958 310273413
628414422 64651899
628257755 346941484
654829090 991505661
612816071 296528780
547772603 429363923
660038320 238138000
243769942 216272000
614340012 988506952
855103807 285830504
145975358 856979759
19382894 287572525
278190158 758179117
973521090 386214636
3 900000002
0 0
500000000 0
900000000 0
50 673059561
0 0
108212502 413949461
104102674 411358589
111755569 407436432
118223583 422046905
119176822 410395621
113221965 422856275
99945667 425715584
89878432 416546449
95768389 420721530
90201691 408299654
119473903 439430447
111523819 427010550
87300698 412239382
92608396 421776574
107826911 421410699
110432683 418674589
96691866 431638284
110466091 422197105
97461825 438367394
59643461 820042348
21449807 530130017
138172497 7426169
717032538 63880569
961415139 179529128
219377470 136135018
574620392 999038585
167368542 869921280
346502533 251836754
113675743 656241707
333480550 459834400
979601485 233233021
104933720 122466788
572255140 681545190
714710647 88639634
908681983 443145325
825791694 626870461
634296630 782648142
699045063 963964191
143493320 203845520
339980538 512976554
364531492 215387142
85308422 914600930
166437685 531900034
40658094 284327308
744161708 132629780
365862802 374138644
349121784 576279545
110341087 470796522
559436157 921376925
18 203955890
0 0
10007286 10004366
19614651 20007201
29021975 30010976
38330445 40020924
47234090 50023779
55738201 60023974
63940299 70033393
71548376 80041227
79051935 90041596
86355286 100041596
93357645 110048741
100066612 120054724
106667435 130061441
113077295 140069283
119379448 150069862
125383939 160070545
203955888 0
2 10
0 0
0 4
50 615419963
0 0
149404153 454793577
160388007 450340663
135844590 445217316
145481047 450684986
156441947 445980603
153257006 438234321
141570338 434878907
136331378 439268460
138635989 434541845
127450226 438549289
155569247 450198573
123158513 451249230
127332757 449066720
133148825 436087916
167677665 448029886
121561251 449078766
137185527 438500577
130807787 443109209
132683342 444545397
134851806 449680157
364234956 186125413
390868264 638462029
660420424 123016228
896236448 202376250
959171794 127167744
589130772 353056618
779664872 286983804
323199267 437046647
987059619 674209439
137288709 32363193
103822254 971529848
36869528 26061770
297046355 420376850
2564350 49561859
776624031 849876229
36001642 61755148
700217177 140858988
116391568 426869906
481762508 213153954
340321698 865144369
218200987 440934303
727918107 929452470
219015469 850382211
377108003 903633726
788513271 58591440
30121288 366913064
245491186 892335526
312712376 66990816
969069027 542537541
3 1000000000
0 0
11 0
10 0
23 268130841
0 0
10007628 10009133
19916602 20019066
29325056 30027999
38525884 40031178
47633265 50032800
56440579 60041411
65143722 70047846
73651937 80051366
82053383 90058834
90359509 100064466
98569462 110072316
106679419 120074747
114180270 130076575
121587175 140082908
128796492 150088427
135198261 160095792
141504697 170101224
147614394 180104899
153517415 190111757
159319080 200117445
165027244 210126333
268130839 0
50 675821957
0 0
15217887 42779629
26283492 46308398
22434793 48019113
23014715 45287988
42099708 44024370
39655289 48931999
19277002 44571497
34574047 42292048
28052983 45114177
21880131 46049945
22644750 51056601
30583697 50551499
31753375 41993704
29060465 44756773
33565042 48030831
15159251 41874735
17278470 40825895
20550696 48663545
37677073 43534489
35705761 43996092
713475737 535589735
946855866 92059772
486363501 362638020
906423611 127758874
146220943 984483445
123598167 130644815
680691643 911539847
151572322 307964193
22852617 259076780
120214107 55119204
78756298 414460396
136416008 241361591
367085193 846162289
146410762 702833817
362795150 894617267
282723354 644730116
589306240 76270887
291425259 82095572
209854446 75669741
912669538 50365223
181010038 208591742
120131589 36267705
196748250 861701682
973294814 124220263
179339467 219600867
486577616 93508921
187386865 258095765
956774406 622993624
325827441 554472058
50 825051736
0 0
345896012 132508758
345373327 129452193
341814116 134674234
347551374 139837765
355517584 138815716
352237818 132354038
347582964 135296239
342611925 133607788
341069256 137166419
350154450 138560773
355521230 134660647
344814034 141353046
106242869 502390523
823025015 524135236
419481884 410681417
54449299 631340353
138700754 278792724
134113236 49546350
237140292 159037710
543906158 57337242
918386023 339335164
607967721 460674641
270617569 63762111
805816260 861746410
481387902 602182790
135386147 124149955
405341089 571825916
74216439 442482781
966618017 511583958
922265375 749757806
233614511 386099901
517408978 976714674
878777377 372315265
531352976 504038566
413892161 115917669
455252833 75259134
388450127 184794536
101072999 915736906
777483316 659067697
113766839 906889260
883555567 111387570
683213486 249152986
691635767 141413008
652996966 609946277
212220435 510770136
896870037 427778693
257009719 445834946
818150212 266795367
770833934 135787096
24 282854135
0 0
9901916 10004321
19702252 20010705
29102887 30015870
38403272 40018375
47613219 50026835
56614352 60036128
65521550 70039891
74324676 80046293
83028514 90047694
91531963 100051381
99834850 110059839
107941277 120061884
115844078 130065862
123551060 140069075
130858797 150070150
137960000 160075755
144865322 170075879
151667854 180078929
158268229 190082046
164673493 200084485
170582151 210090566
176384610 220099669
282854133 0
20 1000000000
0 0
12345681 0
16938 0
5648 0
72 0
212 0
26 0
10 0
333333335 0
1371745 0
50808 0
37037039 0
457250 0
152418 0
111111113 0
1000000000 0
1884 0
4115229 0
5 0
630 0
50 677157266
0 0
151807266 176894665
151539081 185534632
150913051 146202437
152157464 165886289
199311796 296082014
574690958 129709433
236616554 584008430
717295407 533803669
753779927 297820659
954771801 401473495
61537967 480708313
137990260 877062718
406736335 637760029
434492631 440106892
346804712 556939443
300819353 360933007
246101662 197182313
335558628 372004513
544899551 346030096
642112110 893244856
875470641 596727699
33252481 216803069
603123090 112087195
409907854 750547889
4537736 209419369
690127682 217196008
94258726 66075704
703835733 680634295
120741187 353511414
910450857 138328364
351777724 320062251
517244564 211270210
583274723 450395738
796425834 852803193
598564401 980690626
577418325 438537945
507857366 326551394
438638589 610670806
213735047 110980456
320399826 701062795
918258803 218272784
136864840 863043860
543678155 865033882
71061648 840700573
831545290 516935695
836997946 981512505
45299067 35839366
486235104 206758863
912078408 628573790
50 707255826
0 0
416375973 305530730
411572209 327178209
415964664 316084633
422418335 301139975
428400687 321109756
427562135 300152034
426029753 327067193
428716622 306402675
412671649 306350785
422368680 323136467
419997341 322749139
429237279 335098274
412566116 318002402
424408755 300939087
413720348 316995502
416995291 341264766
432090942 310473977
413274011 325188807
173002606 221389873
133584523 142930164
64564349 127052251
689442530 928682751
114646704 89816339
551291986 316953165
17565625 132688302
76919591 131761079
266222407 234262547
609707131 99568484
44804919 107939561
838139053 29621931
339388427 199420528
753959819 295815494
464837581 42517543
116423768 704841123
700287639 637840187
764892438 102524643
31207394 764851988
707184680 306851320
623804486 145854098
131058752 110993018
242754098 493886463
728149010 60494695
160063179 508976505
616916066 337856142
219994425 204868098
256804978 307571472
603386966 559382853
454416748 10764797
568122272 68224547
6 24
0 0
3 1
12 4
14 5
13 7
7 10
50 695945230
0 0
324601718 315877112
317102895 334778208
314950559 316862914
313739543 316310336
343604934 329193681
335484988 312954958
332851351 325211579
301383012 346768382
333450697 332358866
328368847 308975263
328179526 308697642
333773781 337898921
317139552 325145271
325394225 336237556
306068875 331299206
325500733 315802777
330342222 345237034
341419616 316552331
303792525 310410105
322785460 333523553
312109540 327969697
313071908 332660720
310294905 319463278
328050830 329021361
694860591 855191614
950615538 47919986
508472944 697054660
107920488 735194528
962928545 17487483
50086034 858983422
876085544 29322037
155505365 369705107
558410655 905894996
381672606 239547247
872358697 424771149
265596083 76387350
471398403 117413002
516816850 72628238
182595892 85331055
793039021 889575205
937495191 729972835
427027495 596170911
331365439 298484488
168488323 534947983
246447757 146810336
28648726 218574358
588279465 122533302
880944650 184154091
276217690 146690120
50 902076170
0 0
438904835 201572069
418489213 228554423
874459131 682414
235601070 32113190
34167715 502070392
487351186 140173533
581367423 219700272
263580957 233214779
906536221 258944095
36772582 87796504
924774222 985970818
830921752 948761568
703354089 403262999
88973871 680753219
337904018 325659789
227142227 691017315
119434455 163892983
17091749 931702944
963816134 846409938
200996683 252692819
245382704 850500202
70200474 688347869
921562649 826750128
85694223 186297783
126610639 680615222
519102393 974983157
923744725 51384862
307164213 350024145
30777364 479615166
805274956 248654437
939671752 221197734
385090717 32417183
816636480 911622560
610548850 402182467
654875286 632968966
483469168 811545533
499893403 900257991
579524471 406185994
592483778 273972404
807103978 517735046
345234555 719094417
770479279 326206371
528746868 121495633
601110799 77643493
178814282 412040584
633238319 406385755
291319291 118486034
30108594 870845388
125544207 107955771
26 300896117
0 0
9908131 10003325
19709841 20003451
29218311 30006103
38427534 40015513
47231592 50023105
55932006 60028344
64133090 70031143
72240047 80031857
80147773 90040376
87751525 100049588
95261394 110052533
102564205 120057709
109773006 130059978
116881359 140069536
123682956 150075620
130389233 160080824
136992725 170082788
143494582 180083562
149800311 190090245
156005140 200096419
162111793 210103700
168116772 220105409
174023737 230113950
179728282 240119877
300896115 0
50 960467936
0 0
359991226 194845685
345799532 161077077
387908846 22334982
591313492 391091185
99527851 865036214
250198952 732853814
165418241 516677340
196285753 381690930
276192190 41268864
615755630 211608254
119764672 509887186
110919287 686730762
147198697 649296072
244624221 31589325
100731660 300719389
640481776 741957620
732940310 107747442
130082424 987489992
231097529 973365509
690918075 573912269
306766083 330625380
847302720 941117027
175324309 472184324
513453188 43588474
107713080 451516499
813920038 981725170
668455932 227477752
729290176 924839325
956428651 668170982
968890371 973914398
568388370 909676663
869940457 609372147
449378491 153845032
127210541 852539234
426451503 680476021
863617753 818128616
611761996 585733938
57918263 563436826
459541652 787086305
91119157 423887803
258129326 567254732
647248836 905039195
829878520 926585258
447272592 376539012
202969762 638823523
401016538 416162964
878051463 771358132
925203165 123473348
976012582 179946307
25 293140642
0 0
9804295 10002851
19512489 20003831
29019416 30005044
38320824 40009573
47422555 50018076
56425625 60022205
64928055 70027173
73328573 80031395
81637030 90037132
89738209 100042255
97745319 110044505
105653017 120046332
113357069 130051575
120864449 140054986
128269122 150060377
135473268 160067787
142576784 170073953
149478387 180080874
155984313 190089545
162385131 200096254
168586289 210101269
174587003 220106533
180293593 230114734
293140640 0
50 626107206
0 0
304951693 29710468
310363117 26667425
309385891 8606289
302655299 19149073
309903033 8236131
307999036 17453514
304036663 6027186
308011849 13046084
304203933 28591853
309499782 8174841
308687400 13333801
305317012 20466867
305576313 25436368
303647216 13752460
308129394 10725299
304481483 12366217
307595914 15109492
968217462 404196431
302539390 452456682
235745791 858504292
427355115 802205057
272796157 388391521
280631491 452888574
204462951 126401947
521035021 210359231
738393740 40610537
983614030 19485054
655035325 291554098
4187516 905241081
962033002 371653516
707746139 47372231
73785404 372261796
628974580 333582338
786039021 894519218
605539862 931513970
586235379 21784812
262692685 32894977
338299904 859031536
985433483 543324176
606199759 395279207
435889744 358984857
378469911 344593499
488663950 272020127
29777560 33505236
257675105 345367818
392740049 991810563
216588711 965421244
151519934 319041805
66077375 845563291
