100
10 965
0 0
391 372
392 349
380 362
292 988
743 795
829 144
682 390
541 340
826 569
2 1
0 0
1 0
10 737
0 0
217 495
213 496
929 135
22 802
69 58
393 167
11 456
229 42
421 373
10 667
0 0
432 281
434 271
470 270
461 272
430 273
995 745
171 422
569 295
801 559
10 588
0 0
364 423
363 420
373 457
883 534
567 764
800 697
674 67
433 335
457 490
10 788
0 0
233 441
228 459
232 462
231 446
705 269
733 404
734 799
315 819
87 435
10 657
0 0
120 290
108 299
104 303
323 990
100 50
75 954
42 364
659 624
289 919
10 643
0 0
226 376
240 398
251 411
249 404
255 403
784 506
842 21
528 868
872 189
10 623
0 0
233 335
249 319
234 337
227 323
887 682
981 479
439 408
628 446
843 258
10 712
0 0
314 583
116 476
892 820
528 525
525 839
136 490
618 360
337 643
582 928
8 1000
0 0
15 0
39 0
335 0
4 0
1000 0
7 0
113 0
10 622
0 0
95 360
84 380
87 403
776 529
443 404
613 763
606 538
904 840
128 818
10 658
0 0
398 295
407 278
387 284
81 325
516 516
231 2
796 139
338 404
218 580
1 1000
0 0
2 1000
0 0
1 0
10 845
0 0
346 63
304 343
981 956
666 475
967 11
192 912
902 729
131 868
174 2
10 591
0 0
383 308
415 302
504 12
759 807
525 358
117 894
636 158
560 90
614 626
10 895
0 0
98 353
92 358
89 345
85 366
83 361
90 340
376 684
936 542
445 107
6 24
0 0
3 1
12 4
14 5
13 7
7 10
10 800
0 0
422 135
407 131
819 581
732 336
994 155
379 4
273 769
850 776
860 255
10 508
0 0
387 43
374 46
340 568
311 422
605 810
661 801
878 730
320 305
444 736
10 673
0 0
345 415
343 394
344 419
665 352
69 511
361 517
351 83
300 112
638 506
10 610
0 0
468 367
455 369
454 386
751 349
339 530
165 704
302 986
79 625
547 591
10 959
0 0
211 52
218 51
220 63
0 705
457 562
348 832
17 461
169 807
569 497
2 1
0 0
2 0
2 1
0 0
0 1
10 730
0 0
814 545
434 367
43 364
87 750
276 808
788 178
403 584
754 651
932 399
4 1000
0 0
42 0
258 0
6 0
10 531
0 0
33 316
28 312
742 464
86 330
349 515
186 915
11 881
133 634
722 387
10 561
0 0
89 370
86 371
61 378
94 378
97 601
317 902
652 492
301 756
286 280
10 680
0 0
344 28
331 22
320 22
982 433
487 181
296 415
404 825
892 722
297 551
3 1000
0 0
11 0
10 0
10 734
0 0
283 205
276 205
281 212
278 194
431 847
682 462
292 390
57 791
521 115
10 909
0 0
169 432
133 333
890 648
567 754
368 746
500 529
788 46
249 797
303 990
10 721
0 0
421 270
829 667
180 671
95 743
24 899
154 88
569 386
969 232
373 710
3 999
0 0
1 0
500 0
10 984
0 0
316 149
325 138
309 146
930 492
34 422
308 685
780 94
644 708
545 802
10 708
0 0
348 449
62 957
933 125
496 797
141 418
726 153
980 474
485 393
305 948
10 942
0 0
350 359
366 332
350 367
353 340
567 927
497 856
586 353
306 965
219 683
10 591
0 0
45 345
40 369
33 376
338 888
770 566
856 284
606 417
849 260
205 237
10 824
0 0
295 168
292 166
298 173
270 175
287 166
346 769
72 107
740 391
623 411
10 754
0 0
206 174
184 180
177 176
221 175
225 190
137 235
153 691
573 943
925 328
10 633
0 0
259 139
233 133
140 422
43 968
339 255
25 766
653 936
52 260
957 220
3 1000
0 0
240 0
239 0
10 903
0 0
119 209
127 228
124 257
132 228
130 248
339 134
215 692
504 127
49 629
10 534
0 0
152 125
975 996
157 188
436 729
414 460
460 921
28 304
50 27
556 748
10 625
0 0
152 401
148 383
126 397
796 149
618 723
846 245
921 451
379 555
764 488
10 507
0 0
187 60
596 677
865 981
36 560
770 955
211 518
532 342
379 196
270 321
10 570
0 0
90 342
89 349
88 332
62 300
629 786
100 763
397 508
775 416
544 982
10 929
0 0
57 282
54 261
62 266
53 246
412 283
382 127
693 421
439 334
421 334
5 812
0 0
0 2
6 0
44 0
300 0
10 1000
0 0
0 448
0 432
0 426
0 512
0 416
0 428
0 384
0 427
0 424
10 793
0 0
48 455
36 493
49 493
45 474
503 173
254 887
57 673
823 481
396 929
10 541
0 0
392 144
406 123
62 853
686 303
432 842
807 534
834 810
596 869
984 815
10 986
0 0
141 295
141 289
137 293
134 300
135 295
184 192
366 419
74 662
823 499
10 908
0 0
277 131
494 427
543 819
123 581
187 768
643 639
988 438
320 394
98 680
10 522
0 0
138 418
118 423
129 416
857 759
499 744
127 911
236 950
818 560
563 105
10 697
0 0
343 361
187 37
602 861
360 981
879 88
941 620
924 293
135 628
162 708
10 943
0 0
138 358
137 329
123 318
693 950
339 633
494 880
213 293
382 854
475 444
10 887
0 0
304 190
302 159
303 168
297 184
631 80
857 593
312 627
214 886
512 355
10 611
0 0
334 389
777 87
657 99
952 566
641 17
368 735
184 298
776 195
266 805
10 920
0 0
487 195
481 207
486 179
452 185
462 209
305 281
84 925
336 327
846 505
10 705
0 0
393 134
425 112
409 116
405 150
520 798
221 563
883 660
267 616
382 223
3 12
0 0
3 0
3 4
10 689
0 0
477 221
478 211
772 499
644 725
505 590
954 139
669 786
542 82
197 464
10 985
0 0
96 16
97 31
96 39
573 30
59 714
47 522
82 924
232 435
954 204
10 545
0 0
310 336
134 366
281 759
973 742
638 401
413 171
899 958
484 422
661 755
4 869
0 0
0 2
0 10
0 100
6 511
0 0
385 22
392 30
391 30
356 31
372 25
10 642
0 0
404 225
402 236
409 215
425 210
346 571
138 683
495 225
421 540
226 972
10 529
0 0
39 369
35 368
353 386
948 426
36 794
107 506
417 92
921 664
480 820
10 660
0 0
235 60
246 62
662 850
399 482
154 217
15 173
851 506
790 364
491 263
10 560
0 0
341 245
289 637
607 483
757 478
471 314
100 729
618 459
25 438
74 388
10 668
0 0
423 447
428 428
969 538
170 636
844 956
649 760
465 814
326 314
183 886
10 733
0 0
168 358
165 358
170 370
677 367
690 234
524 626
614 57
205 168
312 358
5 1000
0 0
340 0
84 0
20 0
4 0
2 1
0 0
0 2
10 511
0 0
109 378
81 53
338 114
426 989
147 67
787 223
532 231
281 122
850 875
3 1000
0 0
32 0
31 0
10 627
0 0
924 258
62 637
600 624
452 36
379 899
468 550
973 71
881 131
933 930
10 660
0 0
96 260
104 258
49 498
861 154
334 906
325 3
428 784
763 797
115 633
10 729
0 0
333 304
287 304
743 856
227 491
859 365
432 936
437 551
275 228
474 407
10 560
0 0
55 126
50 130
54 128
88 111
288 82
365 336
736 43
802 447
856 309
10 550
0 0
420 265
589 614
993 768
805 918
822 882
717 982
93 30
126 574
486 593
10 944
0 0
368 112
41 683
723 848
272 324
154 122
821 335
365 457
171 747
269 776
2 10
0 0
0 4
10 540
0 0
203 296
631 109
264 673
548 735
877 295
833 313
949 198
155 355
468 793
10 531
0 0
298 256
305 256
10 902
726 480
789 583
708 140
938 723
493 557
710 431
10 533
0 0
249 68
962 999
483 297
154 776
309 977
932 587
21 382
563 266
682 860
2 10
0 0
4 0
3 50
0 0
0 9
0 10
10 561
0 0
146 346
175 346
879 313
316 634
585 914
765 775
930 986
892 626
629 616
10 758
0 0
17 28
13 22
295 635
107 598
937 741
976 570
584 540
83 801
492 800
2 1000
0 0
1000 1000
10 539
0 0
260 239
250 227
253 214
400 743
21 550
788 485
190 720
634 140
325 647
10 854
0 0
345 44
205 610
704 960
557 911
403 829
892 816
522 821
443 605
361 579
10 974
0 0
277 480
268 471
260 482
250 479
127 356
368 410
569 631
341 128
374 446
3 50
0 0
9 0
10 0
10 622
0 0
345 135
336 133
331 127
335 137
337 131
651 71
910 149
639 528
888 398
10 656
0 0
64 328
63 337
65 319
29 694
511 14
491 836
886 660
70 923
144 294
