Case #1:
0.500000
0.500000
0.500000
Case #2:
0.645833
0.368056
0.604167
0.395833
Case #3:
0.424769
0.694444
0.500000
0.462963
0.505208
0.378472
0.561632
0.305556
0.641493
0.500000
Case #4:
0.329861
0.222222
0.921875
0.538194
0.631944
0.361111
0.652778
0.276042
Case #5:
0.263889
0.736111
0.500000
0.708333
0.291667
Case #6:
0.579861
0.522569
0.631944
0.647569
0.222222
0.315972
Case #7:
0.619792
0.586458
0.339583
0.543750
0.346875
0.551736
Case #8:
0.524306
0.508681
0.552951
0.469618
0.432292
0.479167
Case #9:
0.458333
0.625000
0.375000
0.541667
Case #10:
0.555374
0.544772
0.374054
0.460060
0.513707
0.407282
0.603105
0.550443
Case #11:
0.500000
0.375000
0.625000
Case #12:
0.281250
0.416667
0.250000
0.968750
0.416667
0.354167
0.687500
0.444444
0.500000
0.781250
Case #13:
0.625000
0.597222
0.569444
0.541667
0.513889
0.486111
0.458333
0.430556
0.402778
0.375000
Case #14:
0.000000
0.187500
0.250000
0.500000
0.750000
0.812500
1.000000
Case #15:
0.302083
0.390625
0.177083
0.666667
0.791667
0.760417
0.562500
0.451389
Case #16:
0.597222
0.458333
0.430556
0.625000
0.541667
0.513889
0.569444
0.375000
0.486111
0.402778
Case #17:
0.559146
0.563396
0.419060
0.436568
0.454971
0.506619
0.572872
0.509386
0.560083
0.373690
Case #18:
0.437500
0.333333
0.687500
0.671875
0.500000
0.354167
Case #19:
0.500000
0.500000
0.500000
0.500000
0.500000
0.500000
0.500000
0.500000
0.500000
Case #20:
0.511020
0.519592
0.372800
0.499762
0.460101
0.538926
0.455540
0.646737
0.474202
0.536412
