1
7 3
1 1
3 1 4 6
1 1 

1
10 3
1 1
2 2 2
1 10


4
4 3
2 2 2
2 1 1
2 1 3
4 3
2 2 2
2 1 1
2 3 1
6 3
2 2 5
2 2 4
2 2 3
7 3
2 1 5
2 3 3
2 2 4

7
100 4
3 8 6 4
2 5 10
4 1 3 3 7
4 50 14 23 8
20 3
3 4 6 8
2 5 10
4 1 3 5 5
5 3
3 6 4 8
2 10 6
4 7 3 1 7
6 3
2 1 2
2 3 5
2 1 0
200 3
2 100 100
2 97 99
3 2 4 1
20 3
3 4 6 8
2 5 10
4 1 3 5 6
200 20
20 1 1 1 1 1 1 1 1 1 1 1 1 1 1 1 1 1 1 1 1
20 1 1 1 1 1 1 1 1 1 1 1 1 1 1 1 1 1 1 1 1
20 1 1 1 1 1 1 1 1 1 1 1 1 1 1 1 1 1 1 1 1
20 1 1 1 1 1 1 1 1 1 1 1 1 1 1 1 1 1 1 1 1
20 1 1 1 1 1 1 1 1 1 1 1 1 1 1 1 1 1 1 1 1
20 1 1 1 1 1 1 1 1 1 1 1 1 1 1 1 1 1 1 1 1
20 1 1 1 1 1 1 1 1 1 1 1 1 1 181 1 1 1 1 1 1
20 1 1 1 1 1 1 1 1 1 1 1 1 1 1 1 1 1 1 1 1
20 1 1 1 1 1 1 1 1 1 1 1 1 1 1 1 1 1 1 1 1
20 1 1 1 1 1 1 1 1 1 1 1 1 1 1 1 1 1 1 1 1
20 1 1 1 1 1 1 1 1 1 1 1 1 1 1 1 1 1 1 1 1
20 1 1 1 1 1 1 1 1 1 1 1 1 1 1 1 1 1 1 1 1
20 1 1 1 1 1 1 1 1 1 1 1 1 1 1 1 1 1 1 1 1
20 1 1 1 1 1 1 1 1 1 1 1 1 1 1 1 1 1 1 1 1
20 1 1 1 1 1 1 1 1 1 1 1 1 1 1 1 1 1 1 1 1
20 1 1 1 1 1 1 1 1 1 1 1 1 1 1 1 1 1 1 1 1
20 1 1 1 1 1 1 1 1 1 1 1 1 1 1 1 1 1 1 1 1
20 1 1 1 1 1 1 1 1 1 1 1 1 1 1 1 1 1 1 1 1
20 1 1 1 1 1 1 1 1 1 1 1 1 1 1 1 1 1 1 1 1
20 1 1 1 1 1 1 1 1 1 1 1 1 1 1 1 1 1 1 1 180

5
12 3
3 6 4 8
2 5 10
4 1 5 3 5
100 4
3 8 6 4
2 5 10
4 1 3 3 7
4 50 14 23 8
20 3
3 4 6 8
2 5 10
4 1 3 5 5
5 3
3 6 4 8
2 10 6
4 7 3 1 7
25 3
3 6 4 8
2 10 6
4 7 3 1 5