30
447
28 113
495 217
213 27
431 196
275 257
493 447
347 452
41 107
245 158
331 267
271 134
197 508
116 106
508 154
309 332
137 463
87 474
241 34
383 225
247 398
22 92
214 459
10 411
105 139
267 250
315 369
360 262
158 327
37 440
285 368
376 177
172 115
152 488
10 45
8 479
352 44
216 260
484 199
23 223
490 48
418 267
133 314
489 131
374 506
12 1
275 246
253 291
137 421
92 315
226 180
73 97
93 501
467 227
425 254
399 488
184 501
301 134
244 126
209 211
272 403
279 117
380 457
498 468
277 381
252 320
393 89
433 41
57 442
249 44
245 485
28 148
428 81
58 304
317 28
336 174
102 58
457 362
240 107
342 199
20 277
137 175
207 168
30 453
410 135
232 419
392 279
33 160
510 427
226 35
342 471
291 53
367 67
189 112
418 20
230 450
150 490
31 257
63 488
120 157
183 37
420 389
42 310
20 152
163 421
182 126
369 23
198 267
24 458
429 422
329 315
342 411
162 203
328 477
351 104
9 104
366 4
202 13
306 505
121 106
137 303
477 492
107 142
10 505
83 424
363 222
451 401
337 52
329 129
301 163
297 312
247 291
149 379
241 83
260 23
223 271
198 155
270 307
281 461
285 289
475 257
215 209
298 296
281 458
1 276
495 469
504 2
103 347
102 411
282 414
128 401
116 127
409 273
300 19
135 47
60 259
463 254
497 336
19 384
103 503
92 188
9 237
12 177
400 493
207 19
104 166
486 252
330 154
465 113
377 121
265 93
137 428
426 231
346 92
76 158
178 318
205 318
1 107
308 295
248 357
208 57
291 166
304 42
463 460
465 394
111 283
320 293
100 300
320 227
99 169
193 165
447 109
286 179
117 100
400 417
65 281
483 148
487 317
82 93
508 320
277 131
150 266
139 497
47 62
180 69
375 101
121 468
121 91
415 375
279 404
327 167
129 448
472 244
321 99
307 326
17 7
218 85
471 294
247 206
60 63
335 228
489 216
417 171
253 107
227 215
13 267
269 290
441 74
190 470
478 455
252 72
82 205
281 305
262 385
337 342
26 26
320 362
423 86
481 264
435 10
332 151
33 313
167 105
315 135
489 360
124 106
229 181
498 48
455 55
193 351
355 36
449 29
62 299
63 54
17 185
423 92
219 177
87 486
73 442
446 218
357 436
276 416
141 72
66 81
328 251
334 431
454 356
22 7
123 294
445 129
274 123
150 274
194 475
279 302
256 182
216 138
112 149
506 344
83 365
288 75
247 71
64 116
183 485
261 100
165 400
445 246
341 481
464 469
218 106
73 497
450 372
248 430
267 318
89 371
125 396
216 120
146 318
68 463
102 210
279 294
406 404
333 443
153 431
284 80
488 319
301 43
410 173
96 78
400 143
278 363
25 383
39 131
104 501
486 412
178 264
235 178
296 403
456 481
270 420
420 172
253 58
246 60
33 123
343 437
451 37
507 203
113 122
86 99
453 504
2 84
356 301
304 367
488 17
482 77
335 16
401 490
96 126
91 74
60 106
302 192
247 131
144 121
244 259
500 427
185 145
392 158
360 156
196 446
443 342
90 354
249 149
427 298
123 221
238 300
298 213
273 417
101 258
465 346
95 141
87 406
96 490
478 39
131 54
431 314
375 337
312 289
22 375
333 277
250 234
229 12
290 271
34 325
259 454
451 263
26 334
430 141
445 51
332 498
344 186
415 26
209 127
44 499
144 122
350 499
511 254
450 51
32 387
93 175
420 37
366 1
512 511
382 84
255 185
305 493
483 348
499 279
220 54
139 160
473 89
512 246
350 80
323 97
152 509
317 326
407 440
325 258
260 380
36 288
54 221
498 302
46 23
306 199
202 45
444 26
244 140
475 452
224 290
175 158
260 380
331 419
287 293
476 140
238 377
400 371
277 418
421 380
380 140
97 20
19 130
145 325
113 419
119 63
28 469
262 446
343 39
88 149
472 282
203 71
91 273
401 204
373 173
233 102
468 12
135 18
431 113
48 224
144 5
28 113
-1
378
475 348
231 172
348 113
502 294
226 26
211 461
59 454
308 371
161 377
242 287
403 136
358 390
147 402
263 127
127 464
36 417
433 417
216 298
416 269
200 288
16 22
254 190
94 415
231 483
252 465
409 228
449 337
149 116
217 416
227 181
386 340
345 434
92 137
329 12
354 253
217 58
136 468
485 233
290 360
384 483
287 370
335 489
58 208
476 195
28 250
401 114
109 381
140 194
376 140
268 195
472 367
227 64
224 116
381 470
191 95
83 39
510 249
170 138
86 504
494 238
492 497
361 251
90 20
106 86
153 282
234 456
166 348
414 304
372 260
364 436
135 134
154 224
77 46
307 433
300 484
374 387
188 287
29 107
36 250
212 308
72 192
147 408
62 11
370 329
442 12
203 105
208 102
93 330
494 53
396 354
503 323
65 135
380 125
307 119
222 273
306 311
399 116
179 409
364 471
117 65
14 386
367 222
467 192
471 154
158 190
217 262
105 279
291 239
409 357
168 399
51 76
327 247
409 276
283 480
331 19
101 119
203 133
486 53
29 511
221 187
107 49
278 201
348 191
307 369
443 231
72 193
93 37
282 262
307 84
21 485
264 117
488 392
354 319
379 283
468 310
502 235
382 110
123 185
4 414
333 366
183 509
178 117
139 423
102 275
369 469
432 228
511 414
176 475
278 436
234 264
108 328
191 155
171 399
418 219
301 457
9 477
500 299
57 199
498 119
69 78
404 182
323 141
380 314
223 139
115 45
197 450
82 403
280 364
502 137
288 202
102 106
305 382
152 388
426 198
487 504
212 158
459 3
99 334
491 507
351 267
24 43
263 330
362 92
68 269
73 283
27 309
496 228
157 509
30 378
408 320
279 347
500 295
83 451
225 495
65 185
201 410
135 5
288 385
358 117
393 318
326 360
456 1
309 211
397 380
304 485
120 228
383 504
44 319
78 429
316 163
45 264
6 150
61 12
25 198
18 452
207 187
418 474
456 101
394 305
158 36
38 266
285 405
335 217
354 334
473 440
352 17
468 198
193 315
318 415
385 266
477 152
240 343
92 492
301 467
88 509
401 370
286 178
371 443
14 259
491 429
402 290
105 197
51 337
491 147
275 124
409 101
103 470
449 394
107 11
213 283
283 261
185 56
31 268
419 470
369 490
485 55
120 109
287 489
4 74
357 320
163 374
105 293
291 100
396 170
204 87
392 382
109 131
176 365
484 98
260 4
302 420
81 110
344 34
139 399
87 234
471 38
167 151
88 377
248 154
334 344
283 482
310 34
371 14
232 497
443 64
381 426
300 371
442 435
382 359
469 141
177 19
291 405
420 316
304 177
186 359
365 435
441 455
345 255
35 53
65 417
495 175
69 512
105 384
389 93
43 194
76 74
72 286
436 88
312 428
21 314
338 285
1 388
307 167
390 395
199 275
495 81
285 39
8 130
443 82
254 75
9 254
168 302
255 164
24 153
215 127
101 447
90 296
378 353
146 233
139 183
45 405
383 477
26 184
139 162
407 321
262 157
13 391
108 377
422 133
332 323
255 124
87 306
76 228
281 135
29 27
429 476
449 70
201 416
226 448
225 243
178 40
225 346
356 374
246 85
400 354
284 297
386 192
259 323
250 150
483 162
457 176
173 498
103 506
314 275
405 512
419 348
433 416
348 85
113 136
200 14
15 256
44 491
450 417
181 182
407 401
278 446
134 20
475 348
-1
293
151 18
315 173
381 233
16 265
209 478
297 275
368 394
409 176
339 257
23 298
331 413
229 156
211 106
494 273
247 448
269 265
86 150
41 76
280 250
200 66
409 327
500 216
205 467
120 38
290 68
299 15
437 106
288 422
207 30
259 472
137 189
355 190
190 234
198 155
298 340
445 316
332 404
99 225
97 187
417 348
415 495
34 119
34 61
510 31
448 379
497 373
65 412
440 406
506 68
474 307
364 490
361 248
510 318
373 326
489 251
280 501
90 364
26 51
125 469
213 194
380 373
213 191
35 179
270 113
501 170
338 450
242 395
167 39
374 340
489 266
309 358
308 186
125 182
34 76
194 342
46 229
6 34
419 294
323 190
45 397
71 274
112 37
192 272
350 275
155 276
230 313
412 162
226 138
386 82
498 293
510 48
93 159
200 54
86 189
347 27
58 409
28 205
79 21
200 345
65 146
168 227
335 50
470 89
358 265
453 274
2 424
238 447
461 216
264 343
278 362
353 278
253 349
150 108
60 30
440 123
147 195
80 306
176 51
322 286
295 187
96 185
480 96
344 164
442 48
39 52
289 110
286 344
172 204
266 213
480 115
180 152
23 311
282 370
387 497
201 456
108 117
279 119
50 187
154 166
307 357
292 4
395 130
300 265
314 375
249 371
171 334
468 351
394 386
184 342
444 211
454 502
283 372
124 199
397 336
203 474
32 297
450 148
418 59
174 447
465 17
311 203
472 6
150 158
47 449
232 95
490 37
163 95
384 46
22 276
311 477
397 71
344 163
120 303
414 326
310 446
345 468
279 131
15 140
349 117
129 212
350 493
276 364
186 122
73 278
159 77
54 428
181 217
112 196
401 299
104 47
441 139
480 94
81 149
62 30
89 81
39 325
510 12
75 509
219 40
240 247
387 503
60 297
193 494
195 261
411 417
502 13
344 203
205 376
137 382
79 247
217 358
448 335
226 490
212 427
109 317
378 64
53 219
8 231
360 506
206 44
116 456
348 294
269 373
483 367
205 121
231 490
60 438
209 148
406 506
273 506
169 4
340 491
233 75
106 353
364 464
33 428
480 406
407 445
455 474
430 111
192 43
395 416
483 257
50 340
416 82
340 478
30 358
145 106
11 299
396 24
29 220
299 475
330 391
157 176
195 121
94 512
79 236
81 191
474 401
85 428
124 423
98 354
504 296
159 390
186 148
106 468
129 449
409 350
103 106
132 168
285 119
498 44
142 372
29 189
410 381
258 446
83 212
253 292
240 151
348 123
388 245
78 344
258 4
199 271
285 257
383 491
368 307
259 70
232 234
120 394
4 51
310 4
151 18
-1
106
294 417
225 4
465 416
235 60
157 43
236 284
508 86
64 6
24 492
55 418
47 13
353 491
331 59
376 375
310 125
22 305
171 223
14 453
102 295
110 101
9 183
160 168
240 380
477 349
282 435
509 173
161 262
321 148
328 1
370 332
73 19
355 63
282 405
478 96
57 63
143 159
4 186
419 286
226 377
373 376
191 473
181 455
500 50
461 337
104 238
487 465
480 320
57 189
466 257
432 8
367 44
399 410
466 190
112 50
179 437
70 283
145 73
21 95
197 449
485 354
292 185
477 37
438 149
46 351
380 315
52 159
165 477
487 437
20 227
275 353
172 55
457 293
18 495
344 311
218 431
234 65
177 3
321 311
356 493
177 495
134 274
298 377
80 139
423 256
494 503
467 290
319 237
55 138
431 455
55 301
17 285
325 233
172 142
129 230
356 277
197 484
481 201
203 492
204 379
67 438
297 165
336 365
8 418
434 90
413 137
294 417
-1
32
6 213
144 477
252 8
203 276
323 383
175 397
34 361
230 322
452 154
303 76
410 170
441 165
20 176
49 95
449 199
394 168
275 471
244 74
219 298
62 418
277 349
136 456
71 98
40 24
266 286
433 249
51 362
406 446
150 241
219 102
343 32
6 213
-1
253
185 327
274 439
127 241
34 481
293 177
49 497
439 190
210 150
485 198
40 96
390 113
467 497
414 297
442 423
27 339
217 451
144 77
30 77
19 251
477 259
415 320
392 168
141 291
196 344
443 389
395 320
86 192
229 288
445 343
392 163
409 322
291 461
463 98
5 438
391 44
258 478
288 275
439 436
41 474
139 310
80 251
240 25
483 351
180 433
267 381
396 118
483 503
443 328
133 270
284 36
155 92
413 500
82 450
28 6
92 71
301 508
124 465
15 308
34 188
286 171
39 412
286 359
428 49
410 181
139 81
44 495
206 345
182 415
173 467
91 445
458 405
20 260
179 496
490 302
56 90
186 456
498 46
366 454
158 230
445 108
407 478
398 395
354 512
329 127
493 298
448 96
410 418
104 345
286 65
89 102
234 468
432 134
15 238
465 385
180 329
25 37
363 501
204 321
123 177
5 110
472 265
149 456
253 401
295 175
266 269
463 45
298 55
222 209
74 150
403 474
106 460
54 71
364 191
424 303
290 444
42 469
455 321
102 257
144 217
465 414
93 321
87 330
313 415
38 409
441 319
301 273
405 224
5 434
424 463
223 134
175 205
31 318
59 405
328 201
51 101
462 27
33 99
497 450
80 430
225 415
332 348
314 219
202 435
23 132
193 298
392 106
36 379
180 213
337 38
335 356
51 306
411 432
154 420
164 3
179 499
367 89
126 102
317 257
146 429
95 399
462 82
112 322
461 127
138 11
60 124
417 133
137 221
186 2
267 476
349 325
356 152
239 331
152 430
488 156
93 312
49 334
72 380
308 27
6 405
108 473
416 360
41 385
242 363
197 333
103 232
430 108
29 452
472 339
308 30
179 269
64 427
50 10
129 182
2 92
418 505
152 509
205 73
105 376
78 359
38 381
378 304
6 338
259 9
93 156
404 249
510 16
297 188
251 406
341 162
278 375
225 467
315 303
67 282
166 325
206 67
173 138
348 474
379 324
489 489
24 413
508 420
108 346
303 112
112 406
68 93
151 313
318 59
300 159
3 31
85 118
478 241
313 236
438 318
194 18
43 469
116 76
155 480
461 265
200 295
236 60
345 417
82 132
189 35
349 272
338 445
306 189
400 494
471 442
431 57
209 126
238 146
275 303
185 327
-1
409
188 471
273 406
488 2
312 314
170 263
500 283
497 66
319 326
304 416
471 183
350 401
115 59
38 329
70 376
484 71
484 246
405 15
459 13
357 354
36 348
26 376
279 76
344 332
199 387
473 322
191 7
48 66
121 501
5 99
434 360
155 383
239 126
290 277
416 151
186 285
278 182
490 512
305 72
483 16
201 99
92 139
307 215
49 77
317 350
227 404
181 241
197 411
471 433
460 312
339 262
214 348
152 510
130 271
245 70
72 165
179 155
261 463
246 205
126 423
289 144
499 133
207 207
265 153
289 418
213 422
316 309
398 486
237 68
108 208
367 56
341 55
484 70
198 490
126 362
352 150
259 63
210 124
360 324
314 83
201 201
293 357
52 266
453 258
358 97
6 209
207 25
32 37
17 360
455 212
266 174
171 415
367 46
449 437
234 66
155 26
313 183
499 64
339 200
145 169
251 504
132 200
87 469
295 21
14 344
153 1
269 458
124 385
508 385
398 420
504 152
123 82
131 444
315 60
403 289
375 83
450 344
5 259
146 246
385 111
477 420
373 441
271 153
409 271
278 222
341 348
32 143
341 310
136 280
61 392
462 398
483 149
408 198
429 210
375 11
97 282
335 42
389 293
26 454
445 49
325 304
133 324
125 151
140 61
453 170
286 212
502 472
287 84
218 303
54 428
332 243
15 171
79 16
400 340
281 419
502 27
316 436
164 357
225 24
357 276
198 429
313 206
320 28
228 64
201 499
55 33
10 328
412 78
19 361
123 369
285 253
367 406
187 465
128 4
499 302
166 419
119 25
165 9
198 337
45 456
110 219
400 37
142 165
261 351
383 269
267 409
209 90
131 228
271 133
468 423
498 487
264 79
499 7
41 469
12 332
386 185
460 362
177 326
149 398
45 230
294 217
191 5
339 106
294 363
327 451
129 191
505 241
430 247
318 125
437 270
65 294
308 239
71 227
99 352
210 497
140 339
99 308
182 187
153 198
209 70
42 428
511 95
248 189
480 326
193 380
336 88
151 496
405 347
407 256
209 162
62 32
504 5
506 328
121 126
239 239
429 270
289 442
418 486
305 227
473 3
65 289
109 135
140 298
75 82
339 78
12 186
42 185
79 469
330 265
59 143
80 257
13 304
221 33
129 322
27 327
91 416
25 68
39 211
428 445
61 502
66 255
421 216
49 329
271 206
237 17
511 155
192 396
256 383
61 106
351 432
354 279
45 488
366 447
208 347
119 221
484 222
246 26
443 189
134 56
88 493
399 466
34 125
214 306
376 133
31 427
230 488
173 224
333 253
50 113
160 112
165 320
57 419
37 246
98 232
57 388
155 66
217 281
389 6
106 26
456 506
307 293
74 9
497 285
289 385
343 8
71 269
379 29
106 148
42 440
90 398
210 195
419 455
3 510
76 117
234 63
427 453
347 366
473 354
436 35
455 79
222 381
182 290
323 132
312 6
275 315
41 25
440 417
300 69
174 252
305 341
52 359
262 512
6 180
200 121
173 437
48 499
389 230
299 216
109 374
209 104
417 347
323 372
100 243
27 335
96 200
316 173
489 421
358 115
384 65
452 473
378 464
200 458
170 123
62 177
267 135
509 295
232 224
400 443
274 351
235 25
321 209
176 506
149 21
260 160
315 167
300 61
93 145
90 474
341 290
104 503
497 355
388 495
88 225
406 48
39 39
245 221
149 123
88 337
352 142
250 432
194 32
292 19
347 452
280 462
254 94
34 175
177 336
168 279
407 77
278 444
397 454
162 149
90 32
248 174
293 485
373 103
247 424
103 492
113 438
377 179
14 208
196 336
199 212
413 465
135 275
507 267
441 245
34 133
338 301
188 471
-1
141
496 26
296 377
242 421
166 370
117 449
269 341
361 196
407 298
313 363
73 261
371 53
2 359
187 443
342 381
444 185
210 392
403 466
477 16
117 454
403 415
330 318
192 40
61 373
135 499
209 501
76 367
402 147
358 172
229 280
355 214
73 474
268 129
493 401
504 151
86 361
14 194
371 206
457 502
125 359
41 274
274 123
29 449
445 474
267 251
371 171
233 151
227 449
54 412
107 418
178 468
331 284
124 277
334 436
341 190
397 289
86 190
492 274
27 416
450 48
268 343
164 357
496 88
114 490
86 136
275 142
215 334
261 164
373 298
215 424
75 407
133 370
504 394
209 124
276 84
287 266
468 503
334 508
237 143
373 267
252 249
211 229
496 57
163 23
198 26
285 140
250 275
451 458
310 269
209 288
94 19
236 96
184 366
305 511
308 188
465 180
338 260
42 288
19 70
8 487
155 364
95 87
444 93
195 184
483 262
171 360
73 124
487 465
88 259
64 451
128 409
57 433
305 268
60 219
463 62
380 231
273 161
6 438
406 393
451 412
26 113
431 377
243 92
50 289
353 104
2 115
390 445
243 394
111 208
104 38
89 449
317 476
146 58
57 302
222 52
263 233
412 364
285 64
188 506
471 59
270 226
496 26
-1
104
310 107
9 383
97 39
108 196
412 274
307 336
208 33
470 96
21 13
432 146
131 112
265 201
275 97
380 186
61 406
169 181
130 65
161 497
425 121
86 382
45 410
453 198
421 63
229 97
141 296
44 432
448 176
450 434
99 451
134 185
431 39
310 16
41 122
173 105
511 41
271 29
55 267
337 80
342 270
497 11
62 222
98 258
464 444
458 508
398 75
73 458
202 450
371 32
35 495
287 206
50 75
365 393
303 137
331 428
179 349
489 82
101 418
327 157
363 43
387 266
162 279
105 76
255 481
116 314
498 326
206 363
469 338
124 25
374 218
200 377
331 82
26 305
208 354
60 65
72 80
145 236
140 223
47 357
274 361
28 17
381 328
402 318
404 305
176 256
75 83
501 2
366 327
259 457
327 95
486 330
355 378
302 267
86 12
263 185
90 318
323 32
66 344
66 496
192 293
436 450
164 98
426 295
216 448
310 107
-1
458
184 39
226 165
82 493
388 431
215 81
350 372
262 481
102 263
329 392
242 356
450 489
18 93
327 464
224 364
214 425
334 303
93 56
434 454
174 258
87 11
165 309
140 313
288 432
37 318
245 272
183 299
17 434
512 345
253 230
419 223
317 265
285 86
487 419
265 379
80 244
483 439
268 430
110 185
370 411
157 103
494 49
505 315
414 261
364 497
16 318
89 284
169 369
49 322
239 312
179 44
197 85
147 112
246 199
380 8
437 135
17 462
124 195
502 62
120 430
300 381
282 136
248 455
481 328
203 436
256 382
262 463
291 467
10 435
271 440
503 255
71 394
235 210
148 166
462 236
359 134
5 239
13 497
131 210
228 56
211 192
469 131
148 485
283 229
363 446
400 371
387 190
440 425
504 211
162 119
400 151
340 115
417 487
378 434
17 317
380 179
285 5
281 427
136 220
222 247
333 233
283 327
52 275
44 409
330 494
512 417
275 229
271 162
238 424
322 182
490 6
291 106
409 153
370 283
228 475
447 360
468 156
21 9
191 289
300 465
473 298
310 165
422 403
218 113
219 400
317 105
424 148
468 466
474 306
430 249
348 43
75 126
206 281
51 320
31 138
481 217
45 432
342 129
74 114
320 362
408 334
463 15
262 508
336 342
328 167
109 178
343 178
47 77
275 68
13 195
207 158
389 32
288 370
21 435
464 357
449 215
235 464
328 273
453 202
409 471
427 422
258 299
314 380
148 24
353 144
171 187
193 393
81 175
155 99
463 286
284 487
318 228
245 243
356 88
427 319
367 398
228 127
22 135
117 96
70 480
303 312
210 230
473 258
5 393
36 223
348 94
23 404
490 310
111 113
359 443
391 492
314 247
507 317
50 69
221 31
324 261
298 502
431 85
127 416
351 409
381 1
495 49
292 155
388 182
200 320
415 214
389 202
457 33
302 413
50 466
361 107
3 288
153 110
345 122
207 409
55 212
467 423
6 157
226 46
189 377
66 256
254 423
167 50
465 354
388 33
75 497
84 186
170 112
238 369
207 141
245 57
86 235
226 52
132 335
322 372
393 30
400 154
185 366
78 192
72 84
367 339
408 191
147 18
342 230
155 132
409 492
159 191
256 205
74 131
37 414
367 73
275 452
217 474
475 230
276 39
270 340
139 134
506 393
421 86
493 366
267 261
361 232
460 136
102 204
486 499
206 379
486 340
163 206
330 286
162 293
331 262
356 54
357 241
408 372
196 262
157 176
476 82
166 309
444 212
415 39
229 127
501 189
428 29
381 223
407 139
96 311
311 416
223 284
199 99
252 177
282 464
176 486
407 345
507 86
237 423
499 382
36 187
300 377
250 205
421 285
283 200
428 404
403 69
109 254
45 281
35 289
437 480
396 223
439 308
374 495
497 54
502 102
219 361
205 165
17 6
153 67
266 335
169 236
302 346
454 129
352 501
92 275
36 205
380 428
42 111
336 175
247 270
364 132
76 10
157 477
365 171
110 370
81 416
7 479
205 20
250 44
61 415
471 80
87 34
9 475
135 35
369 409
98 241
5 106
336 448
174 381
281 275
83 435
496 385
65 17
362 383
407 178
227 284
78 147
195 21
331 461
458 73
134 53
85 187
272 332
339 172
92 313
91 236
392 287
220 432
250 427
265 255
230 305
457 402
369 289
346 131
241 341
400 181
126 23
376 99
397 111
178 119
462 291
297 443
159 225
91 356
356 335
78 274
294 408
166 468
219 2
503 467
179 8
131 159
344 33
244 479
140 230
462 179
63 21
239 41
25 103
220 413
257 334
269 279
329 496
189 2
181 297
399 164
54 29
388 337
395 253
459 199
105 294
12 390
233 321
12 181
74 282
27 234
188 75
23 478
45 454
425 241
460 464
254 1
75 111
283 67
138 24
131 270
432 314
104 424
466 105
281 444
459 154
299 110
81 457
225 131
81 471
336 276
114 139
69 468
128 36
458 476
205 501
394 371
78 286
480 73
502 129
218 512
396 414
473 145
123 380
415 97
126 475
48 492
432 38
55 167
452 88
60 232
274 180
469 49
239 466
189 242
459 440
184 39
-1
347
283 478
70 241
250 228
186 35
296 333
235 396
328 30
490 382
449 42
4 459
460 391
451 392
361 302
259 448
333 18
257 66
301 84
452 445
433 370
266 396
260 112
506 230
103 135
427 438
415 342
85 329
332 432
262 390
110 10
395 324
322 472
325 427
154 256
103 212
187 252
8 30
130 54
425 215
374 246
371 260
422 93
90 291
145 301
80 39
2 340
208 138
305 26
147 316
427 480
35 467
253 250
436 392
86 14
226 398
448 45
484 200
444 356
288 48
355 11
101 23
400 420
358 7
330 269
37 35
480 491
354 4
372 208
368 338
141 171
330 489
426 447
87 412
214 208
157 505
190 273
451 73
324 275
319 58
216 130
102 485
490 39
11 382
175 172
475 21
512 372
394 496
286 369
331 259
191 404
325 185
159 52
399 191
358 258
356 208
64 364
21 146
200 470
364 150
350 217
469 38
261 492
116 492
476 399
433 113
439 316
65 266
314 211
209 154
240 16
343 264
135 232
133 191
227 198
480 318
110 376
246 220
44 234
244 175
96 201
448 396
227 42
301 397
190 473
301 206
209 424
168 200
14 359
53 265
198 112
103 480
415 377
186 409
322 333
193 256
300 105
69 334
214 56
113 284
127 476
151 432
458 256
67 255
77 482
382 398
382 161
88 344
329 263
418 507
83 416
188 276
363 399
26 414
462 336
174 342
388 109
1 389
316 59
175 161
316 169
9 268
459 144
96 452
265 416
241 248
357 146
251 240
349 83
412 176
502 69
36 149
52 189
406 420
512 303
383 78
237 175
336 131
151 78
157 367
490 153
86 338
103 243
313 504
467 313
188 239
340 332
282 323
368 463
231 168
38 283
31 286
462 192
495 225
408 327
377 40
385 122
135 343
301 307
357 377
440 305
187 291
277 200
305 21
415 400
284 320
451 453
92 475
303 45
339 107
492 365
259 351
242 459
193 339
240 40
242 57
424 236
266 370
342 278
355 243
136 467
30 178
50 468
340 48
143 53
59 446
334 183
445 262
79 84
153 110
188 393
443 507
440 407
480 467
451 178
453 223
104 175
291 496
128 327
150 322
380 386
481 206
452 393
389 297
217 121
375 239
35 421
268 245
176 365
450 458
284 483
410 119
286 346
355 315
240 275
302 422
142 365
136 449
314 326
310 353
262 281
510 333
512 336
132 168
26 71
229 271
271 92
224 33
244 212
464 473
123 82
291 55
12 321
222 62
456 157
506 103
461 269
46 102
58 473
217 145
144 377
33 484
431 364
18 127
159 76
252 494
161 328
253 49
499 373
262 139
157 371
299 456
500 99
468 497
181 247
33 478
455 433
109 333
14 81
403 16
139 209
454 489
195 481
119 166
414 306
27 497
379 76
485 204
365 239
78 429
383 110
384 177
258 457
422 405
431 183
467 83
455 118
284 279
387 400
69 287
117 478
97 102
29 287
170 96
416 144
128 172
433 275
471 454
365 219
64 70
201 152
427 425
338 226
377 373
115 323
22 89
317 137
56 117
460 178
183 154
392 241
14 234
334 18
378 483
432 84
386 303
90 389
32 194
283 478
-1
203
394 250
38 123
208 484
79 398
175 324
124 14
168 7
436 254
43 385
507 340
19 104
253 159
24 441
315 398
251 174
270 30
211 396
275 257
200 141
93 177
375 10
448 117
456 281
85 174
485 161
92 192
14 101
61 284
369 299
353 236
418 230
354 46
471 257
442 136
70 103
52 394
386 11
177 127
453 65
382 303
447 99
152 351
4 62
483 64
280 63
217 80
358 388
173 337
81 191
487 441
316 394
349 157
172 432
398 245
68 412
330 115
461 163
306 372
104 25
288 244
339 327
243 418
429 340
340 330
471 158
170 37
245 290
370 507
96 9
133 125
74 510
49 294
135 368
386 391
6 446
188 234
340 75
458 208
227 457
424 360
328 185
118 34
509 372
105 142
424 370
103 389
280 403
476 294
216 403
79 485
31 414
383 406
71 470
475 306
185 46
352 379
455 273
385 159
94 173
460 434
124 47
458 353
142 295
83 290
511 160
440 474
312 216
1 284
364 251
473 210
297 287
363 76
352 196
461 10
218 235
479 97
172 20
300 310
216 318
322 141
54 458
142 159
140 217
480 180
417 310
494 119
219 507
431 271
391 160
329 68
406 369
111 53
199 46
166 159
468 125
423 386
488 286
162 442
258 175
231 101
442 72
149 101
159 102
347 259
150 211
510 106
232 464
322 98
200 1
335 161
145 140
206 77
78 235
316 365
207 203
382 11
395 101
316 74
106 358
211 459
96 423
272 479
75 512
340 293
18 135
392 64
95 130
452 439
441 491
448 322
478 497
188 284
208 60
317 115
336 360
303 170
459 455
185 13
6 378
69 102
184 442
72 60
267 495
103 198
395 20
17 198
279 182
156 472
66 29
454 431
79 415
325 45
354 177
30 9
295 177
77 136
479 170
94 382
202 348
276 209
381 7
446 363
394 250
-1
212
258 52
260 61
496 32
441 62
380 310
265 190
365 458
379 350
507 335
406 228
395 383
438 314
39 266
444 195
164 352
481 493
276 229
106 291
460 145
342 392
134 149
81 375
425 132
185 332
57 386
37 264
385 237
452 273
107 69
9 258
320 180
121 264
208 205
342 354
303 307
397 446
146 163
442 140
347 257
294 69
198 400
40 275
174 278
473 295
485 28
480 395
333 329
371 376
504 20
248 285
142 394
80 237
463 487
107 6
275 362
296 476
164 108
389 438
385 100
129 417
234 202
341 141
405 298
173 109
455 218
179 345
127 306
366 249
204 29
461 195
512 68
236 203
475 170
306 224
28 258
129 193
295 236
437 323
484 196
369 94
322 101
62 23
255 360
78 193
96 36
271 344
512 161
402 424
71 320
90 293
163 77
278 60
69 220
508 472
108 240
67 99
318 206
405 268
81 82
26 195
388 264
141 199
115 440
12 404
150 85
311 504
36 274
237 268
251 497
197 120
311 265
458 241
392 354
461 377
167 470
278 23
175 156
73 336
70 416
41 325
76 35
187 495
239 126
185 63
38 321
5 200
483 340
106 441
52 241
417 285
336 113
181 295
495 488
437 298
493 140
107 363
111 28
308 501
34 275
256 228
363 103
487 15
390 158
349 47
193 399
464 161
264 227
423 468
399 339
303 324
335 477
241 372
353 186
150 468
366 341
313 182
42 445
223 122
42 381
489 53
221 367
76 231
92 176
489 41
360 58
265 59
414 89
103 400
238 448
45 360
397 162
248 195
12 81
238 223
158 394
106 32
243 248
43 504
356 3
379 11
451 273
343 277
271 422
508 85
282 45
510 6
226 191
132 43
195 250
307 507
82 266
51 339
379 160
137 365
124 322
93 264
259 127
512 290
14 70
377 440
148 160
127 118
175 458
413 11
212 498
418 229
129 29
456 270
295 479
51 211
124 419
258 52
-1
461
429 498
303 29
203 40
494 473
283 317
444 469
247 431
230 112
393 33
106 354
250 50
437 155
118 372
455 326
321 408
185 87
91 198
64 506
229 267
235 225
495 220
465 62
62 18
153 402
43 285
415 101
369 255
386 274
350 463
394 162
450 109
68 334
399 468
73 149
490 227
108 357
502 509
448 455
132 5
377 131
112 75
241 284
309 122
76 186
383 57
229 169
88 268
256 233
265 357
154 487
20 96
336 344
258 323
56 68
164 498
19 165
458 340
197 212
242 298
227 466
288 280
99 55
46 120
403 491
227 155
260 320
372 310
505 99
157 75
386 247
225 99
354 330
498 400
158 382
400 337
318 386
16 391
166 147
365 160
399 34
125 354
5 393
8 141
295 106
166 72
96 247
257 434
475 270
326 16
115 336
100 428
309 79
62 428
11 458
348 139
67 439
31 79
200 219
508 302
379 286
135 450
371 58
104 473
118 48
294 287
255 353
310 138
231 62
91 487
461 121
243 422
312 239
488 211
274 280
463 118
48 387
43 185
49 186
368 90
302 163
376 493
308 239
306 129
93 129
297 310
351 349
470 455
332 32
497 312
242 174
474 351
356 196
53 180
357 116
428 401
253 92
222 175
504 205
410 404
146 154
58 93
270 386
4 426
108 305
300 79
392 415
182 9
355 269
233 148
6 149
237 104
150 249
379 117
435 270
109 219
94 247
137 142
172 361
475 455
216 215
293 40
450 378
246 442
255 205
253 455
505 352
387 306
234 98
142 348
164 371
307 445
351 74
183 381
495 349
483 389
328 345
211 469
381 57
388 460
414 432
337 168
38 274
224 183
34 506
2 56
339 501
120 249
286 257
391 467
403 158
135 207
282 130
342 392
462 373
390 458
474 246
82 166
43 28
255 302
106 455
291 255
373 460
260 178
96 164
297 76
320 350
205 430
233 282
354 4
236 331
378 37
384 425
293 342
175 94
311 204
340 162
392 168
42 21
470 481
26 169
427 317
82 207
387 176
42 226
16 223
179 374
162 450
316 30
428 275
391 498
452 102
227 119
110 210
79 257
97 353
320 32
16 62
114 436
31 78
245 303
440 186
301 193
335 507
131 66
436 219
234 264
213 503
485 349
53 181
107 52
482 171
321 264
169 475
452 165
346 126
333 51
474 270
495 67
204 338
368 41
236 269
236 179
96 225
12 352
408 125
447 212
506 453
389 270
372 431
39 423
456 277
125 401
189 436
323 86
174 424
205 97
109 509
38 267
174 41
463 500
300 331
143 372
164 510
462 234
322 316
83 372
374 44
61 366
196 316
235 405
215 270
215 152
345 190
243 480
468 238
209 83
28 337
110 110
407 474
90 345
330 135
484 73
363 57
51 507
130 76
338 102
190 41
221 301
333 33
349 14
353 199
280 255
46 413
213 319
59 149
149 419
389 268
464 365
476 430
369 336
330 126
4 475
81 96
477 299
316 378
176 389
173 467
469 276
507 24
347 295
494 95
328 248
34 26
489 182
152 383
182 147
263 351
373 452
327 417
395 498
177 42
413 328
202 195
86 451
185 60
478 363
6 89
231 225
8 215
178 89
235 386
437 94
131 354
378 253
159 347
328 335
475 222
453 414
228 425
283 21
190 479
379 251
384 213
486 337
505 21
134 482
476 344
229 94
180 148
132 166
422 149
142 245
244 340
250 385
233 357
328 286
315 380
511 485
172 425
103 282
256 227
426 481
424 276
120 509
34 391
107 200
49 397
315 11
149 477
11 355
137 218
374 186
411 194
125 279
82 187
151 482
375 453
56 476
49 22
134 401
298 269
168 310
145 180
27 465
320 201
61 252
465 242
245 500
49 321
421 399
459 490
467 402
255 162
257 309
31 216
137 261
394 376
357 236
179 261
82 7
223 498
466 236
205 195
448 479
247 391
281 70
252 451
458 362
471 262
127 350
409 403
153 211
385 403
450 453
119 395
54 487
156 271
151 231
57 165
348 504
83 126
451 163
114 304
121 217
189 341
130 17
232 335
209 7
284 105
274 266
20 276
227 197
137 109
105 326
452 172
232 165
242 163
280 173
159 356
152 27
429 498
-1
173
354 121
232 288
22 440
202 266
51 226
13 162
103 237
259 128
85 396
23 393
354 292
31 22
312 296
92 77
406 23
237 357
85 197
54 457
165 141
206 234
303 313
116 198
23 330
198 409
356 472
289 442
46 295
316 67
459 480
489 40
496 159
4 110
145 177
117 30
112 375
204 16
196 74
310 113
398 155
200 297
419 165
250 150
148 379
432 413
445 499
143 286
295 362
267 161
150 241
277 313
332 497
352 412
506 482
420 266
302 87
176 390
42 382
379 122
416 397
24 215
17 446
460 426
358 78
87 430
115 148
94 303
508 423
18 302
178 232
286 176
156 432
368 134
271 216
316 172
54 84
163 445
382 383
490 121
266 265
39 93
259 198
227 137
465 98
340 332
241 188
34 271
248 240
6 316
48 426
129 417
307 185
92 446
313 35
330 346
209 452
457 278
341 431
65 230
117 148
212 200
308 463
461 398
437 305
390 319
437 20
379 344
327 395
191 54
189 208
452 299
409 391
320 510
20 438
384 335
374 496
452 435
32 181
130 203
111 138
396 486
179 496
462 398
447 460
179 394
255 205
266 277
112 374
512 305
166 386
59 103
509 262
302 175
173 169
276 46
21 468
405 320
235 291
432 199
498 264
65 208
6 324
512 386
257 479
221 45
31 186
357 500
201 503
192 337
223 121
241 354
367 197
326 385
181 395
393 293
148 397
110 65
488 401
183 288
162 101
331 462
388 51
251 373
419 356
34 24
424 145
217 497
253 192
471 99
74 431
209 324
5 509
172 22
354 121
-1
381
55 506
91 171
478 14
8 378
221 26
303 20
119 15
264 51
324 175
158 411
489 306
125 356
476 112
461 232
309 414
80 308
284 222
489 476
190 208
38 161
467 206
281 331
223 449
28 28
392 263
7 350
243 247
168 409
306 461
297 469
100 130
293 503
111 72
92 277
124 75
148 422
354 184
509 220
477 449
416 282
94 433
343 385
120 354
179 42
38 236
214 244
12 116
230 383
437 478
224 383
188 14
250 38
450 493
261 126
322 101
199 295
388 363
36 134
485 310
52 454
511 339
37 237
225 270
246 222
484 153
378 366
20 251
206 25
96 206
504 504
108 27
80 13
40 169
17 63
196 267
461 209
202 16
125 302
79 149
429 105
471 396
136 29
319 246
468 509
430 284
54 281
428 253
70 312
279 455
365 310
45 505
401 479
291 256
211 328
304 505
42 219
486 367
24 78
310 133
242 227
472 360
191 39
45 280
506 429
174 106
351 243
166 278
378 97
109 118
423 305
449 314
335 359
7 275
267 57
21 350
234 35
87 208
217 216
245 387
291 177
128 100
181 351
262 291
173 303
318 363
443 367
162 476
98 82
319 124
412 483
161 169
204 305
181 189
274 42
21 368
333 294
312 317
409 205
21 186
249 418
313 465
273 235
490 210
431 152
72 242
370 460
65 75
493 5
448 325
257 180
305 36
469 138
451 38
500 128
485 240
312 392
240 297
286 389
476 241
470 188
402 472
446 201
418 90
117 136
457 481
396 504
52 408
300 151
262 296
512 19
453 211
113 471
64 277
303 306
40 123
451 182
175 364
488 151
118 292
32 394
35 60
273 498
473 424
323 104
501 371
244 30
452 358
45 503
49 414
496 446
59 269
63 158
332 99
285 98
343 418
57 222
222 388
466 294
327 387
498 33
400 268
151 201
494 245
55 482
334 33
124 24
84 62
45 279
404 478
382 393
232 486
270 487
14 142
45 323
77 338
35 484
377 452
162 5
498 180
103 433
166 464
30 90
86 300
231 436
118 56
26 217
128 308
435 423
305 249
8 274
192 236
376 481
132 471
363 36
300 305
115 146
295 127
73 344
475 445
338 419
421 393
151 72
153 16
248 165
256 81
318 197
205 231
154 470
158 12
17 445
102 408
33 136
179 490
91 170
145 58
347 476
376 159
108 402
265 96
377 442
180 140
241 481
99 83
195 75
361 250
141 479
493 177
174 335
422 31
3 34
393 419
73 76
305 445
237 82
71 267
444 257
299 421
43 203
23 72
391 289
145 342
118 412
114 448
180 230
302 497
220 243
457 49
92 363
75 286
325 40
467 182
38 6
208 223
282 385
223 92
372 388
423 386
278 100
466 356
511 175
364 163
182 342
146 56
104 236
38 97
409 364
169 138
392 168
15 114
32 152
488 274
468 26
484 178
426 73
96 65
467 142
288 157
201 37
312 468
349 120
471 278
300 377
16 330
444 275
236 95
233 1
37 142
393 489
115 213
236 429
14 379
487 343
176 349
327 344
299 239
111 150
97 512
305 418
474 36
219 394
363 405
231 416
189 16
218 72
504 332
219 44
428 259
22 512
167 246
416 422
142 385
95 373
484 282
71 3
90 446
297 405
494 436
90 387
252 395
506 449
338 50
291 230
178 76
361 53
394 379
452 510
141 148
337 64
399 479
265 289
501 273
471 5
46 285
190 48
148 274
243 94
270 373
384 62
59 124
41 371
55 506
-1
40
416 350
416 234
88 253
190 91
278 273
332 230
495 361
130 353
327 284
460 280
219 321
368 152
34 246
288 359
19 466
131 398
414 471
198 341
436 453
404 468
70 398
458 436
389 162
103 486
420 365
399 391
123 158
32 329
40 125
365 310
366 242
127 57
15 135
333 259
226 95
95 282
90 427
486 308
237 291
416 350
-1
498
93 102
347 336
487 331
263 154
148 496
441 347
110 19
218 454
365 63
471 257
454 180
264 174
111 198
15 23
199 382
284 499
255 362
261 46
221 441
187 189
169 358
125 22
50 303
179 127
123 108
313 62
289 269
201 303
481 114
96 58
123 34
412 462
9 495
415 140
172 420
236 8
378 490
256 24
424 2
221 403
185 441
127 157
262 323
267 190
406 423
245 46
334 36
123 504
332 111
162 10
97 259
125 337
400 37
151 436
147 227
140 465
234 308
158 211
420 330
41 147
166 292
113 503
419 278
425 457
389 199
294 213
259 208
455 208
351 493
459 445
433 393
89 305
167 103
423 35
129 432
237 470
373 462
35 290
155 510
31 409
9 327
196 228
67 250
10 328
442 201
202 53
144 139
174 318
117 291
443 232
331 19
60 342
125 451
162 493
289 96
351 237
69 429
275 199
10 295
339 450
387 91
56 173
269 81
274 200
162 471
412 22
272 366
490 344
440 489
489 68
379 31
63 463
189 34
464 453
493 167
8 377
464 273
108 48
75 252
121 401
120 154
303 258
408 225
240 163
90 409
348 242
201 85
112 2
200 21
26 98
170 29
105 196
266 277
170 272
13 487
140 279
219 16
357 343
281 176
437 161
463 236
258 438
258 32
11 13
407 24
228 138
479 86
55 267
347 171
33 264
416 103
450 121
42 221
335 170
402 242
460 164
17 37
326 258
306 381
391 273
47 381
227 384
300 145
134 482
67 393
203 449
326 199
273 39
161 54
425 39
321 482
440 343
245 504
24 340
484 180
211 165
94 128
170 276
166 29
193 293
113 79
410 341
101 389
492 291
170 507
64 508
224 307
244 175
108 196
418 204
267 493
420 57
511 77
55 346
237 461
72 1
227 381
392 369
66 89
354 212
457 214
16 127
132 321
101 386
293 181
270 280
332 222
408 164
441 255
276 405
229 137
166 115
381 107
52 500
42 343
406 204
408 97
329 363
80 413
266 70
301 453
132 237
142 172
134 347
233 40
27 92
138 336
104 334
126 492
243 3
39 401
344 62
370 126
393 165
182 232
136 96
318 267
195 458
338 2
106 461
339 67
299 427
480 88
185 402
354 213
329 397
278 324
26 167
495 1
464 200
81 120
182 294
474 276
383 507
315 319
118 32
493 81
385 293
284 512
58 380
21 299
23 353
192 494
380 95
479 196
46 412
371 93
51 486
68 407
92 64
128 117
343 19
135 199
497 473
328 340
249 173
62 197
141 448
421 81
456 33
56 105
139 234
251 190
82 240
61 284
175 204
335 371
256 191
96 97
110 470
161 157
69 176
204 489
246 173
494 343
253 167
453 60
106 339
230 429
449 115
333 512
192 130
21 16
304 291
142 240
24 58
429 297
10 305
325 310
86 128
198 334
132 53
417 472
211 503
262 507
409 455
456 140
452 67
377 396
465 462
395 360
166 48
407 512
228 483
424 400
443 383
77 339
423 434
194 291
104 219
178 401
256 301
203 473
210 2
74 94
439 69
460 119
458 87
83 217
260 298
265 331
16 100
106 69
180 253
228 240
34 227
282 419
274 460
363 149
444 107
272 496
123 288
458 32
339 184
189 227
98 476
147 301
303 511
34 74
404 281
48 73
311 129
471 393
268 60
437 1
427 126
317 218
374 391
240 502
389 192
119 23
36 4
496 491
375 275
157 314
230 327
56 329
134 299
368 357
226 269
481 399
426 5
322 461
404 475
20 471
394 481
332 355
148 86
93 402
4 509
45 442
309 413
390 409
451 299
343 178
13 54
76 187
392 40
400 24
276 15
20 406
349 336
493 117
125 52
16 402
89 287
256 303
460 499
463 424
264 318
221 461
214 255
231 218
304 65
199 463
432 182
114 380
107 330
84 486
72 173
193 73
190 492
476 315
416 408
126 122
418 231
16 427
330 95
28 13
216 187
21 478
400 298
44 367
455 248
26 243
398 46
205 278
72 210
299 407
406 384
209 74
66 358
232 200
505 171
282 230
105 224
502 7
184 20
150 72
33 103
248 204
69 137
64 176
460 388
185 332
288 287
174 175
105 89
350 147
393 85
75 269
60 354
261 103
409 147
58 219
138 106
8 80
39 349
425 263
29 446
306 50
295 97
422 153
472 482
134 330
426 133
415 250
448 467
435 152
224 406
389 413
144 363
458 6
355 293
444 398
36 306
454 180
412 335
302 487
249 433
158 323
215 81
179 432
232 58
10 85
189 129
458 94
93 102
-1
296
487 257
364 38
57 158
78 241
238 150
275 486
155 246
351 24
94 483
201 471
307 371
188 161
476 486
91 152
487 193
333 257
329 90
262 483
425 473
325 51
194 59
42 388
316 278
279 208
310 237
183 50
9 88
349 207
480 312
300 350
256 446
153 229
402 196
264 138
180 415
243 44
146 423
2 439
83 427
76 468
221 322
475 300
63 223
416 212
2 374
77 231
61 444
76 414
136 182
43 37
4 380
333 268
365 70
312 299
42 331
1 269
473 409
226 354
90 499
468 159
175 59
434 35
177 334
301 417
259 36
304 93
110 161
121 71
492 342
397 480
80 110
387 98
396 148
290 222
198 258
37 34
148 108
114 12
45 511
363 132
181 125
500 243
133 296
175 492
210 177
221 66
446 345
339 166
384 184
6 55
97 396
218 279
277 109
228 51
424 107
308 360
357 410
2 342
25 250
189 264
171 106
155 161
37 238
209 290
324 49
376 281
490 245
467 216
41 137
295 168
60 3
494 223
124 71
151 427
94 343
11 216
493 51
382 92
185 139
259 79
54 272
272 508
35 226
387 73
313 428
117 184
488 420
126 497
109 453
134 511
496 424
80 421
253 363
323 186
344 74
12 194
13 1
439 116
211 229
110 2
208 404
119 389
69 344
336 60
347 161
208 219
451 312
171 476
108 1
15 363
339 483
339 39
158 194
171 243
60 397
361 171
381 426
171 319
395 140
258 82
336 314
175 248
348 10
59 444
233 414
215 233
445 499
456 144
498 131
198 437
303 223
239 15
382 469
293 270
60 170
205 37
340 84
511 378
15 479
460 126
164 481
157 29
394 489
65 70
306 262
419 157
252 394
201 261
231 499
106 94
281 150
39 58
315 255
368 362
351 439
482 312
416 427
47 459
358 141
208 478
14 393
178 251
307 108
501 28
305 389
490 263
4 425
120 207
467 439
326 186
480 421
49 455
441 229
278 356
166 43
372 449
388 152
344 507
496 508
473 401
154 138
212 105
372 326
227 343
78 162
344 498
449 342
451 448
44 337
171 390
376 9
287 406
393 208
327 167
469 356
40 4
380 418
270 292
344 203
476 187
146 163
169 454
428 143
445 46
215 220
473 236
458 85
502 211
460 147
34 119
237 375
182 281
178 398
437 225
417 373
225 254
415 368
27 432
305 472
376 345
26 226
61 342
386 183
383 344
385 178
191 236
366 109
413 194
68 282
422 477
7 106
382 383
284 79
456 353
300 149
406 48
204 286
360 506
503 318
250 275
320 33
143 99
342 159
12 27
151 249
434 193
139 115
249 340
345 188
212 112
401 267
387 298
329 480
509 215
233 189
487 257
-1
113
494 126
75 238
432 507
36 356
419 455
103 35
41 114
300 179
99 400
372 192
4 7
140 341
49 302
238 499
83 453
49 390
497 225
310 245
117 22
79 72
142 508
29 266
320 96
243 71
218 10
104 2
297 4
54 12
445 67
346 405
347 320
254 264
410 39
403 193
334 5
62 182
152 67
215 134
150 89
9 351
104 134
340 200
365 248
256 299
340 395
429 97
126 420
228 270
461 122
104 17
435 43
105 261
50 181
424 379
355 113
411 40
65 355
61 461
483 355
399 70
108 493
62 406
185 439
79 177
256 443
5 433
301 331
480 286
76 218
502 471
135 390
199 18
500 246
95 239
172 477
400 447
448 477
427 489
476 452
192 5
419 467
137 15
171 466
165 92
267 197
391 391
89 247
15 109
139 300
415 464
347 14
302 310
497 508
118 293
290 109
192 491
357 244
150 307
146 142
84 78
299 6
401 123
445 444
229 496
473 296
181 66
49 75
481 157
153 101
432 200
223 42
25 138
494 126
-1
381
29 439
434 221
61 363
313 50
276 383
369 6
377 392
61 407
258 212
209 190
270 119
254 18
382 2
458 429
248 472
204 194
42 198
297 49
249 180
212 300
375 451
448 148
133 422
401 124
164 385
489 429
146 95
374 234
341 347
343 85
45 284
229 442
353 212
300 467
64 497
181 261
215 88
341 441
144 325
506 455
299 323
103 400
91 202
479 202
174 139
75 483
21 272
40 402
409 476
164 140
386 506
424 54
464 247
278 178
393 291
437 484
62 119
130 391
375 167
91 107
159 43
354 490
123 322
122 367
300 119
265 59
48 251
277 480
354 122
47 490
42 502
206 98
249 44
61 141
174 363
486 107
457 253
120 505
46 87
475 456
53 310
360 429
236 492
139 234
389 74
120 332
36 18
456 233
499 511
142 361
243 56
309 345
13 423
226 414
252 351
332 390
116 220
408 451
7 244
189 227
330 7
20 366
61 249
253 94
383 176
462 178
274 11
236 38
486 186
145 453
406 370
347 381
227 443
85 479
137 86
44 263
169 181
156 231
121 216
509 91
43 316
120 232
330 109
53 285
511 397
212 496
6 177
386 503
235 301
12 131
410 293
282 149
124 400
8 204
411 186
44 237
417 7
74 273
145 155
421 63
452 496
50 294
73 1
374 438
260 403
62 419
400 274
509 410
136 201
346 417
28 162
81 406
78 59
112 428
219 453
235 349
124 366
206 307
41 13
151 76
460 463
63 351
40 58
169 8
144 29
276 6
479 19
343 278
305 128
102 27
285 122
373 44
104 199
96 406
128 405
265 446
17 398
340 455
475 101
152 112
208 276
357 69
164 441
508 55
264 69
217 213
473 130
393 465
243 380
226 224
464 470
11 507
199 383
217 414
314 219
432 56
328 100
114 308
233 153
227 52
311 446
210 219
29 368
192 457
367 77
446 35
272 424
289 443
3 135
392 168
34 294
142 82
372 147
34 144
195 431
445 410
482 314
381 68
256 38
387 423
37 404
12 261
105 461
197 341
306 14
261 408
83 20
213 225
66 260
496 432
16 68
316 52
287 476
386 169
323 143
82 242
57 491
41 368
220 297
432 403
152 450
201 286
501 160
390 372
389 332
93 105
457 157
356 50
357 247
263 179
335 441
477 233
432 326
382 411
229 389
102 53
157 335
466 200
208 392
305 419
348 372
453 167
38 240
11 282
46 188
348 410
405 293
361 231
369 509
10 89
88 401
287 427
406 39
152 67
495 182
451 444
346 222
130 85
452 198
89 340
100 76
452 430
442 399
156 8
336 298
506 151
228 351
109 405
147 1
210 409
313 277
42 496
141 473
212 211
375 452
255 306
111 333
406 155
59 207
55 392
480 132
110 392
330 180
37 376
269 505
502 68
270 270
448 390
161 36
178 116
241 397
85 448
136 380
261 208
148 257
62 504
378 463
425 335
355 242
173 238
334 318
361 319
346 132
8 325
468 460
391 373
170 50
216 189
145 218
119 372
247 293
440 346
120 84
157 434
284 430
154 207
124 311
320 307
280 182
325 74
314 291
309 71
71 318
126 408
454 485
202 129
505 64
258 399
95 136
302 271
121 314
145 207
361 186
228 193
388 448
156 17
348 247
179 86
348 123
283 462
230 91
336 510
254 146
434 328
393 252
262 46
505 107
452 36
397 432
217 460
469 358
13 245
347 178
491 331
64 112
228 204
503 457
73 149
499 235
198 107
29 439
-1
375
223 232
422 169
19 188
49 445
276 340
65 302
210 247
255 62
73 33
427 129
45 31
380 271
12 350
271 502
212 135
339 218
120 302
444 411
450 278
168 365
5 403
212 47
37 440
79 324
123 466
163 387
66 235
114 102
409 399
26 289
302 128
104 436
512 10
43 468
199 437
224 428
451 303
136 45
194 92
423 392
217 124
79 246
93 165
317 504
268 42
276 177
345 475
135 206
128 255
254 176
389 327
221 440
503 388
189 436
4 479
132 263
140 13
219 344
495 98
459 280
463 129
275 491
154 236
262 78
172 375
42 41
503 55
55 42
82 127
349 227
362 502
149 281
257 154
497 51
471 50
363 59
304 294
398 16
401 67
396 266
175 363
433 148
257 129
302 263
462 354
234 112
490 366
139 455
207 102
190 142
86 442
138 260
289 469
427 61
477 148
312 280
242 154
62 178
499 130
293 372
355 295
421 416
37 75
358 86
4 277
474 6
272 21
245 51
154 331
20 423
220 378
48 254
265 3
69 335
153 464
440 308
449 122
124 493
313 479
213 316
128 39
510 362
279 471
360 253
241 46
42 455
42 207
372 507
274 290
308 141
79 480
422 286
332 285
442 253
231 4
17 483
130 222
26 145
322 391
357 140
288 447
397 237
446 494
412 445
273 245
335 355
227 397
511 509
150 452
293 39
166 86
172 234
378 293
249 70
61 21
107 238
145 264
267 397
13 243
199 505
2 195
82 147
227 267
411 440
400 429
248 348
203 405
45 188
257 112
500 49
495 370
386 307
15 293
60 357
123 221
19 91
457 423
18 402
165 39
411 56
142 72
288 124
228 150
39 273
27 190
250 64
163 320
412 470
67 158
351 163
369 488
205 197
456 207
82 193
474 243
466 69
331 419
23 28
473 139
241 72
222 394
439 31
299 405
40 158
239 282
111 171
457 155
118 229
67 468
72 189
415 278
46 509
396 96
408 195
352 51
277 345
284 50
29 422
165 217
373 311
433 215
241 79
247 65
326 429
510 294
336 96
411 359
239 488
246 415
110 446
149 382
284 116
226 278
495 364
56 437
445 382
52 18
209 288
119 119
427 226
407 203
18 16
197 166
448 506
209 365
105 510
388 229
217 127
405 460
56 202
210 215
25 348
117 376
99 96
148 509
360 424
233 115
351 455
334 163
159 367
96 37
256 476
49 416
175 330
29 468
151 316
448 225
486 474
208 158
210 400
235 217
296 286
184 335
114 356
95 309
150 392
303 85
152 87
483 227
395 490
206 438
182 335
129 97
368 217
115 501
308 492
299 104
506 370
309 383
179 61
230 89
272 230
447 301
445 469
486 468
34 129
73 287
293 171
104 351
421 405
222 135
45 309
159 465
209 403
55 275
46 100
195 167
461 69
331 113
179 88
478 151
192 340
318 47
130 343
459 422
313 495
240 15
487 129
63 349
65 250
140 248
200 493
209 114
152 351
311 429
59 198
144 153
476 110
196 31
76 153
154 119
428 101
395 154
262 29
419 94
11 129
413 220
438 285
94 38
410 36
47 16
130 30
226 340
396 64
218 337
475 234
430 262
199 40
295 494
159 39
470 329
70 420
140 256
167 224
109 103
153 501
444 475
60 390
447 383
196 250
427 280
380 282
236 266
197 31
328 79
25 22
81 270
302 203
496 337
76 122
361 146
241 310
321 382
493 411
223 232
-1
259
34 187
9 403
128 160
113 136
332 167
137 493
10 94
224 146
69 348
319 330
266 98
452 333
339 467
115 69
198 279
202 204
173 375
336 20
446 9
311 153
368 484
287 106
351 118
234 350
285 461
96 388
283 501
260 419
305 312
210 337
468 11
103 227
388 76
93 374
505 192
128 86
192 140
503 458
74 273
70 416
438 346
229 494
316 2
235 228
161 303
187 257
431 201
160 434
201 116
165 369
456 258
93 183
131 497
140 154
277 428
110 140
7 291
225 270
135 273
404 347
403 294
14 378
253 236
193 154
70 169
344 188
394 114
194 501
296 17
512 310
171 453
184 409
499 381
42 97
67 371
354 258
459 179
495 303
81 253
284 279
326 501
207 472
256 372
434 68
127 493
400 31
221 40
466 396
511 419
451 396
35 318
199 342
317 128
274 463
501 441
377 261
437 57
1 2
178 337
415 97
205 349
244 487
212 73
481 101
292 238
293 238
314 273
223 439
417 446
474 214
433 59
7 346
419 217
304 425
413 152
6 305
435 57
309 385
258 132
211 458
415 95
193 427
271 242
480 28
258 477
129 132
73 376
99 184
226 158
507 331
331 35
231 459
298 234
15 370
202 151
157 365
94 489
260 114
3 78
143 140
233 385
214 145
326 485
338 364
387 431
225 292
270 354
225 472
434 57
434 335
209 380
327 292
298 30
112 259
303 202
403 295
495 19
377 143
35 176
418 240
384 175
151 199
116 117
366 149
239 274
184 303
396 335
469 92
169 159
465 301
361 290
304 226
156 189
16 243
214 480
186 104
196 180
54 482
289 485
43 39
408 441
405 360
407 264
338 231
21 39
28 129
139 87
449 460
506 447
107 333
214 125
90 360
485 359
220 200
319 70
492 379
218 302
408 387
111 197
250 114
483 400
283 385
241 481
349 374
106 171
43 452
142 160
429 338
71 135
254 48
74 208
248 234
321 103
387 395
48 450
37 469
170 435
335 486
32 477
486 366
40 66
80 30
349 391
251 465
479 17
465 198
111 1
170 3
53 398
54 84
285 303
343 319
352 129
66 350
380 363
219 141
446 27
450 235
175 306
493 374
50 41
180 361
437 250
102 472
104 481
436 15
52 145
362 412
89 395
351 64
228 79
405 316
422 172
57 106
500 99
209 290
16 20
118 185
34 187
-1
121
214 283
34 104
98 346
502 212
223 221
382 442
441 263
323 180
98 93
265 54
9 48
315 260
405 316
411 46
49 233
147 299
454 152
461 343
329 436
297 379
291 54
321 84
99 418
96 93
448 426
210 204
318 374
208 25
459 187
489 174
420 249
257 224
127 174
191 329
251 233
33 96
155 216
42 117
104 117
168 79
7 180
452 400
471 246
397 215
82 98
291 45
449 199
485 441
114 237
280 438
93 423
75 293
100 321
473 270
383 60
161 86
236 455
160 392
397 49
485 22
442 311
78 445
477 358
382 476
138 426
226 504
364 499
34 430
118 401
269 358
61 271
284 288
449 417
55 311
176 6
133 227
422 326
397 398
219 95
70 42
120 503
196 405
437 432
457 378
372 335
380 32
163 434
110 320
364 372
18 445
86 393
447 376
475 252
173 457
329 123
23 20
94 185
422 142
487 420
175 414
176 373
87 194
286 448
351 215
222 204
178 102
98 240
410 243
18 61
498 373
95 306
103 158
396 421
467 352
114 314
80 71
192 42
469 437
14 239
508 75
214 283
-1
371
219 376
47 341
149 402
301 512
290 130
340 283
223 432
317 271
97 153
15 244
157 433
86 403
73 511
453 363
173 216
323 180
436 290
206 33
118 62
105 484
202 70
84 27
18 48
446 471
211 17
509 469
215 266
368 147
206 483
179 192
154 184
421 408
200 172
411 135
170 231
188 498
101 381
262 138
263 495
275 142
469 19
252 452
100 382
213 292
172 34
440 359
232 284
292 271
226 345
499 166
363 434
95 76
503 82
77 376
267 82
87 62
323 326
394 94
239 70
61 247
404 19
187 3
454 369
380 456
407 89
284 229
172 356
332 151
331 177
279 403
82 34
425 392
247 442
361 84
160 93
190 131
171 494
498 236
410 281
195 504
167 68
499 422
227 260
492 480
458 268
402 132
184 236
396 181
143 22
323 511
484 96
308 152
15 211
134 358
449 32
104 99
186 197
358 157
325 39
74 157
15 263
411 498
262 39
508 163
213 424
364 133
133 282
485 298
416 277
472 461
106 241
506 199
503 88
59 426
100 70
370 446
506 370
435 221
162 75
72 442
511 266
512 88
227 386
444 38
401 290
436 309
208 58
467 120
236 75
259 79
72 462
163 449
479 21
247 218
447 483
492 255
86 116
485 152
320 451
259 71
127 205
489 252
253 11
91 158
153 23
482 43
48 241
165 480
35 247
79 267
176 269
167 353
422 435
282 63
90 142
307 187
193 126
8 246
180 449
274 431
96 285
183 478
490 42
10 251
373 191
431 90
49 362
258 302
236 285
415 184
47 253
188 437
214 316
504 231
456 417
220 288
181 121
111 229
229 356
121 303
160 13
151 64
20 229
461 405
257 288
343 205
96 495
312 319
209 314
169 480
56 387
203 58
267 458
423 87
273 111
505 246
437 129
475 443
496 198
400 98
141 18
433 394
486 245
274 393
279 344
323 193
243 194
368 495
183 251
18 316
139 507
133 142
74 130
79 278
76 135
177 17
188 296
167 126
376 299
420 273
90 302
468 57
42 299
284 378
3 264
207 280
228 484
76 131
15 243
370 59
202 154
390 356
219 457
228 461
272 112
301 69
19 294
218 108
450 79
224 338
95 446
463 47
453 259
196 198
436 283
485 506
373 171
302 367
430 235
190 399
38 53
217 456
111 20
459 345
162 289
419 507
106 368
311 261
42 283
450 150
220 468
511 58
80 441
269 426
66 174
400 239
186 86
258 5
393 5
168 472
404 6
422 4
248 313
453 212
472 65
393 386
398 451
490 159
226 51
151 54
191 262
249 227
200 272
346 365
331 367
373 132
324 37
67 17
360 260
427 37
403 462
201 190
390 151
137 96
164 221
245 288
16 198
209 420
424 199
465 495
286 186
317 507
457 392
182 428
301 341
367 329
378 270
144 488
13 166
28 18
94 77
418 66
316 238
484 169
221 42
229 416
461 165
436 155
481 150
302 492
464 341
203 105
488 221
199 271
241 52
511 432
91 255
396 347
213 269
399 404
189 32
439 78
92 252
267 125
32 384
118 454
21 199
366 164
489 70
419 254
64 186
392 446
306 119
189 198
194 28
147 262
127 484
136 202
454 38
151 8
428 137
78 245
359 135
434 296
376 20
177 69
220 194
62 96
83 39
371 422
94 144
51 481
112 441
172 172
40 124
6 431
47 235
249 293
325 157
285 42
219 376
-1
49
398 464
202 276
494 389
15 132
448 66
327 34
331 283
455 94
88 94
341 134
46 94
111 207
67 221
350 364
415 215
159 168
355 97
150 354
40 444
428 389
309 41
397 385
123 397
8 91
84 101
225 85
269 120
210 375
463 301
476 262
498 178
73 139
358 310
420 435
493 184
495 199
120 284
474 136
357 358
145 271
244 330
9 212
157 24
216 170
214 512
199 285
458 111
2 93
398 464
-1
501
332 505
292 111
412 3
454 254
451 50
132 218
350 211
250 210
366 52
211 200
442 179
430 259
25 142
165 94
383 272
205 318
108 331
373 74
390 454
168 419
407 365
488 394
301 188
393 34
479 418
339 123
444 4
231 99
347 111
77 218
184 94
149 163
187 509
326 134
294 497
257 329
56 367
485 409
293 421
82 34
365 106
459 2
237 200
256 448
188 256
295 30
251 332
343 48
129 159
278 296
235 346
89 144
436 186
508 402
228 466
7 318
300 173
75 357
334 371
420 179
122 484
252 162
201 391
250 432
109 493
40 493
473 15
301 431
70 246
432 332
511 17
219 209
311 372
468 353
287 282
117 131
115 474
286 258
36 450
257 278
344 473
271 383
296 174
103 159
183 391
33 26
14 21
272 16
255 9
178 107
423 28
218 309
28 88
42 383
305 331
211 246
310 356
247 324
489 121
407 95
233 80
251 134
291 105
462 297
286 502
390 313
404 499
73 55
501 105
380 186
184 397
208 384
277 425
217 436
144 208
442 141
96 457
35 352
95 44
433 498
373 386
247 180
383 407
488 136
129 217
500 380
345 387
241 488
496 245
360 202
290 2
135 89
35 40
444 322
441 395
20 164
250 286
201 15
196 161
335 88
251 14
66 316
12 250
171 242
328 297
382 202
55 53
348 238
164 411
171 183
149 461
427 339
402 9
61 282
256 476
323 197
288 243
272 472
191 347
127 486
445 325
282 299
504 54
267 156
204 467
356 416
359 283
37 72
4 242
419 145
400 383
358 334
146 302
414 490
495 481
222 365
26 358
233 316
192 17
166 73
423 414
33 490
427 455
93 246
122 303
466 219
350 482
163 221
114 293
478 327
223 76
274 394
404 166
471 288
510 431
155 499
346 167
294 303
392 15
467 503
325 146
177 166
337 184
183 156
479 310
225 43
48 379
450 358
305 131
244 321
422 403
321 149
473 251
166 503
272 104
331 309
255 298
309 451
104 419
205 417
442 394
161 147
400 506
475 398
334 301
489 143
185 73
94 510
291 309
239 288
235 46
357 379
96 208
305 302
70 450
505 85
265 349
219 418
447 192
324 210
292 430
89 7
74 220
498 304
452 213
314 198
111 439
487 272
87 15
434 11
337 256
12 453
368 146
298 238
335 280
243 128
45 255
254 64
161 512
231 323
82 162
301 491
295 470
226 425
118 249
247 120
281 10
484 43
84 373
424 132
398 382
349 455
31 237
135 207
470 472
166 225
40 156
410 22
493 319
79 122
106 200
181 216
259 129
474 224
210 457
437 436
17 374
39 31
218 300
192 300
474 175
84 125
268 468
319 1
485 75
449 370
480 370
296 482
331 43
144 253
434 224
507 171
372 148
85 349
209 347
28 491
405 188
169 354
293 358
323 285
4 206
490 422
397 328
126 31
483 449
99 249
291 321
313 322
115 4
256 277
155 257
201 401
193 333
314 510
344 16
114 483
15 26
242 72
447 465
93 478
54 176
291 78
202 400
251 351
159 379
381 76
281 394
126 223
58 411
59 420
490 415
384 390
417 126
347 324
255 41
395 289
301 231
279 273
194 360
153 462
230 271
81 43
135 405
273 30
68 229
334 459
437 156
48 241
5 97
111 450
149 185
359 279
458 33
458 162
168 328
229 18
316 193
485 196
196 242
82 60
341 143
107 109
222 365
445 512
147 338
342 334
485 274
244 123
109 226
23 369
119 258
34 88
270 121
214 327
159 31
444 16
234 232
114 497
9 185
165 229
149 53
298 135
299 325
366 288
313 333
112 394
439 258
12 260
118 136
425 476
402 194
100 119
214 262
188 333
331 128
320 398
245 240
12 294
373 377
40 209
179 359
435 296
94 264
177 16
56 293
314 356
91 31
190 411
292 271
355 371
18 165
412 369
232 223
77 498
291 188
116 478
186 29
400 264
287 180
457 118
464 511
12 2
89 127
51 110
14 504
464 294
80 9
141 259
305 451
80 216
5 288
241 199
492 278
158 216
27 418
265 295
20 67
251 113
399 409
254 122
133 418
451 500
444 281
508 281
119 439
39 348
37 431
261 135
267 297
85 72
33 116
398 58
3 464
69 377
478 292
507 341
156 206
287 189
112 412
71 420
321 147
37 294
423 107
313 412
262 190
415 290
127 177
389 447
269 188
201 372
486 106
33 400
294 304
362 364
348 10
56 225
294 459
428 224
50 212
377 299
418 423
391 124
487 353
48 271
460 110
14 385
468 403
72 249
99 76
492 90
332 505
-1
450
22 92
417 1
48 229
284 494
371 477
188 158
64 19
234 227
313 489
114 31
310 290
278 384
238 180
395 309
273 190
226 334
77 215
218 1
451 227
100 472
260 235
107 386
451 233
499 292
103 142
78 280
335 15
329 145
168 260
91 416
448 465
204 489
179 449
73 355
78 72
508 482
114 229
213 236
483 113
16 98
239 157
249 207
188 181
417 423
401 20
120 452
95 434
214 443
500 397
511 66
219 64
420 417
220 460
456 151
432 413
433 248
287 354
201 67
379 369
281 491
288 243
217 71
63 314
264 484
488 48
276 299
228 393
14 61
266 283
308 464
404 110
3 437
358 415
284 79
393 124
325 182
321 9
164 336
66 92
204 472
45 200
499 296
154 198
214 352
505 118
506 198
448 103
187 74
127 177
422 410
306 369
154 3
295 198
298 386
42 148
451 261
192 275
242 85
253 201
310 212
307 253
377 12
416 300
324 338
451 8
239 191
226 435
266 320
215 96
214 156
411 243
53 229
488 55
293 328
385 463
309 212
144 512
497 321
327 48
198 424
388 1
13 300
50 271
125 405
171 342
360 366
88 75
146 340
435 215
189 148
73 92
433 196
157 132
441 386
291 56
45 493
227 246
483 25
105 349
346 122
67 34
373 190
248 435
96 512
198 404
371 259
240 501
199 32
237 446
351 456
204 494
232 238
378 494
187 352
93 210
398 209
501 355
7 47
153 196
451 95
151 199
395 7
507 50
142 467
30 14
3 259
141 273
176 25
328 135
372 414
150 8
490 107
146 511
215 388
202 231
314 167
165 22
418 211
267 413
205 13
332 175
183 35
198 449
180 121
475 248
296 256
110 313
86 163
374 281
66 163
391 289
280 329
131 326
224 137
307 217
461 289
449 461
101 456
14 474
235 347
223 173
245 227
295 489
476 199
372 90
168 355
485 109
269 270
429 455
10 391
435 329
305 486
103 381
228 162
371 123
363 183
336 286
502 495
432 35
388 23
129 87
224 463
69 15
117 376
49 460
127 474
131 248
276 230
191 299
293 425
107 34
196 318
333 346
197 140
334 21
178 102
427 504
489 372
78 172
439 487
102 512
147 382
504 475
505 121
266 326
435 113
8 216
254 417
16 475
191 142
486 498
363 308
97 29
252 405
158 354
478 189
177 322
99 363
205 390
435 269
308 54
139 279
404 318
125 32
36 156
65 48
368 90
253 345
500 166
426 129
418 187
230 505
84 115
56 121
339 282
7 34
93 261
308 39
230 105
158 28
312 439
443 35
475 180
277 471
12 81
411 88
9 213
440 87
492 295
2 180
77 428
386 246
191 471
75 400
62 128
222 133
234 76
396 199
500 398
133 274
510 26
479 311
504 218
428 115
106 93
30 140
282 117
341 148
505 93
471 89
253 81
325 243
405 509
118 73
118 34
287 336
19 367
15 475
177 446
379 20
287 431
49 33
178 56
242 411
434 4
400 118
441 96
280 124
249 360
404 45
47 275
208 377
234 270
244 67
193 353
24 217
362 79
433 481
214 57
137 50
479 271
90 55
502 106
477 435
463 321
168 62
467 218
262 345
66 244
92 229
53 194
399 10
75 149
437 251
272 158
292 267
396 363
75 377
361 367
403 140
63 183
72 470
466 435
217 229
422 429
285 131
267 427
287 68
416 302
292 311
174 202
284 262
110 26
490 64
500 77
451 310
272 252
244 3
426 429
66 392
486 344
246 386
482 357
188 511
104 88
487 9
26 323
468 308
139 295
74 158
20 313
421 88
364 497
42 65
167 82
220 244
21 314
90 328
218 188
454 3
301 266
201 247
107 508
511 282
247 161
505 317
434 71
374 204
91 252
325 457
76 294
449 397
310 264
202 374
242 277
220 136
230 29
123 269
378 400
375 489
183 380
373 21
393 176
365 79
303 496
329 118
49 299
211 244
436 224
290 27
497 288
228 375
199 5
130 225
253 501
257 487
449 506
137 362
357 162
234 225
166 50
414 340
491 286
27 427
293 53
385 405
211 105
496 2
106 354
22 92
-1
134
99 286
34 327
202 345
228 315
106 80
158 3
422 402
475 429
506 511
231 472
78 330
370 366
124 370
293 205
115 362
102 203
5 179
10 199
499 256
221 322
93 228
46 187
454 474
99 267
290 72
485 263
285 65
160 340
224 347
438 497
396 21
440 503
332 410
181 8
122 383
103 167
13 10
366 225
488 256
124 54
418 433
118 83
92 312
40 376
210 26
70 299
285 218
491 505
84 262
165 398
408 35
454 278
277 238
38 398
503 389
407 392
219 150
160 72
139 76
468 85
80 128
107 56
496 13
462 276
478 448
138 394
269 48
456 70
301 299
400 294
281 253
106 2
506 91
297 405
52 399
123 151
21 180
226 431
227 403
264 499
40 350
72 185
436 227
161 201
222 475
406 178
195 21
264 51
99 114
502 377
245 395
393 118
498 358
301 126
159 462
285 480
375 78
504 86
137 394
51 390
57 27
506 367
333 349
244 251
133 233
190 246
129 143
232 477
124 252
60 195
382 47
115 437
463 197
372 203
135 84
232 403
302 23
274 161
48 418
260 217
360 191
130 252
22 14
338 59
457 177
448 51
82 138
3 144
58 188
219 70
70 397
418 279
267 438
99 286
-1
195
48 198
317 170
120 9
76 148
29 354
154 462
340 228
353 80
268 203
108 57
36 464
459 480
94 504
124 359
256 312
32 209
242 398
135 165
431 455
508 390
433 15
290 389
223 249
114 54
265 368
241 386
435 137
33 181
93 261
494 89
487 190
18 418
11 447
189 43
269 261
485 168
488 504
209 466
479 10
459 26
62 438
467 139
450 53
149 248
36 349
202 201
80 229
410 60
38 355
110 270
415 199
422 268
169 241
41 250
308 101
150 227
397 178
150 505
319 415
214 464
82 8
263 388
87 333
155 278
433 64
341 330
417 326
313 496
481 479
500 228
201 458
329 181
483 113
25 358
384 312
58 268
330 414
323 299
304 93
508 271
34 138
241 510
144 267
163 198
346 246
77 65
287 261
287 256
286 43
21 244
439 347
430 401
219 240
116 87
452 229
276 351
12 291
130 246
169 416
442 209
467 413
201 32
504 241
191 50
375 86
466 213
156 435
14 29
26 317
220 161
158 212
310 417
400 453
411 327
85 491
475 25
337 396
268 458
115 16
110 26
264 185
29 312
294 41
26 361
18 228
372 216
431 436
414 35
382 206
385 352
337 20
189 373
376 477
438 394
503 95
362 479
39 87
202 100
473 454
316 86
347 482
493 103
43 420
295 426
17 475
112 129
274 59
178 491
418 277
109 180
325 434
212 249
273 308
213 8
190 133
57 256
184 57
45 508
224 190
309 88
80 281
316 410
58 413
202 483
404 239
490 261
53 416
480 377
216 439
488 49
250 63
6 355
175 215
60 322
483 501
297 164
80 141
77 473
75 243
490 333
147 317
274 228
394 380
372 205
234 440
463 379
53 245
377 148
208 414
243 238
5 307
161 411
459 397
331 12
48 198
