30
12
12 1
366 1
504 2
512 246
512 511
152 509
10 505
8 479
1 276
1 107
2 84
12 1
-1
17
456 1
459 3
494 53
502 137
510 249
511 414
491 507
405 512
69 512
29 511
9 477
1 388
4 74
16 22
62 11
135 5
456 1
-1
14
169 4
310 4
472 6
510 12
510 318
497 373
454 502
406 506
94 512
75 509
2 424
4 51
6 34
169 4
-1
14
328 1
432 8
500 50
508 86
509 173
494 503
18 495
8 418
4 186
21 95
47 13
64 6
177 3
328 1
-1
12
252 8
343 32
452 154
449 199
406 446
275 471
144 477
62 418
34 361
6 213
40 24
252 8
-1
15
186 2
510 16
508 420
489 489
483 503
354 512
152 509
49 497
44 495
34 481
5 438
2 92
3 31
28 6
186 2
-1
16
153 1
488 2
504 5
511 95
511 155
508 385
502 472
498 487
490 512
262 512
3 510
5 99
32 37
41 25
74 9
153 1
-1
14
477 16
496 26
504 151
504 394
487 465
468 503
305 511
188 506
8 487
2 359
2 115
19 70
94 19
477 16
-1
9
501 2
511 41
498 326
458 508
66 496
35 495
9 383
21 13
501 2
-1
18
254 1
381 1
490 6
502 62
507 86
512 345
512 417
503 467
486 499
218 512
13 497
7 479
5 393
3 288
5 106
17 6
189 2
254 1
-1
19
354 4
475 21
490 39
502 69
506 103
512 303
512 372
480 491
468 497
443 507
418 507
157 505
27 497
4 459
1 389
8 30
86 14
110 10
354 4
-1
14
200 1
381 7
461 10
510 106
511 160
509 372
478 497
370 507
75 512
6 446
1 284
4 62
30 9
200 1
-1
16
356 3
510 6
512 68
512 290
508 472
495 488
481 493
307 507
43 504
12 404
5 200
12 81
14 70
62 23
107 6
356 3
-1
16
354 4
505 21
507 24
511 485
502 509
164 510
109 509
51 507
34 506
4 475
2 56
34 26
42 21
82 7
132 5
354 4
-1
13
204 16
437 20
489 40
509 262
512 305
512 386
506 482
445 499
320 510
5 509
4 110
31 22
204 16
-1
15
233 1
493 5
512 19
511 339
504 504
468 509
452 510
97 512
22 512
8 378
7 350
3 34
38 6
71 3
233 1
-1
12
127 57
226 95
368 152
389 162
486 308
495 361
458 436
414 471
103 486
19 466
15 135
127 57
-1
13
72 1
495 1
502 7
511 77
497 473
496 491
407 512
284 512
4 509
8 80
11 13
36 4
72 1
-1
14
13 1
108 1
376 9
501 28
509 215
511 378
496 508
134 511
45 511
15 479
2 439
1 269
6 55
13 1
-1
13
104 2
297 4
334 5
435 43
494 126
500 246
502 471
497 508
142 508
108 493
5 433
4 7
104 2
-1
18
73 1
147 1
382 2
417 7
479 19
508 55
509 91
511 397
506 455
499 511
336 510
11 507
3 135
10 89
16 68
36 18
41 13
73 1
-1
11
265 3
474 6
512 10
511 509
105 510
46 509
4 479
2 195
18 16
231 4
265 3
-1
20
111 1
316 2
446 9
468 11
495 19
500 99
512 310
511 419
506 447
503 458
326 501
194 501
131 497
54 482
32 477
9 403
7 346
6 305
1 2
111 1
-1
13
176 6
485 22
508 75
498 373
485 441
364 499
226 504
120 503
18 445
7 180
9 48
23 20
176 6
-1
15
187 3
422 4
479 21
511 58
512 88
511 432
509 469
485 506
301 512
73 511
6 431
3 264
18 48
28 18
187 3
-1
11
157 24
327 34
448 66
498 178
494 389
398 464
214 512
40 444
9 212
2 93
157 24
-1
15
319 1
459 2
511 17
510 431
495 481
464 511
445 512
161 512
94 510
14 504
3 464
4 206
5 97
12 2
319 1
-1
21
218 1
417 1
496 2
510 26
511 66
511 282
508 482
502 495
449 506
405 509
144 512
96 512
45 493
15 475
14 474
3 437
2 180
7 34
30 14
154 3
218 1
-1
13
106 2
158 3
496 13
506 91
506 511
264 499
159 462
48 418
38 398
5 179
3 144
13 10
106 2
-1
15
82 8
213 8
479 10
503 95
508 271
508 390
488 504
241 510
45 508
17 475
11 447
6 355
5 307
14 29
82 8
