20
19 0
0 0
0 0
0 0
0 0
0 0
1 1
1 0
0 1
0 1
0
0
0
0
0
0
0
1
0
1
23 1
1 0
1 0
1 1
1 1
1 0
0 1
1 1
1 1
1 1
1 1
1 1
0
0
1
0
0
0
1
0
1
0
0
1
19 0
0 0
0 0
0 0
0 0
0 0
1 0
0 0
0 0
0 0
0
0
0
0
0
0
0
0
0
0
17 0
1 1
1 0
0 1
1 1
1 0
0 1
0 1
1 0
1
1
1
0
1
1
0
1
1
7 1
0 1
1 1
1 1
0
1
0
1
9 0
0 1
0 0
0 0
1 0
0
1
0
1
1
15 0
0 0
0 0
1 0
0 1
0 1
1 0
0 0
0
1
1
0
1
1
0
0
29 0
1 0
0 0
0 0
0 0
0 0
0 0
0 1
0 1
0 1
0 1
0 1
0 1
0 1
0 1
1
1
0
1
0
0
1
1
0
1
0
0
1
1
0
29 1
0 1
1 1
1 0
1 0
1 0
1 0
1 0
1 1
1 1
1 1
1 1
1 1
1 1
1 1
1
1
0
0
1
1
0
1
0
0
1
0
1
1
0
3 0
1 1
0
1
27 0
1 0
0 0
0 1
0 0
0 0
0 0
0 1
0 1
0 1
0 1
0 1
0 1
1 0
1
0
0
1
0
1
1
0
1
0
1
0
0
0
11 1
0 1
1 0
1 1
1 0
1 1
0
1
1
1
1
0
5 1
0 0
0 1
0
0
0
5 0
1 1
0 1
1
1
1
27 1
1 0
1 0
1 1
1 1
1 0
1 0
0 1
1 1
0 0
1 1
1 1
1 1
1 1
0
0
0
1
0
0
1
0
1
0
0
1
1
0
17 0
0 0
0 0
1 0
0 1
0 1
0 1
0 1
0 1
1
0
1
1
0
1
0
1
0
29 1
1 0
1 1
1 0
1 1
1 1
1 0
1 1
1 1
1 1
0 1
1 1
1 1
1 1
1 1
0
1
0
0
1
0
0
0
1
1
0
0
1
0
1
29 0
0 0
0 0
1 1
0 0
1 0
0 1
0 0
0 1
0 1
0 1
0 1
0 1
0 1
1 0
0
1
0
1
0
1
0
1
0
0
1
0
1
0
0
23 1
0 0
0 1
1 0
0 1
0 1
0 1
0 0
0 1
1 0
0 1
0 1
0
0
0
1
0
0
1
0
0
0
0
0
5 0
1 0
1 1
1
1
1
