1
3
2 1 0 5 10 2 4 0
0 3 0 2 7 1 1 2
3 3 0 5 1 1 2 0

2
0 3 0 2 10 2 3 -2
10 3 2 3 8 7 2 0

1
10
88496 10 -100 -75 756253 7838 9 -31651
88496 10 72 83 26985 7838 7 43890
88496 10 -27 76 820308 7838 -1 -78636
88496 10 28 94 551135 7838 -1 -16659
88496 10 -19 70 424695 7838 9 7288
88496 10 43 47 437993 7838 -8 54734
88496 10 -8 31 216377 7838 3 -9124
88496 10 7 94 74802 7838 4 -5015
88496 10 -19 0 991771 7838 4 -27221
88496 10 14 74 867000 7838 -7 10363

2
2
0 3 0 2 10 2 3 -2
10 3 2 3 8 7 2 0
3
1 2 0 5 10 2 8 0
0 3 0 1 7 1 2 2
3 3 0 5 1 1 4 0