100
8 16
62521
18609
14786
10786
43394
13617
56501
93615
5 8
1 2
3 6
5 7
3 8
1 3
2 7
1 5
1 4
2 6
3 4
4 7
7 8
2 5
1 7
1 6
8 15
26907
62678
85945
39514
59130
45135
21279
12933
2 4
3 8
2 7
3 6
5 6
1 3
2 3
6 7
1 7
6 8
7 8
1 5
3 5
4 6
1 2
3 2
82238
53231
25399
1 2
2 3
5 8
60211
75408
24664
59850
22003
3 5
1 4
2 3
2 4
1 5
3 4
4 5
1 2
4 4
98144
86003
54266
71786
3 4
1 2
1 3
2 4
6 6
10001
10002
10003
10004
10005
10006
1 2
1 6
2 3
2 4
3 5
4 5
5 7
93192
81995
90312
58208
98810
2 5
2 4
2 3
1 2
1 3
4 5
1 4
5 4
36642
28444
50012
29651
10953
1 4
2 3
2 5
4 5
6 8
96462
46961
81996
26617
40080
42907
3 4
4 5
1 2
2 3
2 6
4 6
3 5
2 5
6 13
30531
39331
64530
13647
29052
18098
3 6
4 6
5 6
1 4
1 5
2 3
2 4
2 5
2 6
1 6
1 2
1 3
3 4
1 0
70435
3 2
91401
87417
82659
1 2
1 3
3 2
41961
66806
89453
2 3
1 2
1 0
12740
6 10
15367
43316
58101
64146
69237
54764
1 5
4 5
3 6
2 4
3 4
1 2
3 5
2 3
2 5
4 6
3 2
43366
56103
49398
1 2
1 3
6 7
10001
10002
10003
10004
10005
10006
1 2
2 3
1 4
4 5
3 5
3 6
2 6
4 3
29606
35786
23274
54088
1 3
1 2
2 4
4 3
96633
28099
92037
23859
1 4
1 2
1 3
4 3
55353
80005
63589
43642
1 3
1 4
1 2
2 1
64079
41615
1 2
8 8
49608
27170
97122
92131
83250
67710
30909
61110
4 7
1 5
7 8
2 4
1 2
1 3
4 8
1 6
3 2
15459
91093
91588
2 3
1 2
6 10
89982
10763
37849
76575
68961
32698
4 6
1 4
1 2
3 5
1 3
5 6
4 5
3 4
1 5
1 6
8 27
25539
47523
70272
25184
96421
44598
45313
61910
1 4
3 7
3 8
4 8
6 7
4 7
3 5
2 8
4 5
1 7
2 3
1 5
1 8
2 5
6 8
3 4
3 6
1 3
1 6
1 2
5 7
4 6
2 7
2 6
2 4
5 6
5 8
4 5
51376
89762
74102
48265
2 4
1 2
2 3
1 4
1 3
1 0
71591
8 16
65967
66888
50102
85442
10462
80556
79069
38604
1 2
5 6
1 3
2 3
4 5
3 5
6 7
1 6
2 6
2 5
3 7
4 7
3 4
3 8
5 8
3 6
3 2
14974
39961
15540
1 3
1 2
4 4
41294
66699
46795
97620
1 2
3 4
2 4
1 3
5 6
10001
10002
10003
10004
10005
1 2
2 5
3 5
1 3
1 4
2 4
8 25
58897
17971
44479
54617
17478
73301
26659
91166
2 8
1 3
2 6
1 5
6 7
4 7
2 7
3 4
4 5
3 5
1 6
7 8
2 3
1 2
2 5
4 8
5 6
1 7
4 6
5 8
5 7
3 6
6 8
3 8
1 4
4 5
95964
51821
49038
40011
2 4
1 2
1 3
1 4
3 4
1 0
79637
8 21
91514
42633
96033
23286
69015
42566
20927
12802
5 6
3 5
4 5
3 7
2 4
3 4
4 6
1 7
7 8
2 7
1 2
6 8
6 7
5 8
5 7
1 4
1 3
2 6
4 7
3 6
1 8
8 13
10001
10002
10003
10004
10005
10006
10007
10008
1 3
1 5
1 7
3 5
3 7
5 7
2 4
2 6
2 8
4 6
4 8
6 8
3 4
1 0
31482
5 4
10001
10002
10003
10004
10005
1 4
1 3
3 5
2 5
8 23
97308
22472
75547
38189
37818
24998
89957
34672
4 5
3 5
3 7
4 8
1 5
2 3
1 7
1 8
5 7
3 6
7 8
2 5
4 7
1 2
1 4
3 4
1 3
5 6
5 8
4 6
2 7
1 6
6 7
7 15
70110
25307
57760
12054
18066
75659
78931
2 6
1 5
4 6
2 3
1 2
5 6
3 6
3 7
3 4
1 7
4 5
2 7
3 5
1 4
4 7
7 12
80330
11130
49216
99934
74056
83070
93859
3 4
1 2
2 5
2 3
4 5
3 7
2 7
4 7
3 6
1 6
2 6
6 7
8 8
53242
90416
25420
36381
40181
91289
43787
27755
1 6
1 3
3 4
4 5
6 7
1 2
4 6
1 8
8 24
85000
78076
28329
35427
51361
75477
76708
34014
6 7
2 7
3 4
1 7
3 7
2 5
3 6
5 7
1 3
3 8
4 5
1 4
7 8
5 8
1 5
6 8
3 5
2 4
5 6
1 6
2 3
4 6
1 2
2 6
8 13
77084
10934
60904
88767
44937
61125
73427
97073
1 7
3 4
2 5
5 8
4 7
4 8
2 6
2 8
1 3
2 7
1 2
6 8
1 4
1 0
61667
4 4
10001
10002
10003
10004
1 2
1 3
2 4
3 4
7 20
75175
35982
61476
73301
84772
84150
85530
1 3
2 5
1 7
4 7
5 6
1 5
2 7
3 4
5 7
3 7
1 2
4 6
2 3
3 5
2 4
4 5
3 6
2 6
1 6
1 4
5 4
45952
22310
18744
46606
23250
1 5
3 4
1 2
2 3
7 18
82926
14454
58470
37820
95923
39258
22753
1 7
3 6
4 7
6 7
3 7
1 2
4 6
1 4
1 5
2 6
2 5
5 7
5 6
1 6
1 3
2 4
2 3
3 4
8 28
10001
10002
10003
10004
10005
10006
10007
10008
1 2
1 3
1 4
1 5
1 6
1 7
1 8
2 3
2 4
2 5
2 6
2 7
2 8
3 4
3 5
3 6
3 7
3 8
4 5
4 6
4 7
4 8
5 6
5 7
5 8
6 7
6 8
7 8
2 1
76301
28552
1 2
4 5
42339
70564
24142
99645
1 3
1 2
2 4
2 3
3 4
4 5
29915
37639
74659
30547
1 4
1 2
1 3
2 3
2 4
3 2
45211
80363
92602
1 3
1 2
5 4
43374
21474
96172
24555
46476
1 4
1 2
2 3
4 5
3 2
73484
90333
68372
1 3
1 2
2 1
84189
68262
1 2
4 4
60910
75156
22357
83415
3 4
1 2
1 4
2 3
1 0
10001
2 1
10001
10002
1 2
7 12
61763
40063
19110
82270
60647
50245
57134
2 4
2 7
4 7
4 6
3 6
4 5
5 6
1 7
2 5
2 6
2 3
1 2
6 9
29812
11142
44603
69014
55845
85996
1 4
3 6
5 6
4 5
4 6
1 2
1 5
3 4
1 3
5 5
47715
96375
48811
53046
11258
2 3
1 5
2 4
1 2
3 5
8 9
10001
10002
10003
10004
10005
10006
10007
10008
1 3
3 5
5 7
1 7
2 4
4 6
6 8
2 8
3 4
6 5
10001
10002
10003
10004
10005
10006
1 5
1 2
2 3
2 6
4 6
2 1
30595
68734
1 2
4 5
15897
10606
82604
24666
2 4
3 4
2 3
1 3
1 2
6 14
66461
35700
13756
23602
80616
90539
2 3
2 6
3 4
3 5
1 4
5 6
2 4
4 6
1 3
2 5
1 2
1 6
1 5
4 5
5 4
31901
16041
75881
94462
25693
3 4
1 2
1 3
4 5
8 14
73890
51681
60469
18756
88331
94013
60776
65734
1 2
2 4
2 8
1 7
2 6
4 5
1 3
6 7
4 6
6 8
2 7
3 4
3 8
5 7
7 8
76764
89721
53568
28067
59182
50323
53290
1 4
4 6
3 5
1 3
2 5
1 2
5 7
2 4
3 2
81356
55601
21312
1 2
2 3
4 5
74890
18818
92310
90812
1 3
2 4
1 4
2 3
1 2
1 0
23299
4 3
10001
10002
10003
10004
1 2
1 3
2 4
3 2
97458
39261
53742
1 2
2 3
4 3
41941
72913
89146
80540
2 3
1 4
1 2
3 2
10001
20000
10000
1 2
2 3
3 2
36403
22529
69441
1 2
1 3
5 5
36642
28444
50012
29651
10953
1 2
1 4
2 3
2 5
4 5
6 14
24812
19872
81124
97334
28605
52922
1 3
5 6
1 5
1 4
2 4
3 6
2 3
1 6
3 5
1 2
2 5
2 6
3 4
4 5
8 20
93871
33385
64468
97095
97615
70516
88413
22961
2 8
2 4
6 8
1 3
4 6
2 3
1 4
3 6
1 8
1 6
5 7
2 6
2 5
7 8
1 2
4 7
1 5
3 8
2 7
6 7
1 0
35804
2 1
15461
65810
1 2
8 21
89635
61217
55100
90155
60956
75195
39778
77077
1 3
2 7
1 7
1 2
4 7
5 7
4 6
4 8
7 8
1 6
5 6
4 5
3 6
2 8
3 4
1 4
2 3
2 6
2 5
6 7
3 8
6 8
29699
89827
45252
55670
25501
25112
4 5
2 4
2 6
1 2
1 4
3 6
1 3
2 3
7 19
99262
74586
74574
60835
25416
89770
92308
3 4
4 6
5 6
1 3
1 4
2 3
4 5
3 6
2 6
2 7
2 4
6 7
1 2
1 6
5 7
2 5
3 5
4 7
1 5
5 4
28927
16514
91270
52287
53076
1 2
2 4
2 3
4 5
1 0
81936
8 25
11858
74234
40102
31820
21299
41567
92279
74658
2 6
3 7
4 6
1 3
1 7
3 6
3 8
6 8
2 8
1 5
4 5
3 5
2 5
5 7
6 7
5 8
1 8
1 2
2 7
4 7
5 6
7 8
3 4
4 8
2 4
3 2
11371
63823
91334
2 3
1 2
6 6
10001
10002
10003
10004
10005
10006
1 2
2 3
1 4
4 5
3 5
3 6
3 2
44046
57840
79540
1 3
1 2
5 7
17174
37754
84969
29000
97022
1 5
2 5
3 4
2 3
1 2
4 5
1 3
5 7
12722
14648
87805
97202
27054
2 3
1 3
3 4
1 5
3 5
2 4
1 2
2 1
15489
27215
1 2
4 3
93791
94982
57583
46014
2 3
1 4
1 2
6 6
78684
87150
10183
78188
23884
14454
1 4
5 6
1 2
3 5
1 3
2 6
4 5
58652
46779
51832
82717
2 3
1 2
3 4
1 4
2 4
6 8
22627
54815
17746
13832
72385
31838
3 4
1 4
2 5
1 3
1 2
2 6
2 3
1 6
