1

39 70
64357
88694
19777
40474
30852
83243
44460
49359
71670
52314
10348
88522
67096
73473
58456
89891
50373
71562
46203
27663
15377
50891
40634
38557
75522
71378
58720
32415
40161
91508
91872
94518
86554
18001
34993
23758
97596
75805
63118
29 38
19 30
13 31
6 25
9 37
8 14
12 22
6 16
10 15
19 27
22 35
4 14
4 26
1 6
1 23
5 25
2 13
31 35
30 33
9 11
1 3
2 34
7 11
32 39
5 7
3 8
21 22
28 37
3 31
10 21
4 9
3 14
1 5
1 13
3 26
27 36
2 28
8 21
11 33
38 39
7 34
25 32
9 18
5 28
19 29
7 24
6 10
4 20
1 2
5 17
7 26
13 28
26 32
14 17
18 21
18 32
2 4
10 28
21 32
1 20
8 12
8 19
14 23
8 10
7 27
12 38
15 25
26 39
13 15
19 25


8 8
49608
27170
97122
92131
83250
67710
30909
61110
4 7
1 5
7 8
2 4
1 2
1 3
4 8
1 6

4 3
1
2
3
4
2 4
1 2
1 3

6 6
10001
10002
10003
10004
10005
10006
1 2
1 6
2 3
2 4
3 5
4 5

1
50 20 18

5
2
mmaw
maw
2
gcj
cj
3
aaabbb
ab
aabb
2
abc
abc
3
aabc
abbc
abcc