12

2 4
3 1 1 1
4 3 3 4 4

7 5
4 5 4 5 5
46 4 1 1 4 1 4 5 4 5 1 2 2 5 5 5 2 3 5 5 2 5 5 5 5 1 5 1 1 2 3 3 4 5 1 1 4 2 3 5 2 2 5 5 4 4 3
41 2 5 3 5 3 5 1 3 1 5 4 5 5 3 5 1 2 3 2 1 1 3 4 5 1 1 4 3 2 2 2 2 3 5 2 3 1 3 3 1 4
12 1 3 4 3 2 3 1 1 2 4 2 2
31 5 5 3 2 2 1 3 4 5 4 1 3 5 4 3 2 3 5 5 1 4 3 3 2 4 1 3 5 3 3 4
19 5 1 1 3 4 1 2 2 1 5 1 4 1 4 1 3 1 3 3
44 3 2 2 3 5 1 1 5 3 2 2 4 3 2 3 1 5 5 2 2 4 2 1 4 1 5 5 5 1 4 5 5 4 3 1 3 4 5 1 2 4 4 5 4

7 20
19 6 8 13 5 10 6 5 10 11 10 20 19 19 9 15 5 4 18 2
18 1 20 6 18 10 12 8 14 16 11 3 4 3 7 10 3 11 15
12 7 18 20 4 17 8 7 20 11 2 6 5
16 16 9 12 20 16 3 19 17 9 7 18 7 13 4 10 17
22 11 20 7 1 9 6 20 2 11 19 7 9 19 18 20 6 10 14 14 17 6 10
13 9 10 5 2 1 12 8 8 1 5 5 14 6
32 20 12 11 4 18 20 10 9 4 5 3 16 3 3 18 8 3 7 14 17 10 19 9 17 11 2 17 12 4 1 1 20

7 24
14 5 23 13 16 14 5 5 3 14 16 22 22 3 15
11 9 8 2 10 8 22 5 10 24 15 18
4 17 21 6 14
50 5 17 10 24 18 13 4 13 2 2 6 4 17 7 6 1 15 23 3 13 3 7 4 23 19 20 4 2 19 22 14 13 9 3 5 11 3 11 22 5 22 17 19 14 13 14 8 2 10 5
50 1 16 6 17 6 23 24 21 21 1 21 19 19 8 2 13 15 23 20 4 23 18 11 7 24 2 7 6 22 13 17 7 17 2 17 10 11 7 4 1 22 24 2 22 18 21 23 1 13 6
50 13 17 15 24 2 5 18 17 23 20 19 6 23 20 18 21 7 23 24 9 22 22 23 10 17 13 24 7 20 18 4 14 2 18 12 9 18 24 5 20 5 5 13 16 20 13 3 16 23 22
33 13 8 7 12 6 9 11 13 24 21 16 20 15 17 15 4 22 15 1 16 1 17 16 22 21 24 10 4 19 5 17 10 22

9 14
20 13 10 2 12 4 9 8 4 9 14 9 12 5 9 2 14 5 14 13 5
49 12 13 10 9 2 10 14 2 13 6 4 1 6 12 1 7 4 7 7 5 12 12 9 7 8 1 14 5 11 2 3 13 12 7 4 4 7 5 11 4 12 1 11 1 10 3 8 9 4
30 9 1 5 8 10 7 3 14 6 10 7 4 5 4 12 11 5 3 11 1 3 1 12 2 4 10 7 11 3 11
46 14 13 14 1 10 13 14 11 14 7 8 13 14 4 6 4 8 2 3 3 9 8 12 2 4 11 14 6 5 2 8 10 11 14 5 9 4 3 3 9 11 11 3 12 5 13
10 3 1 13 7 9 2 11 13 5 2
43 7 12 8 3 9 13 9 9 2 8 8 4 5 4 3 2 10 2 5 14 11 11 7 4 5 4 5 10 5 14 12 3 14 10 9 10 11 10 9 12 13 5 2
21 4 10 13 2 13 13 14 3 12 7 7 8 1 4 7 3 2 13 13 4 5
37 12 8 5 10 2 14 1 7 4 8 14 14 12 6 6 4 6 12 7 11 8 3 12 14 7 6 4 4 1 4 6 4 11 3 13 1 13
39 9 3 9 3 12 13 7 11 14 10 14 7 4 2 7 6 6 1 12 6 9 11 7 9 10 5 2 10 4 12 13 9 14 4 8 9 10 4 11

7 18
21 2 2 13 18 11 1 8 8 1 2 17 8 17 13 3 14 17 11 10 13 18
3 6 1 1
44 14 1 17 10 1 6 2 16 5 15 11 2 18 9 10 16 8 11 11 18 11 12 2 12 16 17 5 11 11 15 2 14 17 18 6 16 9 8 4 4 5 3 5 3
4 13 16 13 6
22 7 4 11 9 2 6 5 6 17 15 4 12 9 11 5 5 7 10 14 16 13 17
15 4 2 12 1 11 18 11 7 14 3 15 9 7 18 5
27 11 13 8 1 5 18 13 1 14 2 7 6 14 14 18 7 16 7 17 1 5 2 15 11 9 1 12

8 25
21 25 6 7 9 15 15 2 21 22 19 6 6 1 13 10 21 12 12 18 25 5
0
35 3 13 8 6 19 19 17 17 12 21 4 19 25 23 21 11 4 23 17 19 24 24 24 3 18 13 23 17 24 5 22 5 5 24 7
32 6 1 23 10 20 10 20 25 11 16 1 7 7 15 18 19 19 11 14 18 4 10 11 15 2 19 16 22 24 6 13 13
1 20
16 8 3 3 5 9 4 23 7 9 7 18 20 8 22 25 3
1 12
10 15 25 2 4 16 7 6 22 10 9

10 24
24 7 5 1 17 14 6 23 19 6 13 14 3 1 8 20 16 11 24 1 2 15 20 13 7
36 21 7 10 2 23 7 21 1 21 1 18 20 20 9 23 20 4 14 6 12 4 21 4 18 23 17 5 3 21 12 1 20 4 20 6 20
46 18 14 15 23 11 1 9 13 9 2 11 19 17 16 17 24 24 8 9 21 10 2 14 10 20 3 22 17 3 1 18 3 18 13 3 14 10 22 17 7 15 22 5 1 21 15
11 22 2 22 19 7 5 12 5 6 24 17
11 3 23 18 5 12 6 9 12 21 22 11
3 5 21 19
35 1 13 24 9 20 24 23 15 7 9 4 19 2 22 18 9 24 9 9 12 4 15 18 5 3 2 10 5 4 17 23 17 16 4 7
32 11 11 7 8 3 6 7 5 3 3 22 20 15 1 24 11 10 13 22 20 19 12 17 12 24 17 22 17 3 10 22 22
16 14 14 18 19 12 7 21 1 19 15 12 6 18 23 11 23
19 19 16 15 7 11 18 10 1 15 20 24 24 8 15 7 18 10 19 16

10 20
18 16 4 12 8 12 8 8 2 8 4 4 14 7 11 5 9 4 7
31 3 11 1 10 5 8 15 4 17 17 5 7 9 4 15 11 15 11 6 12 10 16 12 17 2 17 16 18 7 18 6
29 17 17 11 18 11 13 9 4 4 16 7 1 18 13 4 14 11 11 6 7 9 17 6 3 8 2 6 12 8
24 3 15 9 9 15 10 20 1 10 5 20 13 14 16 10 7 20 6 15 9 9 8 3 3
0
31 14 19 19 14 16 6 20 14 2 18 18 17 12 10 20 11 15 10 16 9 3 14 7 2 1 10 9 17 17 16 9
7 9 13 4 18 9 1 8
11 12 11 1 4 10 2 3 16 6 15 2
16 8 15 19 20 2 4 19 12 5 3 18 12 3 2 6 13
34 6 11 14 6 9 14 7 18 13 12 13 9 18 16 16 7 18 16 4 11 2 9 2 11 15 1 20 8 19 1 6 5 6 14

10 18
21 4 11 18 4 5 8 5 4 4 14 8 14 6 16 4 8 7 14 2 11 7
42 7 6 14 18 7 11 7 1 2 12 13 4 11 16 16 6 17 3 9 15 3 16 5 10 2 8 12 12 10 14 8 13 10 18 13 4 6 14 6 14 11 11
28 13 2 3 3 1 4 14 12 3 9 13 6 6 13 9 18 6 12 18 7 3 9 15 15 4 14 4 17
33 10 14 7 4 2 8 13 11 3 7 9 18 13 5 1 14 17 3 18 7 15 16 5 18 11 13 13 1 14 18 2 17 8
31 11 16 18 13 10 4 16 3 8 6 3 11 15 16 18 16 8 16 5 12 9 8 4 12 7 10 10 18 4 4 9
35 13 16 17 9 6 14 12 2 8 5 6 2 4 2 3 3 2 9 6 4 4 4 3 14 4 7 3 15 15 14 9 7 8 1 2
46 18 5 18 17 7 14 15 7 1 8 8 8 13 4 15 15 10 5 8 8 3 5 12 16 9 15 5 17 12 13 3 7 14 14 9 10 8 4 9 9 16 4 12 11 11 6
44 1 15 17 17 16 11 18 16 9 16 4 1 6 12 2 4 1 3 17 12 8 5 15 17 5 8 13 4 6 1 5 13 1 10 3 11 17 3 17 14 13 13 15 3
4 16 10 13 9
17 13 11 16 12 2 4 11 6 5 14 14 13 1 7 11 8 9

8 20
17 5 14 19 10 13 20 11 13 7 15 7 13 6 15 17 13 14
44 7 6 1 16 15 6 17 9 3 20 4 5 1 3 10 15 3 12 15 2 16 20 3 7 18 6 20 18 1 17 1 18 6 5 3 17 18 16 1 16 9 1 10 8
25 1 19 7 10 4 13 12 18 8 18 2 18 12 14 7 7 13 1 10 5 8 17 16 1 14
40 17 7 13 5 7 19 1 1 9 17 19 9 10 7 7 16 14 11 9 18 6 14 9 1 19 3 2 9 13 20 14 17 10 16 18 10 5 18 13 1
33 20 17 4 4 14 5 6 1 16 6 15 14 8 17 19 15 13 1 6 10 4 6 8 20 9 16 12 20 19 8 14 2 11
45 7 6 6 10 4 10 3 5 6 15 10 4 2 13 7 1 9 1 16 13 2 20 2 11 8 6 14 18 13 8 18 10 16 6 13 10 2 10 11 19 7 17 11 7 1
1 7
29 19 4 12 17 15 5 3 12 3 16 13 6 13 18 19 12 14 8 3 19 8 5 7 11 15 1 19 19 6

5 25
29 12 21 20 2 21 6 16 23 2 19 9 17 5 6 20 22 16 6 23 8 10 6 20 15 18 5 3 17 19
35 13 18 18 16 13 19 22 14 11 5 1 21 25 11 4 10 4 17 15 19 8 10 20 7 4 17 10 5 16 10 22 19 23 7 9
23 8 21 21 12 2 9 6 15 21 7 15 18 1 22 11 21 12 20 1 6 21 20 6
33 7 9 7 16 4 19 9 15 4 24 15 6 2 15 7 14 17 21 6 17 20 9 9 5 7 18 21 19 11 24 9 14 20
28 12 11 24 6 17 16 16 23 20 4 19 6 3 3 20 22 1 10 10 4 5 8 21 9 8 12 22 14


2
 2 5
 6 1 1 1 1 1 1
 3 1 2 2
 3 5
 4 1 2 1 1
 3 2 2 2
 5 1 3 4 4 3