1
7
1 2
2 3
3 2
4 3
5 2
7 3
8 2

1
8
1 2
2 3
3 2
4 3
5 2
6 1
7 3
8 2

      1       3           6                                   
  0       2       4           7                               
                      5            

1
8
1 2
2 3
3 2
4 1
5 3
6 2
7 1
8 2

                                                              
      1           4                                           
  0       2           5       7                               
              3           6       

1
3
1 1
2 2
3 1

3


1
3
10 10
8 15
12 7