20
1
0 0
1 0
0 1
1 1
1
1 0
0 1
-1 0
0 -1
1
0 -1000000
0 -999999
1 1000000
1 999999
1
-1000000 -1000000
-999999 -1000000
999999 999999
999999 1000000
10
793427 -788040
-227092 995366
394722 -869954
-299321 778599
327877 684726
656171 722792
488778 994942
667123 133524
-589864 -621187
-574884 -227273
525445 -162388
-339676 461951
-978057 353326
685925 323294
-268213 892757
359852 -15094
463871 119199
-268267 -323607
-180766 996988
737168 -735602
-325349 -603023
37126 -721274
263633 -320290
472271 920461
-809983 523971
511041 -591192
192264 -786044
398260 611762
-824425 -247590
-252225 -451821
373741 -433274
-177329 -673701
-872966 -19696
-461741 258315
-41639 465909
-178621 -546994
863593 663381
571410 -752051
356103 858505
733851 531227
8
-188037 -69552
732078 -457073
-171588 -471937
333672 136873
921683 898964
-197078 143969
-269721 560815
-101609 963450
179622 -238092
-968371 -179849
-698310 881744
-145808 216173
304835 752583
-430425 -872239
-129748 133864
-424229 -102235
958681 -618941
-498268 375153
364208 -897437
-291974 319796
665718 775358
575635 -123806
650743 492167
632240 -740005
-103449 429125
-427769 157722
-23917 70091
-545658 -673033
136653 665898
879328 761501
772351 -484095
486480 -78527
7
892581 844480
-36065 -467748
150325 -68316
27046 -233567
-455662 -389927
-456319 -551776
499226 377373
-469371 -616682
369123 385860
-126170 -781809
-564162 12190
-15848 -608860
-358798 -768153
111795 -79643
-124705 -231212
215338 75727
771414 668859
148752 85135
574509 419952
-138365 -485537
314464 124417
-486777 243378
781415 764488
593943 15465
-445337 -839453
878653 310719
303517 -131394
-255716 147353
10
-334869 588386
-173738 -827848
-901006 -637059
-100126 -714709
-317527 -532279
-361110 630985
-588231 27424
-477307 -976822
-301890 270980
-117233 -18343
-267977 -403849
-339642 851806
-352209 918605
-263316 -135161
4153 324606
-333353 -640553
-32740 794914
-306657 110498
-162692 209236
-775816 -371728
-164988 -862415
-296283 749173
-369145 720652
-351750 -134212
-370086 807100
-238962 -252335
-297177 770776
-360906 -158641
-220756 -975357
-278697 -510456
-187618 107087
42735 235871
-636901 -334292
-438610 -728857
-224894 641533
73930 -576519
-102856 52314
-344522 301949
-81314 -811753
443778 -64201
10
-57 -64
-27 76
70 -19
-97 -5
71 68
98 94
-91 -57
65 51
94 -69
-62 72
-100 -75
-79 -93
25 43
93 -93
74 -68
83 -99
7 -52
-40 76
71 52
28 53
-85 14
-77 16
84 17
99 -35
7 6
-20 -10
67 -11
-19 0
-10 -46
57 100
76 18
-19 -67
-11 -91
45 -76
-95 -84
-8 31
-86 -37
38 -78
37 7
-67 -27
10
-760295 371419
-507490 22725
-206449 512173
830813 166653
-518731 71128
-601104 444657
719787 878238
-203262 308147
695465 583636
-895102 69990
-391220 269057
480351 446492
472264 373940
-261144 373535
-753326 221989
543298 445796
914694 302479
406573 327550
-638355 391299
-105937 400486
-715826 501131
-762528 243380
194693 399638
193016 535351
318710 318685
-699362 299494
-202262 354574
-60382 760839
31054 388852
958890 523050
-621167 332493
-206305 360251
945460 319840
225778 423862
476459 423712
-232575 138609
460312 700733
-544826 -891442
-190998 -320377
16411 381865
8
993910 843299
-819508 -232360
-7891 -868208
-416667 44479
-750622 185500
-99907 -102942
-970228 285140
111583 27041
902944 -551270
205963 563573
658136 654843
64812 492411
46430 705539
-771151 -37601
-840244 -649696
924099 -792421
756630 -767586
-761495 -570130
928555 286570
-529434 -693507
-714593 -691095
-132715 -972646
113796 414587
733653 731053
-209405 584362
100531 -314194
-158215 -402148
285493 349375
312495 169040
-104915 942544
529941 153104
88318 -584407
10
-494920 -232189
604986 509126
-445137 -180815
584405 472420
-630668 -405995
-857514 -537909
453765 451862
-428526 -220880
366707 373025
-31085 -14982
707300 -235120
73628 -90450
962100 668334
617548 581010
174567 325769
-811700 268873
-972416 -302326
-998265 523943
869933 -30568
184421 349245
355657 646193
186579 363110
-963861 -783533
-174103 -14470
44671 207533
415711 845586
473288 584516
427632 866908
-139642 56859
-400708 52596
-45203 693315
570192 885676
178988 305248
737376 833919
910857 -193118
710957 604680
284288 873525
518687 615059
355604 612297
-690734 178790
8
598748 -145127
73874 -422327
658093 86599
-165470 51158
-919816 223651
-871129 -846173
-662981 -760875
754028 958617
-856211 908345
-729078 -999898
676852 917017
-658922 -229336
-198128 -824748
-407644 -905805
-632683 763405
875419 421718
-208591 571820
821125 -404595
117108 828489
343074 -534062
-64767 -653617
324660 -668811
337749 86713
-894047 453302
743836 -324431
-541102 757036
713409 250307
-219175 -4379
846282 774266
-947189 684152
-574616 251082
-500258 849789
7
-407642 -566350
625215 689744
-530621 394888
694955 -266986
-389614 -70510
-462564 -516885
-945159 241535
-659617 -848585
351997 598701
250542 531506
-414935 -128798
-237500 184414
-778693 142099
-171314 -325925
80997 -924340
-147956 -443440
-590182 353023
-380766 276169
975841 134415
-578413 661116
-567405 330236
-684556 917650
-814606 -839504
-596998 -786134
-218055 327837
-482296 -246974
544103 -251297
884397 -54504
10
-659680 636465
-737659 -699501
-507490 73744
854823 586884
-104619 -326217
-481131 -559673
-622292 183658
225907 -740065
-668650 54731
-487506 468790
883241 379565
-700800 -937554
-566023 489428
215477 516992
-108416 554741
-592287 -470369
903310 293264
-409265 418619
-244471 -92757
346497 522430
-38086 168928
-840404 -744512
46130 -419439
634605 -287683
422809 788066
439147 -93318
539501 870912
-457467 410453
-972387 420882
797179 466486
-776342 -287899
747842 650694
-641675 429776
-778937 571767
-151605 -774588
483874 854106
-827152 -832637
-100250 -947818
-577340 -688978
-303005 -731231
10
65 2
75 26
10 85
-89 -50
-54 -50
-57 26
-23 64
6 60
-69 5
-68 23
-69 -24
-31 -34
100 31
73 13
-96 89
43 -54
-21 83
-14 -23
48 -4
-50 22
8 -89
76 -29
-95 71
-36 32
-9 35
46 7
37 2
62 -95
85 45
27 -93
68 59
78 -99
27 79
-93 5
-38 -86
73 98
-80 -12
-70 68
-42 68
-98 27
7
595621 -830970
354327 -100822
-890210 410875
430102 -811820
998461 -22446
-784547 623082
-600238 719111
142533 653514
-263674 -720650
-849909 700814
648552 -360403
708308 39371
-819148 -24575
621098 -676357
699149 503098
-616708 647554
-895609 -629082
740248 292624
489903 -784543
652135 761598
299124 -111772
196664 873306
287657 -211545
811262 -95029
326054 281216
689898 430445
55632 -11718
64642 -854547
6
665561 982163
-814781 311277
-996946 519729
627718 911406
839844 -133432
-631646 -218417
125852 837067
-411254 495091
-992515 646300
310869 -559583
-813934 293796
136060 398906
-741740 269924
-812292 411013
925914 992483
-57193 -667149
989429 711948
388135 623371
655138 -280496
749102 913398
813151 -923761
201007 -794454
-855928 652994
704463 -905465
10
407820 919680
-955660 -595934
-226408 174102
371098 608678
437722 962823
-985662 337828
-70713 303755
-846383 -634525
-852694 -532403
601659 426745
-372129 230481
79675 480685
-290826 405523
12474 364579
-264930 -2899
255526 965815
-471306 372027
-126551 -598734
55411 155002
-54837 540966
-184111 -4882
101390 807661
-477063 754598
-272505 74170
-41131 232339
904166 580061
113778 538691
-210893 110314
-829027 -122946
363932 831052
-257059 7872
-339616 -54034
177757 384900
-177837 341688
-782875 -235524
980868 -356868
-147058 -282288
303489 784539
-455033 -338376
49316 468356
10
-105955 -77354
758481 7989
-882995 305267
-403529 100129
-659894 -55724
47387 862142
748199 335695
574875 702179
373428 -540797
596518 636859
757381 -377739
-608925 -127718
-27446 657680
-927685 871421
-537020 -48124
-59737 354415
-149669 211956
-198232 232776
667296 223404
294382 -992142
-634325 -55596
48459 -276980
-558876 811386
-129870 -950517
288322 814823
149748 981921
411597 40601
564320 881055
-500001 -21619
930539 323293
-337620 -788403
764471 82785
-330403 -620746
-440496 -899200
-128150 652196
-282890 -570976
83376 915665
445711 -794656
-587911 876327
518941 -506165
