100
4
1 0 0
-1 0 0
10 10 1000
10 -10 1000
3
1 1 0
2 2 0
3 3 0
5
10 10 1000
-10 10 1000
10 -10 1000
-10 -10 1000
20 20 2000
1
0 0 0
1
-11 0 99
1
-11 0 100
2
0 0 251
7 0 0
2
0 0 250
7 0 0
1
0 0 100000000
2
0 0 100000000
1 0 100000000
1
1000 1000 100000000
5
0 6 600
0 14 1400
0 22 2200
0 -6 600
0 -14 1400
1
-1000 1000 100000000
1
1000 -1000 100000000
1
-1000 -1000 100000000
3
5 0 0
-1 0 99
-3 0 299
3
5 0 0
-1 0 99
-3 0 300
3
0 0 201
8 0 0
16 0 600
3
0 0 200
8 0 0
16 0 600
100
0 0 0
1 1 1000
2 2 2000
3 3 3000
4 4 4000
5 5 5000
6 6 6000
7 7 7000
8 8 8000
9 9 9000
10 10 10000
11 11 11000
12 12 12000
13 13 13000
14 14 14000
15 15 15000
16 16 16000
17 17 17000
18 18 18000
19 19 19000
20 20 20000
21 21 21000
22 22 22000
23 23 23000
24 24 24000
25 25 25000
26 26 26000
27 27 27000
28 28 28000
29 29 29000
30 30 30000
31 31 31000
32 32 32000
33 33 33000
34 34 34000
35 35 35000
36 36 36000
37 37 37000
38 38 38000
39 39 39000
40 40 40000
41 41 41000
42 42 42000
43 43 43000
44 44 44000
45 45 45000
46 46 46000
47 47 47000
48 48 48000
49 49 49000
50 50 50000
51 51 51000
52 52 52000
53 53 53000
54 54 54000
55 55 55000
56 56 56000
57 57 57000
58 58 58000
59 59 59000
60 60 60000
61 61 61000
62 62 62000
63 63 63000
64 64 64000
65 65 65000
66 66 66000
67 67 67000
68 68 68000
69 69 69000
70 70 70000
71 71 71000
72 72 72000
73 73 73000
74 74 74000
75 75 75000
76 76 76000
77 77 77000
78 78 78000
79 79 79000
80 80 80000
81 81 81000
82 82 82000
83 83 83000
84 84 84000
85 85 85000
86 86 86000
87 87 87000
88 88 88000
89 89 89000
90 90 90000
91 91 91000
92 92 92000
93 93 93000
94 94 94000
95 95 95000
96 96 96000
97 97 97000
98 98 98000
99 99 99000
100
-1 -1 0
0 0 1000
1 1 2000
-1 -1 3000
0 0 4000
1 1 5000
-1 -1 6000
0 0 7000
1 1 8000
-1 -1 9000
0 0 10000
1 1 11000
-1 -1 12000
0 0 13000
1 1 14000
-1 -1 15000
0 0 16000
1 1 17000
-1 -1 18000
0 0 19000
1 1 20000
-1 -1 21000
0 0 22000
1 1 23000
-1 -1 24000
0 0 25000
1 1 26000
-1 -1 27000
0 0 28000
1 1 29000
-1 -1 30000
0 0 31000
1 1 32000
-1 -1 33000
0 0 34000
1 1 35000
-1 -1 36000
0 0 37000
1 1 38000
-1 -1 39000
0 0 40000
1 1 41000
-1 -1 42000
0 0 43000
1 1 44000
-1 -1 45000
0 0 46000
1 1 47000
-1 -1 48000
0 0 49000
1 1 50000
-1 -1 51000
0 0 52000
1 1 53000
-1 -1 54000
0 0 55000
1 1 56000
-1 -1 57000
0 0 58000
1 1 59000
-1 -1 60000
0 0 61000
1 1 62000
-1 -1 63000
0 0 64000
1 1 65000
-1 -1 66000
0 0 67000
1 1 68000
-1 -1 69000
0 0 70000
1 1 71000
-1 -1 72000
0 0 73000
1 1 74000
-1 -1 75000
0 0 76000
1 1 77000
-1 -1 78000
0 0 79000
1 1 80000
-1 -1 81000
0 0 82000
1 1 83000
-1 -1 84000
0 0 85000
1 1 86000
-1 -1 87000
0 0 88000
1 1 89000
-1 -1 90000
0 0 91000
1 1 92000
-1 -1 93000
0 0 94000
1 1 95000
-1 -1 96000
0 0 97000
1 1 98000
-1 -1 99000
99
-20 -20 1000
20 20 1000
-40 -40 3000
40 40 3000
-60 -60 5000
60 60 5000
-80 -80 7000
80 80 7000
-100 -100 9000
100 100 9000
-120 -120 11000
120 120 11000
-140 -140 13000
140 140 13000
-160 -160 15000
160 160 15000
-180 -180 17000
180 180 17000
-200 -200 19000
200 200 19000
-220 -220 21000
220 220 21000
-240 -240 23000
240 240 23000
-260 -260 25000
260 260 25000
-280 -280 27000
280 280 27000
-300 -300 29000
300 300 29000
-320 -320 31000
320 320 31000
-340 -340 33000
340 340 33000
-360 -360 35000
360 360 35000
-380 -380 37000
380 380 37000
-400 -400 39000
400 400 39000
-420 -420 41000
420 420 41000
-440 -440 43000
440 440 43000
-460 -460 45000
460 460 45000
-480 -480 47000
480 480 47000
-500 -500 49000
500 500 49000
-520 -520 51000
520 520 51000
-540 -540 53000
540 540 53000
-560 -560 55000
560 560 55000
-580 -580 57000
580 580 57000
-600 -600 59000
600 600 59000
-620 -620 61000
620 620 61000
-640 -640 63000
640 640 63000
-660 -660 65000
660 660 65000
-680 -680 67000
680 680 67000
-700 -700 69000
700 700 69000
-720 -720 71000
720 720 71000
-740 -740 73000
740 740 73000
-760 -760 75000
760 760 75000
-780 -780 77000
780 780 77000
-800 -800 79000
800 800 79000
-820 -820 81000
820 820 81000
-840 -840 83000
840 840 83000
-860 -860 85000
860 860 85000
-880 -880 87000
880 880 87000
-900 -900 89000
900 900 89000
-920 -920 91000
920 920 91000
-940 -940 93000
940 940 93000
-960 -960 95000
960 960 95000
-980 -980 97000
980 980 97000
-1000 -1000 99000
100
2 -7 852
7 -3 561
3 -14 1315
14 -9 1399
6 -16 1799
1 -9 2474
13 -8 3032
13 -12 2189
10 -2 3992
6 -17 1999
8 -26 2734
11 -9 3120
17 -18 4613
10 -28 2053
18 -23 5285
6 -32 2176
26 -14 5268
26 -18 6253
34 -21 5824
24 -15 5059
33 -13 7385
29 -13 5405
30 -8 4995
32 -5 9092
24 -4 5132
21 -4 5724
18 -1 6815
14 5 5345
10 7 7490
13 -5 6834
20 13 7876
2 1 7646
24 20 9505
7 -1 8370
18 26 9413
19 24 9036
10 24 10676
27 18 10566
29 8 10847
13 23 10083
31 17 11454
29 12 10276
38 20 12066
23 9 11811
33 10 12632
43 19 11949
51 25 11831
37 0 12843
31 -9 14172
46 17 12684
32 -6 13851
23 -7 14596
30 -2 14146
41 -2 15170
38 3 15931
35 -1 16325
37 3 15798
37 1 15793
36 -6 15630
29 1 16539
29 6 16761
30 -14 17256
26 -12 18100
32 10 17771
25 12 17935
28 10 17351
35 22 18015
17 4 19050
40 32 19284
9 8 20171
12 12 21474
-1 0 21786
20 11 22328
15 5 21195
11 13 22152
28 10 23766
12 23 22995
37 6 24494
39 7 23714
22 26 24990
24 26 24278
25 20 26415
25 34 26042
32 11 27784
35 29 26191
32 5 29332
35 -3 30184
30 33 25918
28 -6 30236
25 2 31935
29 -5 31146
21 -7 31401
35 -8 32029
36 3 31049
35 -12 33370
39 2 31828
37 -6 34475
36 -10 34159
43 -5 34911
41 -20 36094
99
-9 3 472
-5 4 1059
-1 9 1210
-2 4 2290
-8 1 1506
-10 2 3865
-5 2 3466
-13 10 1585
-15 9 3545
1 -7 4076
-18 -1 4395
-20 13 4275
-24 22 5854
-14 -1 4346
-28 21 5560
-27 26 7244
-36 36 8957
-26 28 6346
-19 21 7543
-33 25 6927
-39 24 7904
-41 18 8470
-41 9 8868
-35 25 10151
-43 16 12051
-31 19 9873
-39 24 10089
-49 18 11659
-51 18 12249
-43 30 10164
-54 22 12570
-46 17 12401
-52 22 12074
-56 7 13522
-45 23 13516
-42 26 13826
-55 22 14306
-38 32 15346
-38 40 16674
-42 42 16457
-38 37 16841
-33 48 17150
-23 43 18980
-28 49 18192
-26 50 18338
-33 43 19868
-16 47 18398
-20 41 19538
-23 38 19894
-8 41 19986
-30 47 21719
-3 34 21404
-5 29 22487
-20 49 22519
-19 50 22549
-14 54 23906
-15 52 24800
-22 56 25546
-26 48 26928
-6 49 25278
-31 55 26757
-3 43 26248
-28 58 26151
-12 48 26317
-24 53 26373
-18 46 27468
-18 52 28264
-13 52 27957
-6 57 28107
-10 44 29590
-8 48 29959
-19 42 30346
-26 47 30884
-16 40 30764
-15 48 31260
-33 45 31969
-22 45 32756
-38 44 31950
-44 42 32089
-31 34 33349
-54 50 32931
-25 31 34045
-45 56 33357
-29 27 34269
-45 65 34942
-20 18 34871
-43 67 34722
-16 13 34847
-26 13 34969
-15 7 34729
-24 2 35724
-19 19 35401
-27 9 36100
-28 6 36132
-36 0 37360
-21 1 36037
-20 -2 36745
-37 -8 37971
-22 4 37197
98
-4 -5 832
7 1 1656
8 -4 2537
4 3 1999
-2 2 2411
-4 -2 3083
5 0 4827
-13 -5 4727
-8 -1 5239
-6 -12 5105
-5 -14 6295
1 -3 5889
-3 -24 8253
11 -7 7434
-12 -18 8734
-6 -15 8686
-13 -19 7844
-6 -28 10535
-20 -21 9397
-8 -25 7556
-2 -27 8602
-18 -25 8915
-9 -34 8526
-21 -31 8606
-18 -38 9731
-14 -42 9724
-10 -36 10467
-19 -34 10745
-18 -35 10365
-27 -44 11712
-24 -42 12739
-19 -26 11709
-24 -27 13001
-13 -19 13005
-6 -16 13873
-15 -37 13145
1 -9 15393
-5 -35 14373
11 -15 16300
7 -19 16591
8 -22 16037
16 -23 17096
18 -21 16451
11 -22 16760
15 -12 18030
20 -26 18211
26 -23 17994
9 -20 19059
17 -22 20828
25 -30 18134
9 -25 21264
18 -33 18799
12 -28 21496
2 -27 21630
-8 -24 22384
18 -36 21333
-1 -14 22638
-13 -31 23194
-8 -22 23784
9 -24 22732
-8 -28 24830
19 -28 23886
26 -21 23879
26 -26 25058
31 -21 24029
17 -14 24831
10 -21 25448
13 -24 24988
20 -34 25491
22 -26 26454
22 -30 26829
16 -36 26727
25 -38 28580
11 -45 28533
17 -38 29902
10 -55 29214
3 -56 30518
25 -47 30874
11 -53 31668
24 -37 31810
5 -51 32488
26 -47 32494
9 -60 34333
3 -43 34126
12 -48 35701
3 -65 35730
5 -59 36046
13 -39 36857
7 -44 38367
16 -44 38184
-2 -38 39180
20 -43 39432
17 -33 40958
24 -46 39025
16 -36 40010
22 -40 40588
26 -33 42049
14 -27 41058
97
-10 2 1913
4 5 1115
-9 2 1453
-13 0 2264
-11 4 2426
-18 5 1953
-16 -4 2088
-3 -4 2873
-19 -10 2988
-16 -2 2560
-17 -13 3698
-19 0 3789
-18 -2 3770
-26 5 3655
-34 -5 3842
-35 10 4143
-32 20 5647
-30 2 4258
-26 15 6057
-22 -7 4658
-29 17 7120
-27 15 5867
-20 25 8780
-21 16 5688
-15 12 6796
-23 27 9211
-19 3 7463
-22 15 6629
-16 14 7469
-30 16 7793
-22 6 8940
-19 7 8497
-19 -2 9831
-21 4 8943
-29 14 9216
-28 -7 11258
-26 -3 11483
-39 17 10390
-34 23 10361
-30 25 11000
-36 33 10783
-32 21 11444
-33 27 12341
-35 16 11818
-25 23 13222
-30 13 13154
-34 5 13726
-35 30 14026
-30 35 14332
-24 13 14405
-27 45 15063
-33 31 14911
-19 50 15074
-43 27 15618
-27 58 15664
-21 42 15937
-32 54 16480
-24 63 15864
-21 65 15793
-34 61 17969
-20 72 17300
-24 55 19174
-28 77 17872
-29 45 19471
-36 67 18081
-28 47 20641
-45 73 18770
-18 47 21626
-38 64 20636
-27 52 23095
-41 58 21166
-32 60 24388
-24 51 24311
-39 68 22641
-43 63 22305
-49 66 22889
-40 63 23924
-43 65 22781
-43 66 25215
-42 69 23895
-52 70 25817
-32 72 25285
-28 62 26079
-55 66 27170
-32 71 26962
-55 63 27791
-24 79 27463
-24 71 27432
-25 68 27941
-32 81 28063
-20 62 27996
-29 82 28533
-26 79 29348
-36 89 29029
-33 88 29358
-33 79 30164
-27 77 31096
96
-3 -6 0
-10 2 995
-14 4 1652
-8 -12 359
-6 -5 2481
2 -18 1279
-15 -5 2667
-5 2 2992
0 7 2793
-6 9 4392
3 10 2203
-4 12 3793
-9 8 4192
-13 4 3921
-10 9 4056
-2 14 5891
-15 4 4124
0 16 6810
-17 -1 4528
-10 -1 5335
-2 4 6654
-10 -7 5824
7 11 7716
-7 4 8064
-3 8 8994
-1 2 8560
0 0 9677
-2 2 9193
-8 10 9995
-4 0 9794
4 -3 11007
-13 13 10192
-4 -3 12427
14 -12 11969
9 -19 13565
-12 -1 12281
-4 6 13255
-19 2 13310
-17 6 13150
-25 -4 13968
-35 1 14441
-26 -3 14024
-29 3 14848
-17 -5 15058
-32 -6 15776
-9 -10 16645
-27 -9 15646
-42 1 17032
-42 -5 18135
-38 1 18116
-37 -12 18606
-48 -5 19974
-57 -5 21518
-36 -7 20049
-43 -16 21851
-28 -11 21270
-19 -8 21857
-22 -17 21970
-23 -3 21534
-26 -4 22654
-31 -8 23213
-23 -7 21249
-24 2 22895
-30 2 24609
-34 -2 25891
-25 -4 23516
-34 0 26324
-29 5 26463
-28 6 26443
-35 9 26583
-28 7 28096
-39 4 27100
-33 5 26824
-42 12 27903
-36 9 28245
-43 20 27938
-41 22 27844
-53 14 28831
-32 19 28706
-58 17 29693
-49 18 30090
-49 10 31018
-52 17 31344
-41 25 30913
-50 15 32138
-47 25 32447
-45 15 34398
-49 19 32829
-50 25 35718
-41 17 34819
-43 24 36594
-46 21 36256
-49 25 36865
-48 29 36225
-47 34 37309
-42 36 36999
95
10 3 1228
7 1 145
10 11 2729
0 -7 1889
5 -8 2143
10 19 2568
14 -18 2660
9 9 2752
13 9 3117
4 8 2521
12 8 2627
9 3 3454
11 -2 4161
12 9 3171
10 -12 5530
13 -3 5251
23 5 6239
12 -10 6243
19 -15 7336
2 -20 7066
22 -12 6935
16 -5 8621
12 1 9599
29 -11 8168
31 -20 8205
15 -1 9574
37 -30 8837
17 9 11434
7 3 11730
35 -39 10398
27 -48 12125
40 -36 11142
22 -46 13293
31 -35 11363
25 -50 12941
18 -37 14228
28 -33 14865
19 -32 15008
23 -31 15146
35 -30 15655
44 -37 16182
17 -26 16030
39 -45 16403
47 -33 16177
51 -31 16303
37 -50 17106
58 -38 16564
50 -32 16969
60 -35 18657
65 -34 16481
54 -36 19996
62 -38 18793
57 -26 20202
53 -26 20197
63 -36 20834
48 -31 22040
55 -21 22098
64 -26 20937
62 -14 22988
62 -12 23694
58 -10 23719
65 -11 23935
72 -17 25234
66 -9 24514
62 -1 25838
64 -22 27030
58 -30 28420
70 3 27536
62 -6 28742
77 6 27346
68 -15 29822
55 -13 29021
53 -23 29827
60 -18 31151
56 -19 31787
70 -20 32714
53 -14 32503
58 -10 32660
57 -13 33435
58 -8 32272
56 -17 33150
67 1 33597
62 -14 33417
48 -26 33828
50 -30 33455
57 -25 33752
43 -22 34059
42 -27 33980
38 -27 33768
39 -19 34605
32 -28 35683
29 -37 34864
26 -34 36856
19 -27 36641
32 -37 36906
94
-6 10 1817
-6 4 812
-1 20 2187
2 10 2942
3 3 4292
-5 10 3412
-1 6 3881
-6 3 3410
-4 -1 3068
-14 3 4574
-22 7 5195
-12 -8 2981
-16 -10 4256
-5 -8 3812
-18 -16 5031
-8 -6 5016
2 -8 6368
0 -16 5215
-7 -9 6879
-6 -11 6601
-14 -6 6718
-9 -20 8471
-16 -14 9690
-3 -11 10285
-23 -7 11210
-8 -2 10963
-27 1 11719
-24 -5 11731
-23 -9 11962
-34 3 12580
-44 6 13373
-31 10 13076
-39 3 14771
-23 9 13683
-26 16 13396
-16 16 14299
-8 22 15702
-30 23 13201
-3 18 16991
-14 31 17465
-5 25 19137
-13 27 17290
-10 25 18759
-7 35 17282
-2 33 17314
-18 27 18844
7 37 17549
-23 29 19570
12 35 18991
-32 39 20109
21 26 20513
5 42 18799
30 27 21817
14 28 22102
23 19 23203
22 33 22051
14 26 24741
26 37 22543
12 28 24888
29 31 23342
5 19 26034
11 33 26156
15 25 27517
16 42 27585
10 41 28488
6 15 28047
12 24 27951
-1 7 29761
-1 10 29650
2 27 28885
9 4 30818
6 32 28740
19 6 32011
13 9 31396
20 2 31931
12 9 32173
4 7 33413
13 0 33104
5 9 33553
9 -4 33370
12 -14 34693
4 1 33840
0 3 33759
-1 -2 35269
9 7 36718
0 5 33556
-6 -2 35108
11 16 36811
9 20 37710
6 26 37059
9 26 38641
5 36 38887
15 39 39228
6 18 38892
93
9 -2 1279
-6 10 1343
2 -12 3217
-3 2 1346
3 -13 3668
0 4 864
-7 8 866
-5 -3 4177
-16 10 1467
-2 11 2051
-10 4 2783
-15 12 1537
-13 5 1854
-25 14 2760
-17 23 2668
-22 7 2141
-10 24 3288
-21 18 3228
0 28 4267
-31 26 4815
-6 23 5679
-7 21 4927
1 19 6683
-8 26 5023
-3 18 4945
6 12 7358
-4 14 8498
-11 23 4863
-5 21 4620
-10 8 9304
-19 9 9575
-6 10 10002
-14 12 11160
-12 3 11688
-9 13 13229
-5 12 11363
-3 5 13379
-19 10 13607
-15 8 13034
-2 -1 13486
-8 15 14124
1 -11 15311
-2 15 15478
-6 -21 16850
-10 10 15612
-12 8 16147
-14 12 15545
-14 17 17242
-15 21 17066
-16 3 17438
-8 -1 18077
-8 20 17106
-12 17 17266
1 10 18260
-21 14 17637
5 8 18300
-14 17 19178
-12 22 18279
-10 17 19273
-9 13 20134
-16 16 21266
-13 12 19200
-9 17 20454
-6 22 20836
-11 8 20543
1 9 21625
6 15 23098
-3 18 23295
1 11 23518
2 27 23863
-2 35 24528
-3 17 24912
6 23 26387
-8 24 26072
-16 23 26968
-4 23 26706
-23 28 28217
-4 29 27337
6 26 27892
-13 29 28864
-3 19 29902
-3 34 29806
-8 31 30632
-10 20 30420
2 32 32014
-9 22 31327
-16 13 32736
1 29 33227
-8 9 33656
0 38 33658
8 39 33976
9 34 35417
4 45 34128
92
4 6 1380
5 7 50
-4 6 760
-2 -2 1948
-6 2 3348
-1 3 1515
-12 -2 4190
3 8 4607
4 3 4158
-10 -3 4122
4 -2 4216
-4 7 5327
-6 -1 5871
-6 -11 5757
-1 2 7175
-13 -11 6973
3 -5 8120
-16 -10 6943
-10 -13 7235
5 -4 8061
-18 -12 8226
7 0 7504
-9 -12 8768
-12 -2 8783
-8 -18 10083
-1 -10 10209
-2 -8 10885
8 -7 10892
-12 -10 12485
10 -11 11924
4 -10 12510
5 -4 12188
11 -12 13596
5 -17 12537
1 -17 13754
8 -7 14219
-1 -9 14315
11 -15 15456
9 -16 16012
15 -20 15826
12 -14 16901
16 -25 17786
21 -28 18516
14 -20 18323
22 -17 18462
24 -33 19251
27 -9 18528
21 -26 20293
28 -34 20783
30 -23 20913
39 -26 21047
33 -32 21917
35 -30 22071
38 -31 22340
41 -31 22543
43 -22 23442
35 -21 22686
43 -30 23882
35 -22 24415
41 -22 22805
36 -32 23732
50 -30 24087
45 -30 24540
49 -25 23738
44 -35 24441
46 -31 23787
42 -43 25053
51 -33 25524
44 -41 26738
48 -37 25486
54 -27 27189
37 -47 27294
46 -39 28299
40 -47 27311
55 -42 28339
48 -38 29319
49 -48 28805
56 -39 29348
51 -30 30274
60 -40 30414
46 -36 31534
63 -32 31492
38 -43 31834
56 -43 33464
59 -49 34558
66 -33 33645
63 -35 34922
74 -25 33835
73 -34 35219
77 -23 34487
70 -37 34642
79 -23 34117
91
-4 0 1527
-5 5 1102
-10 -5 2896
-2 -10 2884
-1 -5 3409
5 -17 4171
-3 -8 5567
2 -26 4118
-6 -11 4911
-9 -12 7105
-1 -16 4818
-18 -5 8144
-2 -12 5137
-15 2 8370
2 -8 5485
3 -2 6470
11 -9 7035
12 1 6399
18 8 6732
16 -15 8111
17 12 6846
11 -12 8402
9 18 7377
7 -9 8325
0 14 8317
10 -5 9282
7 12 9817
15 -14 10311
0 7 9583
12 17 9981
20 9 10343
7 25 10452
12 27 10694
6 18 11689
20 25 10823
11 32 11757
15 22 12216
19 27 10734
14 30 11391
14 28 11193
15 32 10774
17 36 11593
19 30 10564
7 38 12102
22 21 10972
7 28 13535
12 17 11895
30 12 11079
26 19 11941
27 12 11343
27 17 11500
27 19 11457
31 9 11576
33 23 11491
38 32 12599
28 -1 11704
21 -8 11952
42 26 12714
52 25 13866
40 30 12184
62 33 15681
36 22 12788
52 31 17254
44 16 13222
46 21 14125
44 40 17868
56 19 14512
50 42 19194
63 25 14463
49 11 15697
58 29 15797
59 27 14482
66 20 17264
64 21 14830
62 29 17927
72 26 15469
68 31 15999
82 31 16523
89 25 16653
84 29 16590
92 30 17080
78 27 16694
82 33 18150
69 36 18568
83 26 18979
78 45 19301
69 49 20192
74 50 20066
82 51 20845
68 54 19901
60 57 21071
90
-5 -4 985
3 3 794
6 8 1775
-1 2 1402
4 -5 2505
15 9 2315
18 6 2839
20 5 3733
11 -1 3718
30 3 5054
5 -2 3693
39 13 7019
38 18 7421
48 13 7535
32 27 9205
42 15 7249
41 17 7224
36 16 7369
31 27 8436
34 12 7530
43 14 7492
44 4 9337
37 18 8080
49 8 9727
46 11 9290
43 16 9563
40 19 9550
53 15 10705
62 8 11236
59 25 12062
64 30 12762
71 12 12292
78 18 12354
73 35 14401
66 35 15891
72 20 12984
61 39 15494
81 26 13373
82 20 14915
63 37 15305
92 16 15797
89 15 16381
96 15 15372
82 6 16749
103 17 15122
101 6 17105
98 14 14981
104 13 17507
89 8 15856
99 14 17062
96 17 17378
90 20 18688
88 11 17363
80 14 19714
81 22 21324
72 21 20413
68 16 20899
74 20 22445
76 26 22075
65 13 21654
64 11 21561
68 23 22658
71 18 22178
77 13 23787
63 8 23906
69 17 25566
62 27 26533
64 24 26973
59 14 28855
63 20 27450
59 24 30689
63 21 30211
61 21 30691
65 18 31154
62 22 31082
72 20 31762
71 17 31849
70 25 32157
65 25 33433
80 16 33712
62 26 32814
82 6 34217
69 20 33017
73 6 35405
77 4 35505
60 13 33865
51 15 34567
51 21 35344
51 13 35441
57 22 36093
89
-7 -1 198
2 0 593
3 -7 1144
3 -5 442
-5 -10 1382
-1 -3 1615
2 -7 2236
-11 -20 3264
-8 -3 2438
-21 -29 4380
-23 -36 4398
-5 7 4165
-4 12 4868
-6 4 3527
2 11 5247
-14 6 4454
7 19 5572
-12 11 5815
-3 20 5626
13 16 6256
-11 16 6152
-8 15 6707
0 7 6727
-3 13 6527
1 6 6555
4 14 7067
3 9 7585
3 8 8572
7 8 8831
2 14 7625
-7 17 9246
11 4 10190
20 11 11655
-11 7 11235
23 10 11712
-7 4 11934
17 17 12950
-7 8 11911
0 11 13332
2 11 11849
12 17 13804
-10 17 14925
11 12 13896
-16 8 15461
-18 16 16253
-16 7 16205
-21 26 17408
-7 11 17792
-25 20 17326
2 5 19069
-19 14 17327
-30 15 18329
-13 19 17692
-20 24 18269
-10 19 17672
-12 14 18808
-9 16 18925
-8 22 18718
-12 7 18950
-14 23 19533
-18 25 20549
-20 13 19645
-26 24 21893
-16 22 20830
-13 12 22537
-33 34 23890
-3 16 22806
-40 42 25295
-41 38 25197
-30 52 25480
-44 29 26155
-37 44 26293
-27 49 27768
-46 31 26142
-44 24 27018
-24 48 27708
-19 44 28608
-44 19 26718
-19 51 29084
-54 15 28217
-13 51 29185
-58 11 28171
-23 61 30927
-53 9 28939
-33 51 30936
-49 7 28821
-48 -3 29539
-32 61 31591
-22 61 32230
88
-8 4 1256
-2 -8 971
-3 -6 2684
-16 5 2084
1 -6 2152
-23 13 3868
4 -13 1968
9 -7 2134
18 -6 2707
0 -10 1883
28 -11 3152
28 -13 4039
22 -17 5622
31 -7 2558
29 -8 2960
39 -16 3287
36 -6 3896
36 -17 3249
44 -17 4007
27 -26 4484
34 -34 4671
54 -7 5878
50 3 7480
64 -16 7216
56 -11 7340
41 1 7569
63 -3 8580
64 -19 7539
71 -2 10320
69 -4 8344
70 -1 9909
63 -5 9743
60 -6 11203
54 -5 11092
70 -15 11251
51 -5 11863
61 -11 13031
45 -11 12346
57 -18 13187
51 -2 14833
46 -6 16148
60 -3 15674
54 -14 16787
65 -5 16551
56 -12 17265
70 -3 17645
77 -5 18148
60 -9 17366
72 -11 17880
52 -12 18208
54 -12 17426
42 -9 18547
40 -10 18160
58 -22 19321
31 -4 19041
53 -12 20244
23 -1 19486
44 -21 20685
23 2 20275
47 -25 21607
55 -21 21698
44 -32 21917
50 -32 22621
44 -36 22284
51 -34 22797
43 -40 23013
44 -34 22803
47 -34 22833
54 -32 24501
39 -41 22823
39 -37 23870
35 -43 24075
32 -32 25239
25 -49 25595
18 -43 26676
16 -58 27404
25 -52 27776
16 -64 27223
35 -59 27792
35 -55 28594
41 -54 29543
45 -63 29637
47 -60 30108
43 -50 29962
38 -57 31656
47 -52 31563
44 -44 33152
47 -58 32240
87
-6 -6 1533
9 0 958
3 0 1624
19 3 2103
29 -7 3121
6 7 2169
29 -9 4183
32 1 4026
23 5 5482
29 -12 4649
23 9 4982
31 -14 3900
14 3 4955
22 -8 4461
22 10 5568
12 -18 5567
21 13 5401
14 3 6812
7 6 7051
21 -5 6730
14 -12 7554
10 5 7651
4 9 7876
24 -19 8808
-3 16 8807
15 -28 9734
20 -31 9538
6 8 8726
23 -24 9932
-1 3 10232
31 -23 10659
29 -27 11237
23 -14 10657
38 -32 12710
22 -7 12021
41 -42 14250
32 2 12707
33 -41 14108
23 -35 15500
31 -31 14222
17 -33 16155
38 -26 15037
24 -36 17442
31 -26 14871
22 -19 15501
38 -17 16623
12 -10 16800
18 -10 15917
10 -16 17359
14 -16 15737
14 -21 18200
20 -18 18961
25 -28 20948
29 -13 19257
22 -18 19221
19 -25 21273
18 -24 19929
9 -26 22659
19 -25 23839
24 -16 20283
10 -24 23783
30 -12 21324
16 -14 25064
14 -16 23625
11 -22 25326
8 -14 25141
10 -18 26178
10 -19 24799
12 -14 26607
18 -22 24978
20 -19 25524
25 -12 26044
21 -13 26145
27 -14 26021
13 -17 26217
26 -6 27685
36 1 27968
27 2 28496
25 -4 29278
31 0 28641
22 2 30358
37 -6 29567
12 9 31205
31 -4 30270
33 -14 31757
26 -1 30827
29 -5 33036
86
7 -5 1450
7 2 101
12 -1 2769
5 3 2832
12 12 4346
17 -3 2955
19 -9 3668
5 20 5977
15 -2 3987
11 -9 4674
19 -7 6163
19 1 4246
12 7 5572
28 10 5476
34 5 6600
18 2 6027
29 15 8321
43 -1 7047
32 20 8357
29 24 8712
31 16 9777
34 22 9784
29 12 10858
28 12 10297
39 10 11751
39 9 12372
40 8 12447
42 0 13812
41 10 13214
45 13 12995
43 14 13697
48 3 14085
43 13 14368
57 2 15982
35 6 14286
49 3 16068
32 9 14709
46 -1 16656
37 9 17981
28 16 15721
19 13 15888
30 11 16239
12 12 17268
18 18 16502
10 23 18010
23 14 16700
3 14 19159
21 8 16985
14 17 18392
4 17 19759
18 7 20306
21 24 19864
28 10 22143
23 -2 20933
19 1 21086
26 -12 21149
29 -8 22491
27 -16 22179
26 -9 23548
18 -8 22927
18 -4 25304
32 -8 24897
17 6 26161
14 -8 26509
11 10 27081
15 2 26381
18 8 27138
24 -2 27552
34 4 28178
9 13 27809
3 12 27523
9 5 27664
1 9 29154
10 -2 27373
11 0 29534
2 0 30097
-6 -2 31160
1 0 30948
7 5 30847
3 -6 32430
8 6 30757
7 -4 32673
15 -7 34066
13 -6 33938
25 -10 34830
14 -4 34279
85
-7 -3 90
2 -7 688
-6 0 2395
-5 -10 792
-5 0 2902
-8 9 3515
-7 10 4032
-7 1 4795
-13 0 4634
-5 -9 6449
-2 -14 7268
-8 -4 5332
-6 4 6861
-11 -7 4741
-8 -1 7155
4 8 6888
-17 -11 9128
-17 7 7919
-21 2 9316
-25 -4 9466
-18 -5 9764
-18 -1 10331
-13 -7 9833
-15 -10 10274
-19 -11 10687
-6 -7 11031
-28 -21 10961
-4 -15 11822
-18 -11 11452
0 -22 12995
-15 -11 12289
-15 -14 11463
-17 -8 12687
-23 -16 11502
-14 -7 13028
-20 -7 11824
-4 -15 13881
-23 -8 13008
-33 -1 13795
-18 -4 13085
-11 -14 13573
-23 8 14716
-15 -5 13562
-4 -17 15031
-13 -16 15804
-13 -1 13805
-10 -26 16323
-16 -11 15436
-17 -29 17179
-16 -25 17478
-27 -22 18358
-27 -20 18998
-34 -18 19955
-18 -18 20306
-27 -28 22249
-26 -13 21623
-22 -17 22376
-24 -20 23072
-28 -14 22950
-28 -9 22599
-25 -3 23230
-19 -11 23586
-31 -7 23304
-28 -1 24255
-35 -17 24624
-35 -8 23438
-41 -4 24694
-41 -3 24697
-34 5 25055
-41 1 24929
-33 8 26290
-37 12 26199
-47 6 26528
-37 4 26637
-46 15 26527
-49 0 27485
-55 -9 28284
-49 20 27711
-52 -17 29606
-48 27 27448
-43 -9 29587
-46 35 29135
-41 -7 29937
-37 44 30684
-46 35 31312
84
7 -6 650
10 9 1314
12 -12 1916
0 -15 2449
2 -3 2120
8 -5 3043
-2 -12 2320
11 -14 4068
4 -19 5578
4 -6 3702
-3 1 3881
3 -6 3753
-10 1 5316
-8 -3 4557
-10 -2 6279
-17 -13 5749
-2 -8 7067
-13 -11 7960
-7 -10 9261
-10 1 7043
-3 -3 9707
0 -18 10439
-2 -24 10081
6 -10 9648
15 -19 10674
15 -5 11371
7 -29 11226
25 -12 11055
29 -11 11625
-2 -21 13044
36 -21 13147
-12 -30 14785
29 -31 15097
-14 -33 15062
37 -36 16642
31 -26 15013
27 -46 18376
34 -21 16073
42 -17 17593
33 -31 16535
38 -25 17185
41 -24 18051
37 -32 18680
43 -30 17891
35 -33 19701
36 -32 19619
41 -30 20274
31 -28 19932
37 -20 20513
41 -19 20001
44 -13 21185
49 -12 21461
52 -12 21329
36 -5 21939
49 -21 21308
57 -2 22872
50 -29 22493
50 -1 22866
43 1 23363
48 4 23234
49 7 24463
52 -6 25106
41 2 24589
59 -3 26304
69 -11 26963
47 4 25646
53 9 26872
73 -5 27224
56 4 26891
56 19 28017
55 12 28211
64 5 27042
62 5 28003
70 -5 27834
72 -1 28176
68 1 28731
77 0 30256
74 -5 29159
68 -15 30231
82 -10 30619
81 -9 31288
78 -22 30550
72 -22 31536
80 -31 31622
83
-3 -4 939
-6 1 1069
-11 -5 761
3 10 2871
-18 0 617
11 3 3593
12 -3 3755
-27 2 2220
-32 -6 3009
7 -11 5522
17 -4 6430
-35 2 3500
-34 -2 3774
-27 -4 5134
-27 -13 6395
-27 -2 4788
-32 4 6195
-32 -18 6282
-28 -26 7424
-40 -26 7693
-26 -33 8953
-46 -31 8398
-38 -35 8687
-27 -30 10177
-29 -33 10422
-46 -44 8896
-49 -41 10068
-35 -39 11526
-35 -29 11713
-54 -36 11000
-31 -33 12993
-27 -34 12723
-24 -30 13202
-39 -27 13329
-28 -28 12677
-42 -35 13329
-36 -42 13526
-26 -31 12923
-16 -40 13155
-34 -52 14363
-26 -47 15831
-8 -35 13841
2 -42 15781
-16 -56 17726
-20 -49 19273
10 -51 15773
1 -54 17611
-30 -52 20956
8 -46 19307
-35 -48 20649
-37 -44 21938
-45 -43 20666
-40 -41 21837
-29 -49 22379
-31 -57 23027
-50 -37 23006
-56 -34 23305
-36 -62 22571
-64 -36 24203
-27 -65 22889
-18 -71 23031
-65 -34 23718
-8 -70 24213
-10 -63 24127
-5 -57 24160
-8 -68 24494
4 -53 24428
-3 -67 25464
7 -72 27190
5 -60 26607
3 -69 28391
17 -72 28952
9 -78 29162
8 -77 28948
4 -77 29850
2 -73 30445
3 -79 30278
-4 -82 30417
11 -73 31982
1 -79 30298
-4 -78 30116
5 -76 33289
15 -81 34457
82
0 -1 1363
-8 -4 1698
-15 -6 2895
-17 -14 3410
-15 -9 3377
-26 -11 3768
-23 -13 3142
-5 -8 3713
-15 -9 4472
-4 -12 3137
-9 -4 5741
-4 -4 4874
2 -5 5390
3 -4 5805
3 3 5845
7 -12 5927
13 -4 7753
4 -14 5390
12 -7 6278
9 -5 7166
10 -12 8089
20 -13 7745
23 -15 8110
25 -21 9350
34 -23 10569
28 -21 8355
43 -30 10515
22 -20 8349
41 -20 11523
22 -21 7644
49 -27 11604
14 -25 7787
20 -22 9336
21 -15 8806
24 -29 9940
30 -16 9430
20 -7 10214
26 -38 10973
33 -41 11157
18 -7 10213
26 -9 11272
38 -49 12722
33 0 12156
47 -54 14287
45 -61 15086
42 7 12799
50 14 14033
54 -66 16587
60 -56 17827
53 5 14168
55 -52 17466
44 1 15926
51 3 17164
64 -51 18391
65 -46 17989
52 -2 17042
48 -12 18565
44 -2 17219
58 -11 18757
38 -12 18713
48 -16 19348
56 -5 18541
58 1 19059
59 -7 19321
49 -5 19403
69 -10 21261
73 -10 20726
71 -4 21859
65 -13 20872
73 -10 22223
68 -15 22760
63 -2 23758
70 -18 23274
65 -11 23999
73 -13 22854
62 -2 24153
67 -12 25212
63 -12 24702
57 -9 25334
70 -6 25044
64 -3 26293
69 -12 25346
81
-8 9 1884
6 2 787
-2 3 2243
12 1 1739
2 4 2610
14 -8 3609
9 -2 3688
19 -16 4535
13 -15 4709
23 -7 5214
23 -1 5645
25 2 6227
24 7 6176
24 6 6930
29 -1 6532
20 2 7386
23 -9 7436
31 9 7584
34 3 8771
25 7 7210
44 10 10530
42 9 8857
48 2 9480
39 14 10430
38 7 11202
57 -6 10383
59 0 10184
48 -2 11574
41 -12 13204
39 6 13356
38 -18 14592
38 -16 13365
37 -22 14325
46 -25 14092
40 -31 14635
49 -26 14166
59 -30 14957
52 -16 15498
66 -35 16643
66 -22 15260
63 -43 18233
70 -42 16712
76 -44 17422
75 -51 17749
72 -34 18346
70 -54 19267
80 -24 20210
74 -42 19992
77 -38 19589
83 -34 20219
73 -32 21891
90 -28 21518
85 -23 22686
83 -27 22856
95 -17 24579
92 -22 23094
89 -24 23874
89 -7 25297
91 -13 26140
90 -11 25964
97 -3 27040
88 -9 26995
82 -14 27978
103 -6 27078
105 -8 27773
91 -11 27988
95 -18 28122
106 -1 29183
87 -18 29731
114 -4 29649
120 -8 30946
115 -7 29064
106 -8 30957
124 -17 32079
96 -9 31707
98 -4 32495
105 1 32331
96 -16 32581
104 -9 32799
88 -19 32780
80 -19 32968
80
-6 10 495
-5 8 629
-6 2 379
-13 13 573
-22 9 994
-9 10 397
-12 0 2355
-14 2 1558
-6 -1 3257
-5 -8 3902
-3 -13 4512
-5 -3 3583
-14 1 3529
-11 -8 3598
-24 11 3566
-21 -9 4217
-21 11 4313
-30 -5 6091
-21 20 5005
-13 18 4350
-13 21 3759
-27 13 6540
-36 12 7825
-37 12 7058
-43 12 8159
-28 4 7828
-36 -2 9520
-49 16 9394
-44 2 9324
-38 -5 10013
-53 7 9417
-46 11 9746
-48 3 9727
-39 14 11209
-37 18 11872
-38 24 12372
-35 19 13004
-35 33 13025
-29 40 13513
-36 12 14455
-42 17 14816
-39 47 13947
-38 14 14981
-40 40 14483
-50 48 14695
-28 22 16054
-40 55 16001
-49 40 15642
-50 45 16059
-50 35 16066
-56 38 16673
-47 41 16374
-64 44 17939
-39 35 16991
-29 31 17382
-69 50 19017
-28 28 17839
-79 53 20820
-32 29 18149
-36 28 18886
-39 30 19169
-41 38 18648
-29 38 19910
-30 32 19178
-24 31 20950
-26 36 18725
-21 21 21716
-27 42 19572
-27 51 19910
-22 20 21641
-21 54 21255
-30 27 21623
-20 54 22236
-37 17 23062
-34 18 22602
-46 11 23221
-55 7 24746
-47 7 22661
-47 5 25419
-53 11 22968
79
0 9 1285
-9 7 1313
-12 2 816
-3 7 1409
1 0 1172
-22 -5 2763
-5 4 1190
1 -6 2054
1 7 2413
2 -11 2436
8 13 3835
-8 -13 2687
-10 -6 2763
-15 -7 4150
-9 -6 4772
-23 -1 4617
-24 8 5705
1 -9 4881
0 -14 4417
-24 1 6247
-28 0 6567
-16 1 6150
-11 -8 7608
-36 3 7507
-11 -12 8196
-45 13 7545
-4 -8 9429
-47 15 8048
-5 -17 10988
1 -5 10090
2 -15 11486
-5 -24 12442
0 -25 13311
-13 -23 13344
10 -34 13718
3 -20 13574
2 -25 15185
0 -28 14718
0 -21 14900
9 -16 16840
5 -17 16903
6 -20 15887
13 -30 15986
-4 -11 18042
-4 -6 19151
21 -40 16160
-1 -1 20123
-1 -8 18815
1 -11 18276
5 -12 18563
1 -12 17803
3 -19 18424
8 -18 18494
5 -10 19550
9 -8 18771
4 -10 20061
8 -9 18531
1 -11 19964
16 -17 19054
-2 -14 19632
19 -13 19011
-12 -9 20337
11 -5 20449
-9 -19 22222
-2 -14 23202
-13 -23 22523
-16 -22 21866
3 -21 24371
-6 -15 22499
11 -24 24825
18 -24 25814
17 -21 25571
18 -28 25832
27 -30 27497
24 -24 27324
24 -18 26288
28 -24 27776
18 -24 28763
11 -32 30303
78
-7 -4 822
2 -10 1405
-6 -10 1024
10 -7 2085
-3 -14 780
-5 -1 2246
-7 8 3869
-14 -3 3839
-2 12 5038
-20 1 3880
-11 5 5114
3 15 6206
4 24 6901
11 23 7351
3 15 8326
7 31 9018
13 24 9060
4 26 9364
11 15 9353
21 31 9689
10 15 10089
18 6 11190
14 -2 11273
7 18 9573
13 -5 12210
8 -7 11724
13 0 13158
13 0 11838
13 -7 11881
13 -9 14264
19 3 13683
16 -12 13985
10 -14 15355
26 12 14118
14 -9 16837
16 -19 15022
12 -27 15814
12 -2 17341
19 7 17389
5 -20 15735
20 4 17177
-3 -13 17107
30 10 18675
-5 -12 18155
0 -17 19562
4 -17 18803
-6 -21 19242
0 -14 19889
-3 -19 20481
2 -21 19373
-4 -18 19782
6 -30 21153
16 -21 21475
-9 -24 19970
26 -30 22444
9 -11 22712
22 -30 22084
11 -10 23629
18 -20 23960
14 -4 23501
14 -13 24328
25 -21 23844
5 -10 25684
15 -25 25320
8 -8 26195
7 -23 25184
8 -14 25498
0 -4 26513
7 -19 26097
8 -2 27811
2 4 28968
-2 4 27827
0 7 28908
10 7 28980
2 -3 29803
0 11 29371
3 -5 29956
-8 15 29354
77
-10 7 458
8 -7 1476
9 0 2513
-6 6 1062
7 1 2673
19 0 3051
14 -1 2488
9 -2 3224
16 -7 3701
24 -5 3664
14 -11 5224
20 -15 5520
21 -5 7019
21 -23 5634
23 -5 7392
16 -2 7790
15 -5 8115
6 7 8024
6 -14 9529
16 7 9390
13 -24 9910
14 -13 10434
14 -6 11644
12 -22 10968
13 2 12069
12 -23 11431
11 -20 11333
4 -31 12861
21 -30 13052
4 -32 13549
18 -40 14660
-3 -33 13910
18 -50 15891
-11 -24 14586
11 -56 16127
18 -54 16798
20 -54 16672
21 -51 16714
19 -47 16891
15 -50 16665
11 -53 18526
11 -57 17202
10 -53 19558
18 -52 19837
8 -55 20620
3 -43 20272
-5 -46 20483
-5 -50 21012
-9 -47 21652
-10 -48 22478
-19 -40 21964
-8 -45 22388
-15 -52 23493
-15 -44 22358
-17 -40 23508
-18 -48 22479
-26 -49 23514
-9 -39 23525
-19 -59 24650
-26 -47 23630
-20 -67 24957
-35 -45 24030
-29 -54 24900
-28 -76 25008
-31 -50 24814
-30 -85 25094
-41 -44 26511
-37 -44 24819
-39 -39 25417
-35 -34 26142
-32 -31 26086
-43 -32 26629
-46 -32 27268
-33 -37 27366
-51 -24 28462
-33 -27 28831
-27 -35 28776
76
-5 -7 557
3 8 950
-13 -2 1084
-11 -10 2111
-7 -18 3731
-10 -8 3160
-1 -8 4236
-8 -9 3683
0 -7 3979
8 -17 5327
15 -8 5595
10 -12 6078
8 -12 6461
22 1 6172
28 -3 6744
20 -8 7128
12 -17 7949
23 -8 8012
11 -8 9231
14 -14 9696
22 -8 10807
23 -22 11039
14 -27 11771
25 -10 11834
19 -10 12059
10 -26 12976
20 -5 12185
6 -32 13141
3 -42 14430
24 -6 12395
9 -48 15553
34 -1 13692
44 -8 14988
16 -51 15285
9 -55 15143
26 -61 15649
31 -65 15497
22 -54 15659
32 -56 15843
38 -74 16539
27 -61 16407
24 -63 15841
37 -56 18202
26 -56 16174
45 -54 18937
18 -52 17867
18 -61 17863
14 -52 18735
21 -52 18582
5 -49 19746
27 -57 19916
14 -53 20815
20 -46 20672
37 -60 21259
29 -66 22018
38 -63 20951
32 -65 22171
28 -70 22565
33 -68 22319
19 -61 22923
18 -56 23626
39 -65 22342
32 -72 22869
11 -61 24758
38 -78 23369
34 -71 22403
31 -72 22758
29 -70 22048
41 -74 24075
34 -69 22045
38 -81 24251
48 -75 24826
41 -66 25774
29 -80 25330
43 -57 27465
35 -75 26160
75
-1 -5 829
6 -8 239
1 0 887
4 -3 247
4 -9 871
-8 -3 1182
7 -16 1041
13 -16 1151
12 -9 1915
21 -6 2033
17 2 3357
21 -7 2052
23 -11 2921
24 -14 3014
19 -14 2620
14 -13 4521
11 -12 3155
5 -12 5747
-4 -4 7433
1 -8 4500
-1 -10 8147
-12 -5 8115
-15 -6 8390
-11 0 9798
-22 -1 8096
-19 -6 7954
-22 3 9234
-21 9 9505
-13 19 10064
-22 12 10029
-12 8 11533
-19 16 11160
-10 -1 13345
-10 -1 11596
-8 -5 13642
-17 -7 12712
-11 -3 13059
-16 -10 13524
-25 0 14551
-18 -17 14080
-25 -20 15751
-11 -12 14399
-11 -8 15521
-33 -16 17207
-43 -7 17258
-43 -25 18776
-45 -7 17480
-47 -10 17201
-49 2 17480
-35 -13 17989
-40 11 18739
-44 -23 19926
-36 8 19368
-44 21 18960
-37 10 20208
-45 11 20057
-41 20 21501
-40 3 21443
-45 17 22463
-31 9 21380
-41 0 22597
-47 8 23999
-53 8 25434
-32 0 22893
-22 -3 24290
-23 3 23906
-14 4 24103
-30 4 24709
-18 2 24145
-4 12 25667
-7 13 26070
-27 4 24179
-2 7 26870
-25 10 25194
-25 7 25513
74
7 8 218
8 -5 290
1 1 51
8 -12 66
11 -10 1269
3 -18 527
12 -14 2559
-5 -13 1955
0 -10 2735
-12 -9 2482
2 -16 3641
-9 -15 3175
-7 -14 2736
0 -16 4759
8 -24 4952
-14 -18 3105
-17 -10 4666
3 -24 4846
-5 -15 5050
-11 -14 5615
-7 -20 6254
-21 -18 6361
-6 -21 7269
0 -14 6282
9 -9 8159
-3 -21 6706
9 -10 7377
-9 -19 6864
-2 -13 7005
-5 -24 7363
-5 -34 9292
2 -23 7513
-2 -31 7344
-2 -38 9260
-12 -37 9540
-9 -27 8809
-9 -17 10620
-16 -35 8955
-2 -16 12152
-14 -18 11627
-10 -26 12938
-7 -23 13090
-6 -32 13359
-18 -22 13708
-8 -39 14299
-24 -24 13635
-22 -21 13247
-5 -30 15304
-27 -16 14613
-26 -18 14465
-16 -16 15616
-23 -11 15082
-24 -8 15668
-26 -8 15672
-22 -4 16802
-20 -18 16530
-24 -15 17047
-10 -21 16789
-19 -9 16940
-30 -17 17063
-15 -4 16844
-34 -10 18406
-6 -10 18370
-12 -13 18159
-16 -13 17745
-8 -16 18928
-19 -14 17591
-12 -17 18236
-16 -27 19522
-2 -20 19741
-8 -23 20416
-13 -36 20722
-14 -31 20622
-14 -32 21200
73
8 -5 813
-4 0 1526
-1 1 921
-2 -1 829
-2 11 1640
6 -4 1291
3 21 2260
2 -3 1511
10 26 3268
8 14 3834
20 30 5237
17 24 4650
24 30 6097
22 32 5061
34 27 7599
30 42 6941
26 20 8756
31 30 8679
30 38 8775
36 24 10103
41 27 9630
25 43 9756
35 30 10227
44 25 9370
38 23 9828
29 23 11341
47 21 10712
36 27 10631
48 17 11207
40 31 10935
34 25 12491
54 10 11293
46 12 11997
37 30 12041
28 27 12913
44 6 12023
20 25 12992
26 23 13843
19 20 14732
14 20 14315
14 24 15482
22 22 15153
29 30 15017
17 23 14734
27 38 15846
26 16 15794
21 17 15375
28 31 16403
21 28 17524
26 35 16176
22 28 17325
18 43 17616
19 37 17837
13 32 17261
22 28 18852
6 25 17027
26 20 19812
0 19 17395
-9 19 18091
7 12 18053
1 27 18929
9 8 17820
17 0 17874
11 0 18119
8 6 18326
11 -3 19332
0 16 18790
5 -2 20046
-4 0 20764
-1 -10 20181
2 0 21051
-5 -9 20963
-13 1 21123
72
-9 6 323
-1 8 392
-4 7 1152
3 15 676
5 19 1095
9 16 807
13 10 1785
4 12 1109
7 8 2981
-5 20 1299
-1 0 3406
-14 15 2166
-7 7 4404
4 -10 4255
-13 6 4781
-14 17 5239
-9 24 6844
-8 -3 5385
-15 26 7869
-18 5 6366
-9 21 8283
-7 35 8586
-14 27 7942
-13 31 9192
-6 37 8910
-3 34 9860
-9 42 11257
-7 31 9540
-13 33 10674
-9 43 10915
-4 41 11545
-12 48 11988
0 44 11748
-7 39 11426
-14 30 12133
-4 35 12680
-12 35 12694
-9 37 13190
-17 31 12998
-10 35 13781
-15 26 14373
-23 26 14084
-15 35 14073
-24 29 14837
-24 26 14386
-20 36 14028
-20 25 15107
-25 33 14757
-21 27 14792
-16 17 15485
-16 22 15853
-26 8 16837
-20 32 16050
-6 32 17468
2 25 18447
-8 22 17642
-10 27 18284
7 30 18283
-15 23 18620
11 26 17923
7 21 17932
19 23 18734
13 27 18210
29 32 19984
19 30 19490
39 32 21207
49 33 21651
25 23 21140
19 29 21841
18 22 21413
11 18 21966
10 21 22300
71
-1 5 1543
8 -7 664
12 -12 921
13 -3 417
4 -1 470
21 -10 912
15 -11 2242
-3 -1 337
7 -13 2256
15 -9 2964
-1 -5 2333
11 -17 3653
-9 -6 4131
7 1 3723
8 -3 4567
-4 -3 5098
-11 5 5641
6 -5 5467
-9 -5 6236
0 1 5739
5 -1 5659
0 -4 6500
-1 -1 6252
-5 3 7153
1 -6 7002
3 2 5829
8 -8 8531
-6 2 7366
-7 12 9120
12 -7 7931
-17 10 9674
6 -6 8043
-11 19 9916
-1 -4 8358
-9 9 11041
-2 -13 9317
-8 -22 10786
4 -14 10058
8 -16 10245
-15 -28 10649
-9 -19 11037
7 -25 10752
1 -14 12250
-9 -28 11511
4 -11 12699
-4 -25 11212
7 -19 13545
10 -21 14076
17 -14 15251
19 -27 15045
23 -33 15167
20 -19 15643
21 -18 16530
18 -28 15898
12 -38 16457
17 -17 17875
21 -20 18743
14 -39 16817
4 -40 17349
23 -27 19153
32 -20 20973
-5 -46 19060
3 -43 20295
42 -21 22265
37 -31 22299
-4 -52 21811
30 -24 22438
37 -24 23860
46 -14 25449
30 -14 25184
42 -21 25280
70
9 9 1453
8 -10 1735
14 -18 2081
4 -16 2527
18 -23 2616
13 -20 2929
12 -12 2747
22 -33 4008
19 -26 4742
13 -32 5008
11 -31 5928
15 -23 6466
14 -18 6735
3 -21 6264
15 -16 6225
16 -8 7905
6 -22 6648
21 -22 7573
30 -27 7605
20 -21 6713
27 -20 8005
29 -25 8042
21 -22 9412
18 -15 9481
11 -17 9628
27 -30 10883
36 -32 11927
15 -10 9667
27 -40 12650
42 -25 13582
40 -23 13962
42 -35 14021
38 -26 15166
38 -27 14698
34 -29 14754
47 -21 15116
43 -30 15831
43 -29 15902
52 -36 17129
46 -34 16467
50 -40 16470
43 -36 17960
36 -38 17813
33 -33 19547
35 -39 20540
25 -35 20508
28 -42 20284
30 -42 20302
31 -43 19957
37 -33 21907
31 -27 23446
23 -39 21164
33 -48 22978
14 -29 22742
34 -52 23612
35 -40 23100
29 -35 22789
30 -38 23525
39 -27 23277
30 -28 23774
31 -24 23992
43 -36 23790
33 -26 24174
46 -27 24648
56 -27 24662
30 -22 23574
29 -15 23976
40 -21 25122
42 -18 25383
36 -25 25265
69
1 7 1750
8 -3 605
-3 4 1670
10 6 1939
-7 7 1844
-13 3 2147
1 15 2537
-12 12 2250
-11 19 3524
-1 19 3174
-17 17 5094
-5 28 4625
-7 19 6127
-12 34 6069
-20 44 7619
-22 41 7870
-10 50 7718
-10 52 8323
-1 44 9349
-13 51 8476
-5 45 8669
-20 57 9236
-3 44 8415
-6 43 9826
-9 41 8207
-2 37 9759
-8 33 8255
-8 46 11221
-1 50 12299
-6 33 8862
-1 52 11801
-13 35 8803
9 58 13357
6 50 11582
13 56 12085
6 52 12586
22 66 12606
3 47 12997
-4 57 13522
22 73 13834
32 67 14023
22 82 15112
31 77 16882
31 88 16988
38 76 17267
21 85 17218
43 77 17665
42 80 16991
40 77 16878
46 86 18797
33 86 17732
44 84 16640
49 86 17064
39 94 17394
39 85 19060
53 82 16706
36 93 19807
55 78 17100
60 69 18614
57 82 17563
48 80 18103
61 89 17475
47 79 17327
64 83 17886
67 90 18817
69 90 18553
63 88 19782
71 95 19795
61 92 20608
68
-9 1 242
-7 -7 1529
1 -9 1724
-18 -4 840
-22 5 1279
-19 -6 1000
-28 4 2776
-17 1 1244
-21 -9 2522
-16 11 1886
-14 -19 2889
-14 -9 2961
-11 -9 2379
-10 -10 3940
-4 1 2454
-10 -4 2093
6 -7 4147
1 -7 2880
-2 -17 3864
1 -1 3704
-8 7 4409
-6 0 4314
0 9 5471
-14 0 4178
5 8 5451
-4 -1 5542
4 10 4905
3 -5 6798
-4 16 6425
12 16 6595
9 6 8003
6 17 7682
15 8 8304
4 23 9061
7 15 8883
11 26 10077
10 29 9589
8 24 9883
3 25 11302
13 20 11304
12 17 10792
3 26 11512
2 31 11317
8 17 11815
-2 18 12273
-5 39 12588
2 32 13096
-6 48 14141
-15 57 15630
10 29 14462
14 26 13953
-24 60 17098
-30 62 18147
-26 55 17085
-36 65 18921
-29 69 18230
-26 71 18240
-19 69 18824
-16 74 19143
-26 66 19728
-17 61 20066
-6 72 20596
3 64 21451
-13 76 22035
11 74 21469
5 67 20801
11 77 21825
10 75 21975
67
-2 8 76
-10 -5 335
-2 1 1412
-11 3 1072
-7 3 869
-3 1 996
3 10 1673
-10 5 246
-5 0 1669
-18 14 1363
-17 12 925
-13 20 1207
-25 11 2447
-9 7 772
-1 2 2012
-1 5 1488
3 12 2324
-7 9 1604
0 3 3040
7 9 1909
-2 12 3390
6 8 3334
-6 4 4837
-12 13 3465
-9 2 4219
-14 9 4150
-15 -8 5918
1 -6 4459
-5 -16 7180
-25 -2 7322
-1 -21 7433
-19 5 7570
-15 -4 8337
-20 7 8132
-7 -5 8322
-18 -4 8074
-8 5 8766
-9 -7 9330
1 7 9221
-15 -15 10180
-9 -9 9830
0 13 10456
-3 -18 10161
-2 6 10799
-10 15 11054
2 -24 11572
-8 -17 12516
-1 18 12426
1 28 13386
4 19 13611
-9 30 13740
5 23 14261
0 33 14239
-4 21 16089
-3 28 14252
-9 14 17110
-10 11 16974
6 30 14843
-11 4 18148
-8 4 18405
-1 12 18746
-21 -2 18944
-17 -8 18845
-18 5 19438
-13 8 19416
-22 -1 19105
-26 -2 18865
66
6 3 1116
-3 -10 938
-13 -8 2019
15 -3 1536
-19 -7 2241
16 -8 1706
14 -7 2316
22 1 1944
11 -1 2722
20 -4 3347
15 -11 3313
19 1 4705
13 -4 3160
9 7 6210
5 -2 7810
-1 2 6553
0 -1 9135
-7 -7 7880
8 -6 8958
-8 -2 8316
5 -12 9592
4 1 10414
13 9 11488
13 0 10423
8 13 11694
18 8 11152
-1 11 12342
18 13 11327
-3 1 13541
-2 5 11993
-10 -2 14186
-12 -9 15261
-20 -13 15568
-2 1 14631
-25 -14 15922
-3 -3 14735
-20 -13 17384
-20 -6 17086
-16 -23 17878
-24 -11 18378
-24 -22 19433
-20 -18 19911
-17 -9 20325
-26 -28 20804
-35 -36 21605
-26 -14 22069
-25 -5 23062
-23 -22 22520
-28 -1 24377
-31 -12 22969
-31 -4 23767
-37 -7 23262
-39 -3 23759
-28 -5 24664
-28 0 25209
-38 -8 24846
-47 -5 26511
-21 -2 25310
-19 -10 25623
-23 4 25976
-31 -3 26727
-15 5 26564
-26 0 26774
-18 4 27614
-14 3 27253
-21 -4 29154
65
-1 -1 143
-7 -9 1534
-6 -12 2423
1 -19 2929
6 -22 2743
-1 -15 2774
-7 -12 2773
8 -28 3414
12 -38 3694
4 -24 4558
11 -33 4652
9 -45 4776
16 -42 5360
10 -42 5683
15 -35 7210
12 -52 5637
18 -54 6186
5 -25 8432
8 -57 6541
12 -22 8826
17 -67 7110
11 -18 10052
8 -65 7326
19 -12 11448
8 -60 7872
21 -19 11718
20 -23 12330
1 -55 9125
9 -50 10870
13 -20 13985
2 -60 12339
9 -23 15279
6 -67 13601
4 -21 16597
12 -76 14841
13 -68 14004
20 -65 15104
15 -75 14898
13 -65 15610
14 -70 16639
17 -68 15537
15 -66 15772
21 -66 16340
7 -75 17084
24 -62 17229
26 -76 16777
31 -66 16945
30 -68 17859
23 -60 18818
36 -70 18969
18 -61 19263
45 -69 20123
9 -60 20119
12 -52 20268
6 -64 19717
13 -60 20482
13 -62 19705
14 -54 20618
18 -72 21588
7 -52 20773
11 -64 21827
7 -55 20109
9 -52 21205
16 -68 22878
10 -60 23638
64
-3 6 60
8 4 577
3 3 910
-5 1 737
-6 -4 2154
13 11 1082
-8 -3 2148
-15 1 2556
-4 4 3811
-13 -10 2894
-14 -19 4138
-1 8 3713
2 -1 5353
5 11 5112
-5 4 6375
11 -1 6808
6 -6 7993
3 -11 8521
-4 -13 10058
3 -8 9604
7 -2 11080
-7 -4 11522
-1 -8 12685
-13 -8 12339
-15 2 13798
-10 -5 13316
-14 -6 14879
-16 -13 13284
-9 -15 15363
-6 -11 13691
-11 -4 14676
-11 -21 15259
-4 -24 15965
-14 3 15406
-10 -27 16592
-5 -24 16579
-14 -27 16653
-14 -25 17547
-19 -27 18132
-10 -22 18294
-24 -29 17941
-1 -30 18399
-8 -29 18287
-34 -28 19343
-24 -27 20832
-41 -18 20710
-41 -26 22355
-51 -23 21239
-48 -23 20775
-38 -33 23650
-28 -39 23854
-56 -31 21614
-50 -32 21778
-25 -34 25276
-59 -38 22869
-23 -39 26701
-22 -46 27015
-33 -44 27314
-25 -56 27183
-32 -35 27652
-31 -60 26821
-26 -53 28102
-34 -55 28382
-24 -53 26623
63
-3 -7 481
2 -3 784
-8 -2 1966
11 -7 2584
16 0 2678
-18 2 2984
-10 12 4797
-26 8 3707
-34 3 4888
-28 8 4252
-24 -5 5313
-37 8 5550
-31 -7 5492
-20 -5 5811
-16 4 7617
-16 -14 6550
-11 -10 6177
-21 4 7181
-10 -14 5818
-1 -11 7020
-3 -10 6108
-14 -19 7121
-17 -22 7069
-5 -2 7444
-25 -14 7968
-12 5 7145
-7 10 7668
-17 11 7987
-8 7 9558
-14 12 8004
-18 0 10063
-11 12 10933
-9 -5 11616
-2 22 12763
-11 -4 11365
0 32 13230
-13 -11 12854
-18 6 12652
-13 15 13712
-21 -15 14517
-18 9 14857
-10 15 14651
-4 6 14781
-17 13 15034
-1 10 14497
-10 -1 15116
-4 -9 16898
-11 11 15020
-1 -9 16338
5 -17 16998
2 -12 15993
-11 -19 16999
-8 -19 16403
-12 -22 16660
-3 -22 17240
-15 -24 17564
0 -13 17241
-10 -22 18811
-5 -25 19725
-17 -30 19791
-13 -23 21399
-22 -23 21240
-22 -16 21068
62
8 3 1264
6 8 788
15 -6 2641
-3 5 1444
13 -4 3186
8 -3 3036
14 -2 2440
18 -12 4400
17 -10 3969
22 -4 4319
14 1 4333
26 0 4176
23 -9 4570
35 3 4117
26 -9 5816
23 -1 4583
34 -11 7437
22 5 5184
26 -7 7791
20 12 6027
19 8 6143
19 -1 8512
29 -8 9822
29 5 8838
36 14 10513
21 -18 11643
34 23 11489
27 -22 13207
24 -21 14371
41 32 11980
41 41 11960
16 -15 14338
33 41 13400
40 50 12688
31 49 14298
35 49 13840
43 55 14591
39 51 15280
42 50 16266
45 60 15703
47 50 16837
35 61 15780
42 59 16573
43 51 16470
51 60 18349
52 57 18061
56 56 19629
59 48 18961
68 49 20271
61 52 20267
55 60 21023
54 54 20556
56 45 21159
50 59 21703
49 52 22843
50 54 21353
52 62 23369
39 51 24198
46 59 24143
47 60 24808
48 68 24268
51 63 24920
61
-4 9 723
-5 4 683
-8 5 398
-5 13 872
-7 4 2078
-14 7 1344
-15 6 703
-16 13 3887
-11 14 3681
-10 8 825
-4 20 3931
-5 10 4501
-5 19 5762
3 15 5855
10 18 7542
5 22 6331
14 18 7925
16 22 7919
18 18 8449
17 23 8230
18 19 9040
26 22 8212
22 28 9020
25 14 8751
27 34 8924
22 7 9753
22 -2 11222
13 1 9954
8 0 9542
5 2 9929
7 2 9045
16 8 10184
-2 -5 9835
24 7 11599
-5 -7 11119
17 -3 12154
-14 -3 12027
7 -10 13949
6 -18 13908
13 -11 15043
22 -13 16757
19 -21 15142
31 -8 16946
30 -12 17969
25 1 17716
40 1 18130
28 11 19306
19 10 18482
37 21 19307
24 20 20033
15 14 21297
29 12 19665
37 18 20027
23 19 20839
17 28 21849
38 24 21542
15 26 21769
32 30 21340
37 39 22202
27 36 21564
29 44 22838
60
6 3 1283
8 7 719
17 9 1545
-2 7 1352
-5 1 1773
16 1 1518
8 2 2700
-7 7 1852
6 2 1907
-12 10 2403
9 2 2835
-6 11 2016
9 8 3456
-11 12 3024
10 3 3463
-21 12 3352
-14 8 3191
9 -2 4416
11 6 5556
-20 2 3276
12 -1 6501
-18 6 3619
-28 8 4485
-11 13 4631
-23 3 5322
-18 8 5429
-24 3 4900
-21 1 6571
-30 10 6866
-15 -1 8001
-18 -6 7554
-27 10 6988
-37 15 7366
-10 -9 7904
-5 -19 8630
-3 -10 9408
-11 -20 11105
-7 -18 8695
-14 -8 9102
-14 -12 12245
-23 -2 12432
-17 -12 11690
-22 -16 12659
-32 6 14290
-27 -22 13860
-18 -13 13197
-27 -12 14820
-27 -20 14238
-26 -4 15211
-35 -30 15091
-34 -31 14787
-24 -12 16601
-29 -22 16149
-23 -17 17961
-33 -21 16951
-27 -20 16689
-29 -30 18628
-23 -12 17656
-32 -36 19374
-39 -32 19159
59
5 9 1837
1 -7 1298
13 3 3107
7 13 2147
10 2 3768
13 13 1856
10 5 4640
7 15 3123
13 10 6022
17 11 4914
20 2 6246
21 6 5376
27 11 6254
13 10 7120
27 3 6659
13 15 6858
21 4 6342
24 4 6635
20 11 7023
25 10 6113
28 4 7406
16 13 7240
21 10 8273
32 8 7916
23 7 8198
19 19 9204
17 5 9059
25 4 8193
16 4 9171
20 12 10338
26 -2 9392
16 8 10354
30 3 10818
27 -1 8617
25 4 9649
24 -6 11146
21 -16 13069
30 14 11302
24 15 11144
20 -15 13038
31 10 11794
15 -6 13004
9 -9 12717
22 4 11740
1 -18 14565
-1 -10 13363
9 -15 14659
-3 -20 15818
-4 -13 15763
4 -23 16427
3 -3 16342
3 -15 18090
11 -10 16837
3 5 16670
2 -1 18251
18 -6 18368
9 -2 18704
9 -3 19389
19 6 19557
58
5 3 290
0 8 1545
10 11 1686
-1 13 1414
20 1 1749
12 3 1886
4 -4 2417
12 13 2285
7 18 2719
14 -6 3603
15 -9 3359
21 -14 3918
17 -18 4712
11 -6 4146
8 -15 4412
10 -19 5037
17 -22 6427
7 -24 6235
0 -31 7487
8 -16 8033
3 -31 8428
13 -26 9795
1 -36 8036
4 -36 9753
8 -36 9682
1 -35 9178
-4 -33 10469
16 -32 10850
2 -31 11106
25 -40 12287
10 -22 11185
33 -47 12832
32 -47 13916
30 -37 13523
22 -44 15633
20 -31 14407
11 -32 15996
14 -37 14945
13 -33 14424
7 -35 15748
14 -41 14642
18 -40 15429
28 -39 16187
9 -31 16189
27 -44 17230
9 -37 16967
5 -34 17679
12 -46 16918
14 -33 18418
3 -44 18324
6 -35 20108
5 -39 18485
7 -42 18485
4 -27 21635
0 -25 21756
10 -36 22647
-8 -33 22349
-1 -16 23438
57
-8 1 531
-3 9 561
-10 1 706
-10 -8 1639
-15 -4 834
-16 -7 2578
-22 -6 2319
-17 -10 1099
-27 -16 2553
-19 -11 3734
-26 -11 3913
-31 -7 3145
-26 -16 4868
-35 -13 4233
-21 -8 6157
-29 -11 4513
-26 -3 7516
-22 -18 5341
-29 -1 8617
-33 -6 8474
-34 9 10239
-27 -6 9815
-36 -6 10260
-20 -3 11306
-32 -4 9667
-13 -1 11146
-23 -10 12713
-16 6 12386
-13 -15 13183
-14 -11 13916
-13 -9 14123
-19 -7 14564
-12 -5 15169
-20 -9 15504
-20 3 15369
-11 -7 15901
-20 -4 15919
-20 -9 16668
-16 -16 17355
-26 -19 18385
-8 -17 18450
-19 -11 18810
-9 -9 19038
-10 -15 20202
-5 -10 20167
-11 -13 18504
-14 -5 18890
-3 0 21974
-10 0 23076
-7 5 22396
-5 2 22805
-15 -1 22835
-22 -4 23342
5 7 24667
-1 13 24541
-32 -10 25071
-30 -18 26154
56
6 -7 542
1 -6 1080
11 0 545
4 -13 240
-6 -21 1647
3 -8 1161
4 -16 3213
-4 0 1372
1 -6 2888
9 -8 3776
11 -9 3764
14 -4 4887
8 -19 3791
17 3 4591
6 -22 4611
12 -23 3369
6 -13 5064
7 -21 2873
14 -11 6465
-2 -5 5833
-6 1 7222
23 -19 7135
-7 2 6588
33 -29 8321
33 -25 9531
30 -32 7630
32 -19 10799
23 -26 8704
40 -27 11621
26 -34 8797
16 -30 10726
32 -32 10309
21 -31 11081
12 -25 10735
30 -40 12825
11 -31 11708
8 -34 11501
24 -36 12426
17 -38 12138
30 -34 13383
37 -25 13834
32 -44 14083
28 -34 14492
36 -38 15009
45 -38 15062
31 -45 15185
46 -32 16413
37 -45 15406
36 -36 16839
27 -45 16648
33 -46 18401
18 -36 16567
39 -47 18226
43 -44 18971
35 -52 18906
47 -46 18716
55
-5 6 408
6 9 524
9 10 1345
16 6 639
5 4 2581
10 4 1995
7 -4 4241
-4 8 2488
-1 7 2251
2 -3 4229
1 -10 4020
-5 4 1884
2 -17 5238
3 -19 5200
3 -18 5742
-3 -25 6557
-3 -13 6556
-6 -29 7256
-3 -27 6886
-8 -6 8255
-5 -11 9649
2 -26 7011
-13 -7 9802
9 -27 7483
3 -30 8757
-23 -11 11080
-33 -6 12193
-7 -31 9639
-11 -27 10441
-43 -9 12912
-11 -33 10973
-40 -11 13820
-3 -28 12141
-5 -27 11210
-14 -26 12046
2 -33 11907
-18 -23 12258
-2 -27 12638
-26 -32 13273
-9 -31 12330
-25 -34 13339
-26 -40 15003
-29 -36 16403
-29 -28 13568
-20 -23 13518
-28 -38 14608
-20 -48 16131
-34 -39 15476
-25 -32 16976
-24 -42 16569
-14 -33 16736
-15 -50 18262
-15 -43 19843
-22 -52 19085
-7 -39 21191
54
-5 -2 293
-2 -7 1020
2 2 2350
-12 0 1084
-3 -9 1531
8 3 3611
18 -6 3792
-2 -17 1666
24 -9 3952
-4 -25 3021
-4 -23 3730
-6 -32 3904
-3 -29 4867
0 -35 3774
-6 -21 6088
-13 -38 5317
-11 -25 5605
-2 -17 6305
-11 -28 5912
0 -15 7310
-10 -25 8437
-1 -30 6635
-5 -37 6769
-2 -32 9073
1 -33 8129
-13 -31 6849
-12 -37 8268
-14 -21 8518
-21 -20 10133
-2 -47 9511
-11 -11 11792
-4 -49 9428
-11 -3 13165
-18 -16 13184
-27 -15 13247
-18 -23 13622
-8 -25 15534
-23 -33 14510
-7 -22 15141
-15 -43 15181
-12 -35 16111
-6 -14 16784
-12 -44 16361
1 -9 18313
-5 -37 16218
9 -4 19257
-8 -43 16635
5 -43 16276
-17 -41 16810
2 -49 16896
-10 -36 17799
-4 -54 18186
-2 -39 17615
-6 -60 18697
53
4 2 1598
-1 -9 1846
-5 -2 2840
-4 -2 2798
-14 -12 3461
-1 7 2945
-11 -2 3714
4 -3 3311
-11 -10 4926
-5 2 5151
-21 -18 5740
-10 0 5904
-9 -6 6451
-15 7 6998
-11 -1 6826
-25 3 8447
-15 0 9905
-13 4 6787
-9 -6 11105
-9 -2 9721
-16 3 12339
-17 -7 10152
-26 -9 10778
-12 -6 12796
-33 1 12722
-14 -3 13999
-37 3 13239
-21 -13 14007
-39 -5 13268
-15 -5 13874
-22 2 14126
-5 -1 15449
3 -7 16265
-24 2 13442
10 -6 16871
-34 -6 13699
-24 -12 15661
-43 1 15581
-25 -13 15046
-45 7 15231
-41 0 15591
-21 -16 15524
-15 -23 15890
-40 -2 14993
-23 -28 17580
-41 -1 14562
-25 -20 18807
-17 -23 18437
-35 -30 20679
-20 -26 19290
-15 -29 19688
-13 -27 19943
-10 -36 20405
52
1 -10 476
-4 1 170
5 -6 1191
-3 -20 819
-5 3 2447
15 -13 1609
-4 10 3042
-15 7 2744
5 0 4095
-23 5 4289
-21 1 5623
-27 -1 4049
-22 7 5357
-28 -11 5937
-23 -18 7089
-26 17 6412
-33 -8 7158
-16 -8 8729
-10 -13 9753
-13 -4 9669
-4 6 11198
-2 -8 10826
-7 2 11508
-8 5 12483
0 9 13012
-16 7 12074
-5 18 12944
4 2 13865
0 10 13742
-6 7 14457
6 17 14848
8 0 14525
0 -9 16001
13 12 15397
8 -19 17202
3 0 16880
9 -5 16787
13 6 17462
21 -1 18498
16 2 17677
16 10 17601
18 5 19217
16 20 19240
19 11 17372
12 17 20551
14 1 19311
9 -8 19563
16 23 20379
12 -18 20213
7 18 21728
10 -17 19632
3 -9 21502
51
-2 -9 118
10 6 526
11 2 1314
-3 -1 86
11 12 2864
20 2 1898
13 2 3044
15 9 2795
23 5 2864
9 19 3241
10 12 4556
4 15 3286
0 14 5850
9 8 4435
-8 16 5717
17 15 5417
-1 22 6022
13 24 6116
18 32 6325
3 18 6527
10 25 8215
-6 27 7742
11 25 7733
7 15 10109
9 21 9966
13 32 7500
18 41 7775
21 28 9069
24 51 7945
22 21 10353
21 25 10395
15 16 11286
21 22 10527
14 22 10526
8 13 10465
30 24 11364
15 18 10560
38 16 11575
7 25 10456
37 13 11548
8 22 11423
10 25 11055
8 20 12179
5 32 11371
6 33 11835
-5 29 12425
2 38 12543
5 37 11606
9 45 13690
1 27 12147
3 50 14579
50
-4 6 865
-4 -5 1227
-14 -12 1336
-7 -3 2110
-15 7 2785
-21 -2 3269
-22 -9 3754
-24 2 3519
-18 -12 4471
-31 11 5252
-26 5 6319
-26 -7 5677
-22 5 7613
-36 -2 7588
-28 2 9355
-38 -1 8213
-45 8 8535
-43 -5 8967
-34 -14 8916
-41 -3 9423
-44 -6 8767
-29 -13 10147
-39 1 9933
-20 -14 10755
-27 -21 12277
-36 -5 9851
-20 -29 12892
-42 -5 10718
-16 -26 13458
-39 -9 10563
-45 0 10733
-10 -22 13502
-46 -4 11023
0 -17 14138
-2 -12 14694
-52 6 12556
-47 8 13563
-55 13 13145
-62 14 14338
-56 19 13595
-46 18 15153
-56 25 14684
-47 17 15409
-52 20 15135
-60 14 15200
-46 17 16037
-53 9 16552
-40 21 16112
-33 25 16526
-52 18 17666
49
-8 -2 203
0 -3 348
6 5 1308
-5 -4 1142
15 8 1550
3 0 960
14 13 2914
9 1 2164
4 22 3311
10 -4 3312
7 -7 3741
13 5 4405
9 0 5557
0 -2 4023
-1 -1 6324
4 -2 5695
8 -6 5556
2 -6 6298
8 -3 5075
9 -14 7805
12 -13 8031
0 3 4914
15 -6 9700
-6 12 5045
4 8 6762
-1 20 5080
-2 22 4317
11 18 8068
15 26 8629
-1 24 5039
-10 25 5965
20 16 9250
-13 24 6919
28 8 10722
-14 29 7890
-11 18 7278
-22 39 8802
-24 23 9342
-20 47 9053
-25 46 9989
-27 42 8827
-32 38 11496
-19 39 10607
-28 41 8990
-31 36 10106
-17 32 10749
-23 26 12260
-17 29 11470
-33 23 13139
48
-1 3 571
9 3 1647
1 5 3168
8 -1 2740
6 3 3699
2 -11 3092
8 -6 4168
-3 -4 5136
-6 6 5439
7 -12 5711
4 14 6214
-7 14 7206
-17 13 8813
-16 9 8437
-17 5 10208
-17 6 8764
-7 7 12201
-14 6 11315
-17 1 12580
-22 -3 12018
-15 -2 13764
-25 5 14378
-28 6 14699
-25 -3 15215
-18 9 15817
-35 -13 17114
-15 15 15638
-25 13 17386
-21 12 17005
-16 5 16974
-23 4 17998
-20 18 18190
-31 0 18572
-19 3 17609
-24 -1 19053
-39 7 19004
-25 -1 20021
-19 -6 18944
-32 3 21288
-25 -1 18576
-17 -2 20238
-28 -8 20236
-17 4 19844
-28 -10 21076
-16 13 20868
-24 12 20868
-11 20 21413
-32 2 21901
47
-8 10 1289
-7 6 80
-15 0 1438
-4 9 1385
-10 -8 1362
-17 -2 2367
-11 2 2800
-18 -8 1406
-11 -7 2713
-25 -12 1507
-19 -12 2352
-9 -17 4684
-23 -2 2867
-3 -8 4857
-24 -4 2438
0 -14 5536
-16 -1 3273
5 -7 5684
10 -10 5825
2 -12 7120
0 -1 7143
-7 -8 8616
7 7 8320
-4 -10 8079
-1 -2 9277
16 13 8396
-3 -12 9804
9 -1 9783
2 5 9720
9 -3 10582
6 -10 12184
0 -13 10984
5 -14 12203
7 -4 12754
-2 -7 13558
12 1 12903
7 -8 13680
8 -17 13896
4 -16 14957
8 -14 13805
-5 -15 16215
1 -7 15498
-12 -25 16320
-8 -14 17383
-1 -19 17744
-3 -23 17910
-7 -16 19013
46
-3 -7 1140
-3 3 170
-9 3 321
-3 11 355
-7 2 539
0 2 936
-5 12 837
-15 1 1341
-3 8 1372
-12 -6 1262
-13 6 2824
-5 9 1149
-8 8 4185
-7 4 701
-14 13 688
-5 1 540
0 -8 1907
-3 -8 885
3 -6 2400
0 -9 1052
1 -18 2814
5 -5 936
9 -16 3276
4 4 1693
-6 8 2407
-3 5 2900
-8 3 3901
-8 0 3881
2 4 5321
-12 -7 5514
-14 -16 6538
0 13 5349
-2 14 5220
-10 -18 5988
-19 -14 6655
-5 -24 7372
1 -23 8210
2 -34 8808
6 -24 8917
-7 -27 10624
13 -29 10213
16 -27 10094
14 -26 10942
20 -32 10098
16 -23 10913
10 -31 10893
45
3 -9 1541
-4 -9 593
-9 -2 1760
-3 -3 1630
-1 -11 1973
6 -13 3100
4 -11 3817
6 -8 3140
0 -6 3781
-5 -2 3817
1 7 4924
10 3 5705
9 7 5223
12 0 6812
4 -5 8085
0 3 6486
7 12 6559
0 -7 6689
-3 -5 7958
4 6 7618
-9 4 9044
-10 4 8846
-6 12 9870
-12 7 10092
-11 13 10035
-12 6 10495
-19 15 11032
-11 16 11512
-4 19 12586
-2 6 12946
-2 3 13891
-7 2 12691
-1 0 14144
-5 -6 14137
1 1 14691
0 -14 15756
11 2 16241
-3 -6 15973
7 3 17505
12 9 17918
3 3 19414
4 10 19271
7 4 20809
6 20 20484
12 29 21843
44
-7 -10 612
2 -3 987
1 -10 1171
-16 -17 654
2 -15 2566
-6 -27 1812
-6 -28 1378
-11 -33 1721
-16 -30 1310
-2 -37 2507
-9 -46 3216
-11 -27 2063
-14 -37 3884
-2 -52 4519
3 -49 5557
-22 -35 4193
-1 -59 5593
-19 -25 4575
-2 -62 5254
-18 -18 5794
-16 -19 5989
-8 -10 7027
-16 -28 6879
-16 -6 8443
-12 -23 8179
-23 2 8505
-6 -28 9258
-2 -14 8595
-10 -15 9454
6 -8 9464
15 -18 10547
-15 -13 10852
19 -27 11786
23 -13 11787
20 -24 11267
23 -17 11744
27 -29 12877
21 -23 12180
21 -29 12660
25 -25 12308
27 -32 13479
13 -29 13407
22 -37 14771
18 -22 14758
43
-2 -2 1662
0 1 665
3 1 317
-5 0 1447
5 -2 3380
3 -7 929
4 5 3758
6 -3 902
7 10 5059
-3 1 5274
7 2 6033
7 0 5067
11 12 6080
9 11 5968
1 6 7293
15 11 7418
8 -1 7628
14 5 7938
6 -1 8821
8 5 8386
11 -8 8716
17 7 8831
10 -3 10084
19 -2 10420
16 2 10210
19 3 11213
11 -4 10840
17 -2 10749
22 8 10969
11 4 10864
14 -1 10935
11 -2 11466
5 -11 12895
15 -8 11920
24 -4 12212
4 -15 14125
15 -5 12717
34 5 13104
33 -4 13982
15 -2 12572
24 -2 15640
27 6 14455
28 3 14833
42
-8 6 914
2 7 1064
3 16 1647
1 12 1861
5 20 2054
3 17 2644
0 12 3357
4 14 2694
5 14 3770
2 15 4335
-4 8 4193
0 7 5619
0 9 5380
4 5 4594
0 7 4167
4 0 6040
3 -3 5662
8 0 4353
6 3 6266
13 -7 6796
18 -3 7866
14 -12 7450
10 -4 7869
14 -5 8613
6 -6 8537
18 5 9478
27 8 9802
-2 -9 9729
-1 -19 10014
-11 -13 10814
7 -9 10448
6 -13 10522
-4 -14 11530
2 -7 11352
-7 -6 12517
11 -17 12934
0 3 13307
-4 -5 12906
-9 -6 13091
-2 -3 14548
8 -7 16383
-3 -4 14401
41
-9 7 309
0 7 537
-12 16 1321
4 1 2054
-9 15 2585
12 -7 2516
-18 23 3420
-2 23 2632
-26 29 3336
-9 32 3619
-17 37 3841
-9 26 3804
-15 19 4107
-20 35 3987
-26 27 5404
-19 27 5173
-15 18 5589
-34 22 5320
-23 15 6589
-21 16 6015
-20 12 7020
-32 14 7738
-18 4 8505
-12 4 7405
-22 -6 9197
-10 7 8037
-24 0 9081
-4 0 8307
-23 -9 10867
-28 -2 9401
-18 -4 12124
-13 -3 11414
-15 -11 13183
-19 -8 11691
-17 -10 13268
-16 -12 11992
-12 -18 14208
-11 -6 14676
-13 -13 15321
-9 1 14499
-6 8 14915
40
6 9 610
-7 10 69
0 11 663
-10 7 1173
-2 13 1435
-4 0 1610
-1 -8 2614
1 3 1703
-1 -17 2731
9 -14 3518
-4 -20 3608
18 -15 4953
19 -22 5743
-2 -20 3258
-10 -16 3996
27 -13 6646
22 -8 7700
37 -8 7461
44 -7 8012
39 -14 7497
45 -8 9050
50 -14 8014
55 -9 8104
40 -23 9520
41 -33 11329
40 -31 11024
31 -35 11209
36 -41 11142
45 -31 12310
25 -26 12483
51 -37 13816
45 -32 12673
49 -28 13825
48 -30 14364
52 -37 15850
45 -34 15368
48 -45 16565
46 -38 16280
48 -54 18163
43 -35 15980
39
0 -2 611
-3 -7 1021
-12 -10 1212
-1 -5 494
-4 2 1597
-19 -2 1932
-4 3 1202
6 -1 2458
-10 -6 2159
1 -4 2641
-10 3 3898
-3 4 4043
-4 11 5644
7 0 5663
-1 -8 5819
16 4 6410
12 6 6450
24 -1 6336
31 0 6949
3 3 7429
37 10 8107
36 1 8211
32 9 8429
44 -2 8769
35 -2 10155
31 2 8908
40 4 10585
35 12 9246
33 12 9222
37 11 11153
28 7 12326
40 9 12060
35 1 12697
35 6 13294
34 -2 12509
31 11 13304
42 5 14260
25 -1 14091
21 -8 13965
38
1 6 1229
-6 5 641
6 -1 2782
-2 16 3168
2 26 4525
-5 16 2602
12 19 6032
-4 20 3656
6 13 3920
4 24 4380
12 21 4735
2 17 5858
5 17 4862
11 10 6373
6 23 6030
1 12 8095
-4 20 7507
-3 13 8115
-7 6 8323
-4 5 9112
4 14 10384
-1 12 8251
6 16 11074
2 15 8434
-2 15 9070
12 7 12910
8 3 12398
-10 11 10151
4 8 13720
17 5 14018
5 18 15046
2 -2 13882
5 -10 13978
9 -8 14296
-4 -2 15738
0 -10 14438
-4 -16 15349
-10 4 16123
37
-7 -2 998
5 2 491
-17 5 1038
2 -5 867
-18 15 2070
11 -8 1192
-18 19 1730
6 -5 2317
-4 -10 3712
-16 24 2220
-7 17 4010
-7 14 2367
0 8 3418
-3 4 4292
-3 9 4494
-6 -2 4874
-9 1 5986
-3 14 5263
-1 1 7602
-13 6 7180
-11 10 6949
-15 14 7488
-15 19 8312
-12 7 6762
-17 6 8223
-18 8 7425
-14 7 7528
-12 0 8019
-4 1 8302
-8 12 7592
6 11 8620
-18 19 9317
15 13 8691
12 12 8946
22 11 10363
15 18 8972
24 21 8965
36
6 10 1197
-6 -7 418
9 13 2447
3 3 1875
9 8 1960
6 6 3053
4 15 3303
8 17 1912
15 14 3284
7 25 1989
13 17 2639
13 9 4173
10 20 3814
12 13 3791
13 6 4702
13 14 4087
20 1 5375
14 -1 4579
20 -5 5607
21 9 5440
21 14 6147
17 18 7223
30 16 6927
22 12 7246
27 25 7537
33 8 8265
23 16 9045
37 30 8853
38 26 8418
32 12 9254
41 4 9426
32 23 8187
32 -4 10019
34 33 9241
39 -3 10158
33 -4 9239
35
-3 7 161
7 0 1166
7 10 1127
15 -9 1222
22 -13 2880
-2 20 1844
-12 10 2118
12 -23 4160
13 -32 4225
20 -20 4545
25 -18 5839
24 -21 5931
15 -13 6930
35 -14 6335
20 -23 7743
25 -15 8741
26 -30 7862
32 -15 9723
31 -38 8295
19 -39 7995
24 -41 8178
13 -39 8267
23 -38 7709
18 -37 9018
8 -27 9505
25 -35 10285
16 -39 11308
-2 -23 10874
5 -31 11691
-4 -30 12572
-14 -23 12874
-3 -28 12235
-11 -20 13857
-3 -36 14002
-11 -15 14088
34
4 3 255
10 -5 907
17 -8 1551
7 12 1985
16 -3 1668
17 -11 2394
11 -20 3009
7 4 1743
12 -6 2641
-2 2 3330
8 -5 4439
0 12 4218
-1 8 5227
3 -3 5170
-11 -2 6857
10 -5 5675
15 -9 5411
-17 -10 7291
16 -12 5979
-11 -18 7647
-13 -14 8801
-4 -15 8308
-12 -13 8929
-8 -22 9486
-5 -4 9692
-14 -17 9714
-19 -20 9994
4 -3 10031
-10 -22 11106
-22 -15 9858
-2 -20 12039
-24 -23 11562
-14 -19 13197
-10 -15 13690
33
-1 5 1356
9 -9 306
7 15 2869
-2 6 2171
0 12 2032
-3 0 2030
3 6 2524
-12 10 2078
-7 -3 4000
-21 13 2373
-27 21 4105
-6 -8 4156
-16 -4 4994
-35 11 4317
-13 -5 5148
-19 -8 6106
-16 -13 5174
-10 -15 6480
-7 -14 6228
-22 -22 5712
2 -5 8095
-6 -23 6831
-9 -13 8696
-2 -18 6927
-6 -11 9783
-2 -17 6862
-14 -16 11228
-6 -27 8393
-13 -27 9032
-5 -21 12330
-3 -25 12697
-3 -20 10318
-10 -28 13049
32
-3 1 118
9 9 845
-7 9 243
15 18 1868
23 14 2437
11 15 2032
5 7 3729
16 19 2602
15 15 4602
2 11 3139
7 19 5740
8 10 3397
14 23 5810
4 2 4348
-2 -1 4069
22 28 7179
-5 3 3938
-11 8 5296
-21 7 6484
-6 13 5427
-3 21 7125
-5 23 6677
-9 13 7335
3 15 7090
-6 18 7441
-7 19 8871
3 20 10719
-2 14 10210
0 13 10909
-5 17 11982
-8 20 12136
-4 14 10339
31
4 -3 240
0 9 897
-5 6 531
2 -2 345
7 0 1343
-7 -2 493
1 -2 1850
-8 -1 1570
-3 -12 2854
-18 -9 2052
-6 -5 4493
-11 -17 2640
-6 -12 2506
-4 -12 2346
-3 -8 3295
-14 -21 3308
-6 2 5047
2 1 4375
0 8 4730
7 -7 5536
-1 -16 5693
-3 11 4602
6 -26 6916
-7 3 5710
4 -27 6293
-10 -4 6738
4 -26 5912
-3 -24 6793
-12 -15 6991
3 -20 7470
8 -28 9154
30
-1 -4 1123
-5 -1 1226
-15 -5 1403
-5 -6 2249
-8 4 3042
-10 -5 1784
-1 1 1749
-19 -7 2673
-17 -5 2021
-8 9 3407
-12 -11 2647
-9 4 2910
-11 12 2848
-22 -21 3892
-26 -20 5260
-20 -30 4350
-13 -24 4921
-20 -14 5838
-21 -21 6487
-20 -9 5477
-18 -21 6518
-23 -26 6383
-17 -13 6466
-22 -29 7616
-18 -15 7608
-32 -24 9336
-34 -20 9631
-35 -14 10182
-31 -15 9675
-43 -14 10234
29
-3 -4 904
1 3 1344
-12 -7 2612
-4 5 2071
6 -4 2932
6 -1 2757
-4 9 3869
15 3 4583
13 -1 5130
5 1 5483
20 -6 5327
0 -2 5235
12 1 6844
22 -14 7028
16 -24 8395
19 -21 6732
24 -30 9864
8 -14 9265
22 -35 11009
2 -22 9934
-6 -27 10908
3 -32 11576
-5 -31 11096
6 -41 12219
-14 -41 12280
-4 -25 10955
-4 -42 13720
0 -22 12044
-4 -21 12618
28
2 -8 905
-9 10 431
-16 15 1078
5 -10 296
-14 16 2252
-10 11 2548
-19 18 3176
-10 16 3621
-13 25 3655
-15 20 3376
-13 33 3934
-5 17 4498
3 18 4366
-2 8 5269
6 16 4578
-7 13 5354
2 15 4739
10 10 4801
8 0 6223
-8 18 6592
18 -2 7890
12 -2 7385
10 3 7051
14 7 9294
7 0 10487
11 13 8871
11 21 9743
14 7 11646
27
6 -8 1321
1 1 912
4 -3 1416
3 2 786
-1 -3 2369
-5 11 2323
0 -4 2358
-3 5 2728
-11 5 2790
0 0 3834
-8 4 3176
-9 -2 3577
-10 5 3531
-10 -4 3916
-19 3 5431
-13 -1 4026
-29 9 6107
-6 3 4388
-21 0 6655
-11 5 4765
-20 -3 7568
-15 7 6748
-25 -3 7513
-18 10 7272
-35 -6 8800
-25 3 8929
-28 1 9276
26
-2 -6 1610
-9 -2 179
-13 -9 1532
-2 -5 1097
-1 -13 1248
-23 -5 2560
0 -14 1774
-21 2 3446
-8 -10 2386
-26 10 4588
-18 -20 3386
-8 -17 2936
-10 -25 3245
-14 -12 3520
-19 -15 4144
-19 -33 3902
-19 -39 4767
-27 -30 3803
-19 -29 4877
-32 -21 5398
-28 -38 6187
-32 -17 5330
-20 -35 7297
-35 -10 6464
-33 -11 6374
-22 -41 7635
25
3 -6 675
4 1 783
-3 -10 408
2 3 667
7 -15 1080
-5 -6 1503
-3 -3 2137
-1 -7 2541
-4 -9 3394
-9 -5 3030
0 4 3416
-1 -5 3759
9 5 5710
8 -12 5204
16 5 7024
12 4 6181
15 -3 6567
7 -3 7317
8 -5 7916
23 -12 7764
22 -14 7029
27 -16 8138
27 -5 7661
32 -23 7112
37 -15 8532
24
-8 -9 855
-9 -5 902
-5 -9 1841
-6 -3 955
-8 -4 3133
4 -15 3686
2 -19 3658
-18 4 3305
-2 -12 4364
-17 7 4118
-7 -2 4931
-23 14 5249
-10 -7 4650
-9 6 4887
-14 -12 4999
-2 -14 5159
-10 -20 5059
-11 -16 6613
-17 -7 6899
-10 -22 8121
-2 -28 9507
-19 3 8669
0 -32 10581
-21 -7 8751
23
10 -5 95
-8 -2 1181
7 -8 122
-14 2 955
-23 8 925
7 -12 702
17 -20 1207
-28 5 1901
-32 8 2450
24 -26 1781
-25 8 2823
31 -21 1677
41 -29 2643
-15 9 2939
44 -25 3901
-14 13 3779
-14 22 5133
49 -30 4995
46 -23 6268
47 -36 5822
50 -34 6183
56 -23 7927
53 -29 8338
