100
4
1 0 0
-1 0 0
10 10 1000
10 -10 1000
3
1 1 0
2 2 0
3 3 0
5
10 10 1000
-10 10 1000
10 -10 1000
-10 -10 1000
20 20 2000
1
0 0 0
1
-11 0 99
1
-11 0 100
2
0 0 251
7 0 0
2
0 0 250
7 0 0
1
0 0 100000000
2
0 0 100000000
1 0 100000000
1
1000 1000 100000000
5
0 6 600
0 14 1400
0 22 2200
0 -6 600
0 -14 1400
1
-1000 1000 100000000
1
1000 -1000 100000000
1
-1000 -1000 100000000
3
5 0 0
-1 0 99
-3 0 299
3
5 0 0
-1 0 99
-3 0 300
3
0 0 201
8 0 0
16 0 600
3
0 0 200
8 0 0
16 0 600
8
0 0 0
1 1 1000
2 2 2000
3 3 3000
4 4 4000
5 5 5000
6 6 6000
7 7 7000
8
-1 -1 0
0 0 1000
1 1 2000
-1 -1 3000
0 0 4000
1 1 5000
-1 -1 6000
0 0 7000
7
-250 -250 24000
250 250 24000
-500 -500 49000
500 500 49000
-750 -750 74000
750 750 74000
-1000 -1000 99000
8
8 10 1024
4 0 492
2 18 1896
-4 2 351
12 15 3607
1 10 1273
2 7 1521
15 15 4738
7
-7 -7 315
-7 5 94
-5 -3 280
-8 -13 1393
1 -3 2644
-8 6 616
-15 11 1009
6
-8 3 532
1 -4 1020
-1 4 1009
-10 0 546
-5 2 1966
-12 -5 429
5
5 8 1683
2 -6 852
-1 18 2346
11 -2 2597
13 -11 3873
4
-8 4 161
2 -1 594
-4 1 198
-14 -4 1828
3
-10 5 594
9 2 744
0 10 1945
2
8 -4 904
4 -10 703
1
10 -3 987
8
-3 2 435
-9 -6 434
-1 9 230
-9 -4 498
8 13 1012
2 4 1484
12 11 2577
12 11 759
7
-7 4 833
-5 -7 1728
-11 3 1269
-4 5 1865
-11 6 2756
1 15 3655
-10 -4 3535
6
5 -5 577
1 9 1336
11 18 2550
9 0 1935
13 19 3584
16 -7 1931
5
10 -3 1715
-2 0 1274
19 1 3110
11 -2 1470
19 9 2984
4
-3 -8 200
0 -3 1371
9 3 1767
-5 -15 765
3
-8 7 229
-6 5 1623
-9 4 2462
2
-9 -7 942
-6 9 606
1
-7 -1 1597
8
-8 -9 479
6 7 1276
-9 1 2287
-18 -16 1519
-18 -6 3826
-3 6 2277
-21 -5 4382
-27 -2 5297
7
-10 10 1353
3 -1 407
0 1 2374
-2 0 295
-3 5 3319
3 -5 1669
-3 -1 1765
6
-5 -4 1066
3 5 450
6 7 379
-7 3 2555
7 14 1886
3 -3 3760
5
7 -10 69
0 -4 653
-6 -9 1874
7 -8 377
14 2 1089
4
6 -4 459
-1 2 1071
10 -14 702
-1 -2 1320
3
-10 3 793
3 7 546
-5 0 2241
2
8 -1 607
-3 7 1145
1
7 -9 1512
8
6 -3 1215
7 8 332
3 14 214
16 16 1742
10 11 1735
12 26 2045
12 24 2018
18 19 1737
7
2 -2 334
-9 -5 1354
-1 -2 1108
-5 -3 333
5 8 2090
-6 -5 1090
8 8 1888
6
9 2 1114
2 -7 251
7 -11 533
12 8 1209
19 9 1204
18 2 1647
5
-10 3 666
10 -5 945
5 -12 988
4 2 1317
12 3 2957
4
8 8 705
9 -3 870
13 1 673
8 9 1647
3
8 7 1628
-4 -5 1072
0 17 2800
2
6 -2 547
-3 -9 916
1
2 -5 476
8
-10 7 31
10 4 1711
18 3 2271
14 1 2128
26 -4 3528
14 11 4026
22 8 4335
5 6 5409
7
-9 5 805
0 -3 1040
-17 6 760
-9 -1 2344
-20 5 499
-5 -10 3061
-18 4 1699
6
3 -3 1205
-6 -4 992
12 3 2464
-5 -9 543
14 2 2396
12 -2 2522
5
8 -2 935
-8 -1 843
-15 9 1492
-13 -2 1269
-9 7 1433
4
1 10 1461
-1 -8 142
-1 9 905
-4 13 2303
3
-9 -5 1333
6 0 333
-19 -13 1737
2
-10 3 685
7 3 991
1
7 -9 728
8
-9 -10 745
-6 10 1003
-10 -6 542
-14 8 1928
-12 -4 1078
-16 10 1704
-25 18 1942
-7 -13 1211
7
3 -9 408
0 -10 1433
-7 -13 1331
11 -18 515
7 -11 1377
8 -18 779
8 -13 936
6
0 7 164
4 -8 76
10 -4 110
9 1 1184
7 -14 238
2 -6 1432
5
-4 5 1015
8 1 779
2 5 614
0 4 1949
-1 0 1810
4
-6 -10 1183
-1 7 1034
-1 -15 1424
-1 -16 1150
3
-4 5 1490
8 1 63
12 -6 268
2
1 6 1646
8 4 766
1
-7 8 97
8
-5 -5 1313
6 5 1095
11 1 1818
2 13 2886
8 8 4109
0 22 3165
4 22 2694
10 20 3408
7
2 -4 773
-8 -3 955
0 -9 2129
-18 -4 2349
2 -5 3020
-18 -5 3167
-24 -6 3640
6
2 -3 35
0 -9 397
-9 -18 2093
2 2 165
-4 -16 2564
-12 -9 2645
5
5 10 750
-3 -5 434
-12 -3 363
-5 1 2277
-13 -12 1955
4
-5 -10 1997
7 6 1182
1 0 2330
12 -4 3157
3
-9 -7 940
6 4 512
-3 14 2339
2
-5 -4 985
3 3 794
1
3 5 1231
8
9 10 1965
-1 5 652
8 5 1168
3 19 3749
12 2 996
2 21 3724
-4 22 3844
2 12 2208
7
8 3 1053
4 4 1055
-3 -2 2314
18 0 2436
23 8 3750
22 0 2926
29 9 4267
6
-10 -6 72
-10 -10 1904
-6 4 1754
0 -12 765
7 -19 2166
-10 -12 2361
5
2 -7 241
4 -6 423
-6 -15 1437
4 -9 487
0 -3 1070
4
2 2 83
-4 5 455
-8 -7 382
6 -1 954
3
-9 -10 734
-7 -7 1494
3 -15 1839
2
5 -7 589
-3 -5 1184
1
7 8 1032
8
-9 6 408
0 -4 1334
-4 -4 902
-19 11 545
4 -14 1313
-29 15 2263
-19 16 2263
1 -13 681
7
10 10 1576
0 -8 1164
19 8 3092
10 15 2423
13 7 2603
1 19 3257
23 0 4379
6
-9 -8 893
7 -9 1069
11 -2 2641
-15 0 2264
16 6 2677
17 4 2904
5
1 -3 366
-2 10 160
-1 4 343
-9 6 712
0 -6 1418
4
-9 -5 1346
4 9 1535
1 17 1355
1 14 2243
3
-9 -9 1289
-2 5 1667
4 12 2920
2
-9 4 777
10 -5 700
1
-5 -8 1523
8
4 2 540
9 -10 967
-1 0 1930
9 -6 2329
1 -15 2929
6 -11 2197
7 -23 3756
13 -20 4087
7
9 -7 1043
10 -10 1432
2 -17 2844
17 -19 1762
-8 -10 4771
6 -17 2749
8 -7 4423
6
4 -10 464
0 -5 940
7 -7 1495
2 -8 556
12 -8 575
2 -15 1220
5
-2 1 1174
5 -4 346
11 -13 788
8 -4 880
1 0 1118
4
9 -4 1230
-7 1 233
-4 0 442
12 -1 1505
3
6 -4 956
0 -7 1352
-2 -5 2005
