100
4
1
-2 4
1 -2
4 1
0 2
1
4
-5 0
2
5
-1 1
-2 2
10
9
904 -268
398 636
500 870
733 -422
860 -637
569 158
642 130
-253 -851
-613 -652
-996 -553
10
9
-160 639
-179 8
616 -309
41 -548
-521 351
-164 941
64 -80
725 -819
-560 733
464 -776
10
9
-491 -371
-259 -468
-821 -956
-883 -739
-400 -426
-592 -41
-703 -370
-455 -615
-436 -893
-958 -219
10
7
356 -414
498 -881
231 875
88 -650
630 -269
138 551
313 -243
229 518
872 846
890 488
10
10
-937 -57
721 197
-121 50
-344 616
735 886
-365 545
-866 -541
161 -762
39 -396
14 568
10
7
571 419
517 35
783 563
820 912
753 81
760 406
360 541
879 604
927 349
52 349
10
8
426 612
-85 371
-177 339
-780 -733
546 -290
-788 -396
998 920
715 -804
-216 790
156 799
10
1
461 -651
483 -605
538 -490
582 -398
373 -835
670 -214
571 -421
626 -306
439 -697
516 -536
10
7
138 -30
795 -744
-91 620
-441 157
455 -783
31 -597
-441 915
-25 819
397 -242
-250 233
10
10
132 -820
490 -544
703 530
411 641
369 437
919 -45
983 -838
629 -720
893 259
220 969
10
2
357 357
-271 -271
23 23
-202 -202
-579 -579
689 689
139 139
-707 -707
-115 -115
741 741
10
9
-944 -801
372 -872
-665 617
-795 407
-283 -936
-441 -573
636 -311
825 -991
-262 483
-422 218
10
8
526 -18
133 -520
622 -551
19 -412
510 -397
191 -391
549 -432
46 -242
438 -846
100 -131
10
9
837 -195
886 180
335 4
988 -548
31 -398
27 17
392 -737
736 544
239 416
193 -401
8
1
989 491
779 0
0 82
406 905
989 323
476 905
0 189
509 0
10
9
-349 861
550 565
-580 12
912 -265
640 172
-512 447
809 802
943 140
909 -287
848 -634
10
7
-24 946
-296 741
-830 26
-681 47
-819 968
-826 109
-941 851
-377 334
-777 590
-678 390
10
7
596 506
748 -89
-527 242
-996 -541
66 -209
570 255
-258 -345
326 12
-85 356
-863 160
8
6
941 -859
920 -914
351 0
941 -720
0 -148
0 -348
248 -914
564 0
10
10
676 -493
741 -303
744 -743
697 -248
576 -629
197 -791
153 -194
30 -550
717 -398
119 -489
10
7
323 -940
-610 -785
990 92
-153 982
218 -970
974 199
559 822
715 -691
-696 -709
-641 759
10
9
764 539
653 764
428 656
517 199
500 21
453 8
765 431
488 845
663 809
437 322
10
7
135 536
669 330
-116 319
-120 -788
401 778
-629 -331
-784 -791
476 430
-171 129
-107 497
10
8
756 182
427 799
262 655
11 970
151 230
158 619
189 648
298 672
455 640
14 249
10
1
-571 387
-594 477
-525 207
-548 297
-479 27
-663 747
-640 657
-502 117
-617 567
-686 837
10
8
-892 690
822 -117
-73 53
-938 468
922 -332
599 -482
330 -347
-34 831
952 -744
-292 811
10
10
-77 526
257 261
372 -323
-32 499
857 856
249 -176
382 -225
975 894
-948 322
216 462
10
10
256 799
812 74
-618 -374
167 674
484 901
-628 -104
-532 -830
116 581
-16 -466
-913 -791
10
6
-399 827
-694 862
-812 876
-635 855
-576 848
-281 813
-458 834
-753 869
-222 806
-517 841
10
7
-620 -384
-581 -235
508 -44
778 -480
-831 -262
652 -330
173 -932
651 -115
-272 -323
-908 -676
10
8
-744 861
-858 620
-847 819
-206 886
-942 289
-71 911
-797 813
-364 584
-904 792
-338 374
10
8
136 377
469 38
864 -151
274 -414
430 -616
872 515
589 -996
834 -647
313 983
376 792
7
4
542 519
336 49
233 -186
439 284
645 754
130 -421
27 -656
10
4
-752 752
-58 58
773 -773
878 -878
-17 17
-432 432
40 -40
772 -772
-556 556
546 -546
10
7
-376 -697
-121 145
-491 333
-618 -579
-616 -669
-759 787
-362 -345
-717 -751
-427 685
-892 610
10
8
414 480
725 -197
767 17
-457 807
55 159
-630 648
-63 176
688 502
621 -445
149 -942
8
7
-929 -365
-882 907
-929 -787
941 -177
-104 -921
624 907
941 632
-594 -921
10
7
648 627
60 664
-447 -260
47 233
-239 -269
47 688
-222 -178
-570 -65
-307 -388
376 287
10
8
26 934
7 711
-880 872
38 619
-223 333
-837 901
646 830
-518 284
560 263
-717 756
8
8
-790 0
84 990
-185 990
264 0
970 121
970 81
-980 808
-980 160
10
7
684 41
134 798
448 661
721 -664
-712 -673
655 703
-526 -576
329 -429
661 -816
-424 -321
10
10
-608 -152
-876 -219
188 47
384 96
520 130
508 127
-980 -245
48 12
32 8
788 197
10
6
-993 91
-792 -605
-869 490
848 524
-243 -967
-973 -217
-993 93
-472 878
433 898
930 359
8
2
-924 -310
-629 -931
-199 0
-528 -931
954 -56
954 -624
-924 -191
-22 0
10
4
24 30
60 75
-628 -785
728 910
116 145
768 960
-700 -875
-76 -95
712 890
-728 -910
10
6
4 998
869 -491
-871 486
975 -214
-881 469
926 -372
-456 888
-760 646
913 402
-936 346
10
10
-220 167
-331 646
-351 585
-872 234
-115 544
-915 999
-577 587
-238 502
-164 37
-90 662
10
8
-421 -781
-117 -445
-716 -583
-237 -328
-750 -91
-495 -995
-16 -347
-140 -279
-934 -910
-572 -576
9
5
-597 361
-599 361
-598 360
-598 361
-599 362
-598 362
-597 360
-599 360
-597 362
6
1
573 -56
855 673
761 430
667 187
385 -542
479 -299
9
10
417 484
415 485
416 483
417 485
416 485
416 484
415 483
415 484
417 483
10
10
-876 554
575 55
651 594
-336 439
263 34
-76 153
-858 968
309 787
-867 407
417 214
10
1
0 803
0 -63
0 33
0 -563
0 794
0 -847
0 -424
0 832
0 -233
0 -653
8
6
-4 -990
0 -264
-918 -505
0 -554
-422 0
-918 -950
-431 -990
-441 0
10
4
432 0
278 0
761 0
41 0
676 0
-447 0
-31 0
-864 0
826 0
-243 0
7
4
865 375
142 15
-99 -105
-340 -225
624 255
383 135
-581 -345
9
4
-608 -302
-619 -223
-597 -381
-586 -460
-553 -697
-641 -65
-630 -144
-575 -539
-564 -618
10
10
598 -529
-480 -13
336 -558
-590 -446
804 -369
-820 -448
75 -570
-9 -444
379 -590
-448 -58
8
10
-1 0
1 0
-1 1
0 -1
-1 -1
1 1
0 1
1 -1
10
7
-427 966
-738 -326
-384 96
135 -424
-189 976
661 -968
-417 -288
-479 408
530 -371
-485 -681
10
10
-377 -734
-699 -80
-979 -221
-475 -241
-114 -635
-733 -13
-195 -859
-111 -292
-440 -101
-399 -942
10
2
78 234
106 318
52 156
159 477
-218 -654
77 231
263 789
308 924
-40 -120
21 63
10
7
901 204
957 549
559 619
-466 561
-990 189
-145 511
-89 499
-719 110
30 556
833 862
10
8
119 -979
520 -155
-448 336
914 -162
-99 -549
-770 264
-629 657
-592 -599
-401 -247
-881 917
10
9
-19 479
898 207
-881 529
-449 122
-85 942
-682 365
780 573
302 971
524 24
231 178
8
2
0 872
-674 997
0 123
-624 0
-273 997
-590 0
-903 736
-903 345
10
10
-902 742
-646 282
-867 -708
-746 546
972 -515
-581 -256
749 -957
-42 -103
86 -515
-787 964
10
8
-780 446
-802 368
-93 -478
-176 654
-238 -540
-211 -702
-357 -529
-720 -489
-274 102
-748 146
10
9
32 864
-85 -199
-428 -203
765 596
-216 -874
158 24
965 382
228 725
-938 -394
-905 -52
10
9
143 -377
404 81
-505 565
-623 333
-859 -130
-661 343
945 396
75 -39
-267 -122
545 365
10
9
-696 691
-980 85
-646 845
-319 624
-244 232
-525 418
-442 614
-268 238
-154 140
-578 354
10
8
-201 -976
463 882
974 209
-572 816
990 -108
-21 -996
492 -866
-945 -314
-976 200
431 898
10
10
990 -985
394 422
-637 -165
442 -12
179 662
-362 -829
367 31
-632 -26
684 981
242 -200
10
9
465 -160
487 -854
503 -493
935 -485
807 -121
244 -881
834 -40
969 -38
544 -903
44 -786
10
7
907 578
543 -908
60 115
636 -238
683 671
287 349
354 -847
-722 842
-43 729
-897 916
10
8
267 816
838 168
-661 -10
-914 -49
-846 -691
-945 -404
-4 -163
442 80
813 591
604 924
10
10
242 -969
-445 -894
-893 -448
222 974
-881 -472
-328 943
239 -970
393 -918
851 524
-964 -263
10
7
-169 -800
-925 -763
-418 -564
-191 -165
-522 -977
-627 -357
-322 -45
-954 -600
-202 -845
-42 -654
9
10
575 158
573 159
575 159
574 158
573 157
575 157
573 158
574 157
574 159
10
2
-305 -305
560 560
-260 -260
706 706
-48 -48
358 358
874 874
-373 -373
724 724
327 327
10
9
-942 -312
-937 -327
413 902
957 260
-573 -810
961 248
-616 778
-350 -928
3 992
-313 941
6
3
127 -621
377 -707
252 -664
752 -836
627 -793
502 -750
8
6
974 -163
611 -977
495 -977
420 997
0 546
0 -838
515 997
974 -504
10
8
165 509
403 445
-82 -488
96 -50
-807 -232
-255 -503
26 -752
203 -637
471 191
128 955
10
10
-219 -479
-942 861
-253 812
-949 -977
-98 377
-706 103
-364 -921
-720 -728
-433 -222
-826 934
10
10
372 60
240 169
432 145
131 936
908 511
280 443
946 164
476 704
335 267
623 872
8
5
-672 -981
-439 918
-278 -981
0 1
0 -82
-924 -273
-924 -25
-761 918
10
6
-375 920
-866 485
-602 -789
229 -966
-989 93
-965 236
-286 -951
-789 603
976 -185
106 -987
10
8
-337 -293
-25 331
561 347
-725 347
591 14
-718 -70
761 215
102 548
-274 -315
-820 923
10
9
-330 -262
524 -743
-216 -409
886 -878
-467 -631
451 -997
-459 -497
867 -463
-274 -975
25 -436
10
8
993 -565
867 -300
-958 -347
874 -320
993 -984
-238 -685
-209 -495
77 -978
-595 -715
-141 -420
10
5
-995 23
739 666
898 -428
-636 -765
261 960
872 -480
611 786
182 -978
948 301
-977 190
10
9
779 980
-241 -689
-869 428
551 319
-970 463
-167 717
829 192
-302 -657
167 669
-149 -675
10
10
-277 492
211 -249
812 -458
-628 721
295 -321
-437 593
-988 133
-906 653
275 -761
32 -441
10
9
-470 -529
-584 454
-319 -384
-240 -962
-929 773
-263 426
-99 -763
-68 264
-498 -172
-949 334
10
10
478 542
-986 462
77 0
899 573
428 957
-176 -558
-785 302
-651 -992
-681 15
-864 -347
10
7
631 -367
733 -49
67 -779
373 -527
48 -251
663 -872
172 -347
14 -765
263 -745
206 -953
