30
40
1 36
1 15
1 37
1 10
1 33
1 11
1 38
1 7
1 35
1 26
1 8
1 40
1 29
1 34
1 19
1 28
1 16
1 12
1 27
36 40
1 3
1 31
1 6
1 21
1 30
1 2
1 5
1 13
1 25
1 32
1 5
1 18
1 23
1 24
1 14
1 4
1 17
1 9
1 9
40
15 40
34 7
34 31
34 18
34 4
34 13
34 38
34 21
34 14
34 20
15 1
34 25
34 10
34 32
34 34
34 17
34 2
34 28
34 29
34 24
34 12
34 11
15 35
34 8
34 16
34 5
34 6
34 27
34 23
34 39
34 36
34 3
34 37
34 26
34 9
34 22
34 30
34 33
34 19
40
1 6
19 17
28 11
1 28
1 2
4 29
13 12
1 14
1 10
1 35
1 20
1 8
1 36
1 32
6 23
1 39
1 18
1 38
19 4
19 30
1 13
1 16
1 3
1 33
1 37
1 26
1 24
34 21
31 26
1 25
1 34
21 22
1 9
1 19
6 15
1 5
1 7
1 27
1 40
40
14 24
1 22
1 11
1 34
1 35
1 16
1 5
1 25
18 18
1 17
1 17
1 6
26 4
1 9
1 22
1 29
1 38
1 3
1 27
20 20
1 30
1 20
1 36
1 26
1 2
1 23
1 11
1 7
1 39
9 38
1 32
1 28
23 6
1 40
1 13
23 33
1 8
1 37
1 28
21
17 7
7 12
18 16
21 2
14 12
3 17
10 18
7 5
2 1
14 11
18 13
8 13
10 6
13 7
3 19
5 7
19 19
6 13
5 5
14 3
40
1 3
1 23
1 33
1 34
1 19
1 39
1 29
1 10
1 37
1 2
1 18
1 20
1 15
1 40
1 12
1 13
1 11
1 16
1 9
1 14
1 27
1 6
1 30
1 26
3 31
1 28
1 22
1 17
3 35
1 25
1 5
1 30
1 21
1 7
1 36
1 24
1 4
1 23
1 8
40
1 21
1 32
1 14
1 13
1 6
1 27
1 33
1 12
1 10
1 3
1 19
1 24
1 7
1 38
1 5
1 18
1 23
1 8
1 30
1 15
1 31
1 11
1 26
1 20
1 9
1 22
1 40
1 37
1 36
1 2
1 4
1 28
1 17
1 25
1 34
1 16
1 35
1 39
1 29
40
30 31
1 25
1 33
1 20
39 27
1 13
1 24
1 22
1 16
1 14
1 34
1 9
38 36
1 12
1 26
1 21
1 5
1 2
19 38
1 32
1 4
1 40
1 11
1 18
25 25
1 17
1 23
1 7
1 6
1 39
1 19
1 8
1 15
3 28
1 10
38 35
1 27
1 29
1 33
37
22 13
25 35
16 35
3 4
20 28
31 36
4 9
28 12
5 33
17 12
7 6
32 25
12 4
31 24
8 20
29 35
1 22
27 15
36 11
33 7
21 14
25 3
21 26
35 25
1 32
10 11
33 37
17 8
20 10
17 32
23 29
9 16
4 22
32 36
14 15
13 18
40
32 32
1 22
36 13
1 13
1 24
34 26
1 2
32 14
1 5
1 39
1 4
1 24
1 33
1 10
1 38
1 27
29 28
1 18
21 23
1 6
8 36
8 19
1 31
1 6
2 16
1 40
1 3
34 28
1 39
1 16
34 5
2 21
38 12
38 29
32 18
8 15
21 19
8 8
2 22
40
1 19
1 6
1 8
1 40
1 25
1 28
1 37
1 32
1 14
1 33
1 40
1 7
1 22
1 8
1 7
1 13
1 23
1 40
1 31
1 4
1 2
1 9
1 26
1 22
1 17
1 30
1 4
1 15
1 7
1 10
1 39
1 20
1 14
1 25
1 34
1 35
1 24
1 24
1 12
40
1 31
1 35
1 3
1 25
1 16
1 32
1 9
1 20
1 8
1 10
1 34
1 24
1 27
31 37
1 19
1 11
1 29
1 18
1 17
1 19
1 13
1 4
1 40
1 21
1 30
1 14
1 22
1 6
1 12
1 2
1 36
1 3
1 23
1 39
1 10
1 38
1 18
1 5
1 28
40
9 1
2 6
31 13
29 28
12 30
35 7
17 25
33 28
17 12
17 5
2 21
33 39
34 26
31 37
17 36
17 40
31 34
1 11
29 19
2 15
31 21
17 30
29 40
1 38
6 5
35 22
33 27
34 16
1 36
6 40
34 7
33 4
35 24
9 36
31 31
34 36
1 40
31 38
35 8
40
1 28
1 23
1 15
1 5
1 25
1 9
1 22
1 31
1 39
1 38
1 12
1 29
1 26
1 10
1 18
1 21
1 13
1 35
1 2
1 4
1 34
1 24
28 27
1 36
1 3
1 37
1 17
1 8
1 40
1 11
1 33
1 30
1 20
1 7
1 16
1 19
1 14
1 6
1 32
40
1 7
1 15
1 9
1 13
3 34
1 31
1 9
37 12
1 4
1 19
1 6
1 29
1 8
1 39
1 38
3 25
1 28
1 27
1 17
8 24
1 14
1 26
4 21
1 2
1 11
1 18
1 33
1 16
1 30
1 36
1 23
1 5
1 40
1 10
8 32
1 20
1 3
1 35
1 40
40
1 32
1 17
1 40
1 13
1 37
1 2
1 40
1 39
1 8
24 10
1 18
1 36
1 34
1 33
1 14
1 4
24 36
24 40
1 40
1 5
1 27
32 17
1 38
1 23
1 28
24 25
1 8
1 11
1 26
1 31
1 40
24 24
24 10
1 26
1 9
32 20
1 7
1 17
1 28
40
1 13
1 34
1 22
1 40
1 26
1 38
1 38
1 3
1 31
13 28
1 30
1 21
1 24
1 2
1 29
1 25
1 20
1 19
1 6
1 16
1 33
1 15
1 5
1 37
1 36
1 8
1 23
1 14
1 32
1 18
1 4
1 35
1 27
1 30
1 17
1 39
1 12
1 9
1 10
20
7 5
17 5
8 14
8 7
14 19
1 7
19 12
10 14
2 20
14 9
3 5
14 2
13 7
5 7
4 2
15 14
3 14
6 4
6 14
40
1 32
1 6
1 14
1 30
32 31
1 39
1 15
1 11
1 35
1 28
1 5
1 14
1 21
1 20
1 23
1 22
1 26
1 13
1 4
1 16
1 33
1 40
1 34
1 7
1 24
1 38
1 37
1 18
1 25
1 17
1 10
1 29
1 3
1 19
1 8
1 16
1 2
1 27
1 9
40
20 27
35 25
1 8
1 23
5 21
18 30
1 16
1 32
1 22
1 40
5 34
1 19
1 29
1 31
1 2
1 36
1 3
1 35
19 19
1 5
1 7
1 4
1 37
1 8
1 33
1 38
1 18
1 32
1 22
1 39
1 13
1 26
1 3
1 12
1 6
1 14
1 11
1 10
1 15
40
1 8
1 28
1 31
1 10
1 16
1 24
1 13
1 6
1 35
1 3
1 20
1 30
1 26
1 9
1 40
1 29
1 14
1 25
1 17
1 21
1 34
1 38
1 7
1 33
1 27
1 2
1 37
1 11
1 36
1 5
1 22
1 19
1 39
1 15
1 18
1 23
1 4
1 12
1 32
40
1 6
1 18
21 5
1 7
1 40
1 21
1 30
1 27
1 32
1 14
1 10
1 35
1 29
1 3
1 34
1 4
1 11
1 8
1 36
1 26
1 21
1 24
1 4
6 31
1 20
1 28
1 13
1 2
1 22
1 39
1 4
1 15
1 25
1 12
1 17
1 9
6 19
1 22
1 37
40
1 6
1 8
1 28
1 25
1 9
1 17
1 16
1 39
1 3
1 18
1 40
1 33
1 4
1 34
1 32
1 15
1 29
1 31
1 37
17 5
1 39
1 24
1 22
1 12
1 10
1 27
1 19
1 35
1 13
1 19
1 36
1 11
6 2
1 36
1 24
1 26
1 38
1 20
1 7
40
1 24
1 21
1 39
1 33
1 4
1 10
1 38
1 13
1 40
1 9
1 31
1 28
1 37
1 32
1 25
1 22
1 23
1 19
1 11
1 35
1 27
1 5
1 16
1 7
1 6
1 3
1 17
1 15
1 2
1 18
1 14
1 26
1 8
1 12
1 34
1 29
1 30
1 36
1 20
40
1 39
1 21
1 31
1 37
1 11
1 30
1 17
1 9
1 6
1 8
1 2
1 35
1 26
1 22
1 33
1 10
1 25
1 5
1 36
1 13
1 16
1 29
1 32
1 38
1 28
1 23
1 21
1 15
1 4
1 3
1 20
1 12
1 19
1 30
1 40
1 14
1 24
1 18
1 17
40
26 34
1 35
17 37
1 32
1 39
1 30
1 33
26 2
1 21
1 4
1 36
1 38
34 16
1 19
1 24
1 27
1 20
1 6
1 22
1 18
1 15
27 23
1 25
1 29
1 3
1 28
1 17
1 13
1 40
1 12
1 8
13 9
1 5
1 26
1 37
1 31
1 10
1 7
1 14
40
1 33
1 34
1 29
1 2
1 25
1 16
1 36
1 5
1 6
1 32
1 7
1 12
1 27
1 15
1 13
1 39
1 22
1 4
1 9
1 31
1 23
1 8
1 14
1 29
1 18
1 35
1 30
1 24
1 6
1 38
1 17
1 11
1 37
1 40
1 12
1 22
1 21
1 3
1 20
40
1 12
2 24
1 23
1 6
6 8
1 29
24 27
1 14
2 25
2 19
1 10
1 6
1 9
12 30
1 15
4 7
1 24
1 32
1 37
1 21
24 14
24 10
1 16
1 38
1 3
1 31
6 26
1 40
1 18
1 28
1 20
24 2
18 14
2 29
29 31
1 39
32 25
29 11
1 27
40
1 3
1 16
1 22
1 27
1 30
1 14
1 5
1 38
1 36
1 28
1 2
1 40
1 17
1 39
1 10
1 31
1 15
1 33
1 4
1 21
1 9
1 7
1 37
1 35
1 23
1 19
1 25
3 12
1 18
1 19
3 8
1 18
1 6
1 10
1 20
1 11
1 24
1 32
1 13
40
1 28
1 18
1 19
1 29
1 22
1 38
1 31
22 37
1 7
1 20
1 12
1 33
1 40
1 25
1 13
1 35
1 24
1 32
1 39
14 26
1 10
1 34
1 21
1 16
1 5
1 9
1 36
2 2
1 11
1 17
1 30
1 14
1 27
1 23
2 3
5 15
2 6
1 4
1 8
