3
20 16
9/12 8
5/13 2
7/9 6
3/16 6
7/12 1
7/10 8
6/11 6
3/14 7
5/17 8
5/11 7
9/11 3
4/5 7
4/9 2
7/9 1
2/4 7
6/10 7
8/10 4
3/8 4
4/7 5
1/11 1
22 16
10/12 2
2/10 7
1/14 6
9/15 2
9/13 4
10/16 10
8/18 2
5/10 7
4/12 5
1/8 7
4/8 2
3/6 2
8/12 5
1/1 3
4/12 6
10/19 6
11/13 10
11/18 3
2/7 8
4/12 1
6/16 1
6/9 1
18 14
6/10 7
0/1 1
10/12 4
3/7 5
4/9 9
1/3 10
3/5 2
2/11 5
6/15 2
8/13 2
3/5 8
8/12 5
6/9 5
6/10 5
12/16 10
5/8 6
4/10 7
8/17 7

3
4 1
1/2 3
1/5 2
2/5 1
2/2 2
3 2
1/2 2
1/3 2
3/4 2
3 3
99/100 1
1/2 2
1/50 3

3
4
1 0 0
-1 0 0
10 10 1000
10 -10 1000
3
1 1 0
2 2 0
3 3 0
5
10 10 1000
-10 10 1000
10 -10 1000
-10 -10 1000
20 20 2000

3 3 2
1000 1000 1000
1000 7 1000
1000 1000 1000

9 9 100
37 71 35 12 63 65 48 33 100
100 60 92 64 95 65 85 40 12
27 72 9 99 23 41 72 39 44
96 85 87 46 45 72 13 47 1
20 12 16 96 85 47 87 6 65
34 14 94 65 42 87 36 89 53
73 74 0 45 100 65 54 44 34
13 69 98 84 53 87 58 40 31
53 86 58 61 14 11 57 90 29

3 6 5
5 9 9 9 9 9
0 8 9 0 2 5
3 9 9 9 9 9
3 6 3
3 8 10 11 10 8
7 5 2 12 8 8
6 9 11 9 8 4

1
bookkeeper

aabcd

