.00000005148554641076956121994511276767154838481760200726351203835429763013462401
43992025569.928573701266488041146654993318703707511666295476720493953024
29448126.764121021618164430206909037173276672
90429072743629540498.107596019456651774561044010001
1.126825030131969720661201
15198969938485.007403634660081141245273363142746242368980258816
25698782981643620214314786416023329838595579.0928825438022613525390625
226158829073811437247394768312850452817206.6296329714176241835761251
57146773824821762496186.589983719931848418594816
78729367044337105142.988525390625
213950391567997434260950664768508118810236.731227360076360853583100338119774201711266581168433798587607431086859406684930769888332864345863141962784401991479333122906459587500607500001125000001
1022657602276652873384115732400871427280774054268441012218748761166175648186570003.3506566507810614630963428308265726577346002983681079853807701388885456173605182558354349297378601234507883461558863616416852330950695297863472515929119218468645957370933762775546048868967427112449
821961937253692575035964538847547203036385294603882216619108707832717341740271120027346911.349356746376886374283903177277976776576139341405590351987919456672450065020114664712812786330740282079065328963857304034119500098543674730440360876288796576816576903941069203762776123128155028187505980257930738978097652872069343693720308702325397538725218195738567736223336941330506822469577745683348369232357917909678901585751493357846925139637917182587861727409774517995857135538716818291763711387508578655038808042270932215730660858532855212408832
516970987056149915319876719244979314481362264176958675396657834270529095133768872826005962490735139709778.83847649648864379320203515381789851338347061429377817834348451722889735603558384556393226805984544547927635994350376343131945794541607292455505340256371003543118045312079497219460514267618215590532792296422870290267741983922335807134267126922226903363661251326051636714615519456249151885605212147583377175750455421625776024171112890979793138588114934397938329115138890601278285947672111664602927522450413488081949538474034511807791734722495707107106979758961670163950840529541872931208153832518641402265945609583536210572313096952870003490506914412724500294095314487355526562153792788437841780217898689156080205891884646981687319707646111147984022014761810531430020840426517799823666981273872908645263344348673399686099325476161
21436579699359822239205310822686478720404240599096.3208536462720845272675377977026881277561187744140625
.00000000000000000000000000000000000000000000000000000000000000000000000000000000000000000000000000000000000000000000000000000000000000000000000000000000000000000000000000000000000000000000000000000001
.000079868920273191866849462883332610348841250721268761755119033221445797032823459079847126420641
.000000881935879882013248564739680155029592963406070039276991380432883388976657601117466948501759941736942887658006875243248876948778123264
.033946387039833670215144949346237942159518424737050260867410197094988232384419536825584332631081852519655192498361599266392728259890633585699218521
.85455
3083.801097040582990411282578875
