20
1000.000000 2 3
0.000000 20.500000
25.000000 1000.000000
1.00 5.00 9.81
50.000000 2 2
0.000000 0.000000
100000.000000 100.000000
1.00 1.01
1.000000 1 2
0.000000 1.000000
1.00 9.81
10000.000000 1 3
0.000000 10007.100000
1.00 4.60 9.81
1.000000 1 3
0.000000 831.410000
1.00 4.60 9.81
9.950000 1 8
0.000000 9.950000
3.26 9.47 7.21 4.17 7.41 1.00 9.81 7.70
524.130000 1 10
0.000000 2331.784658
8.74 1.00 4.97 4.50 7.25 2.67 7.99 2.64 9.81 1.87
9901.720000 1 10
0.000000 9906.390000
9.61 9.71 1.10 9.81 1.35 9.76 1.20 9.56 1.00 1.30
7.060000 2 10
0.000000 0.000000
1.757759 7.060000
3.94 6.87 5.89 2.96 1.00 4.92 1.98 8.83 9.81 7.85
8.610000 2 8
0.000000 0.000000
88307.750000 8.610000
1.00 9.71 9.51 9.41 9.81 1.20 1.30 1.10
10000.000000 2 9
0.000000 6815.070000
100000.000000 10000.000000
1.66 7.77 1.14 4.20 8.51 4.91 6.77 8.30 6.38
3926.890000 2 10
0.000000 0.000000
86.316011 8610.560000
3.94 5.89 9.81 8.83 6.87 1.98 2.96 1.00 4.92 7.85
7364.530000 2 9
0.000000 2439.107173
73101.300000 7371.460000
9.81 9.76 1.05 1.25 1.30 1.00 9.66 9.61 1.15
286.810000 2 10
0.000000 141.024584
0.200000 286.810000
5.65 9.10 2.07 4.63 4.46 1.79 8.32 5.36 3.41 7.58
5940.660000 2 9
0.000000 3876.764102
50.493955 5940.660000
6.51 2.10 4.66 8.71 5.41 9.81 3.20 7.61 1.00
3936.910000 2 8
0.000000 4004.080000
63669.320000 4004.109284
7.57 4.01 8.55 8.64 4.74 3.20 5.74 8.86
7988.730000 2 8
0.000000 7979.430000
87919.620000 7998.270000
8.31 1.60 2.80 9.81 2.20 1.00 8.61 9.21
610.030000 2 10
0.000000 609.030000
28.287829 611.030000
1.98 8.83 4.94 2.96 1.00 5.89 6.87 3.94 9.81 4.92
6946.306866 2 9
0.000000 3464.844092
52.575472 6946.306866
2.56 9.30 9.25 9.11 4.96 2.10 1.26 1.36 2.71
1733.200048 2 9
0.000000 1339.616546
26.118254 1733.200048
7.21 1.50 5.25 1.69 9.71 1.28 8.82 9.08 5.47
