100
11 21
16 3   30 1   28 2   15 2   29 1   17 2   20 3   12 3   28 2   4 2   1 3   
1 1   2 3   9 3   14 2   12 3   6 3   12 1   4 3   8 2   9 3   6 3   11 2   12 3   9 3   8 2   16 2   4 1   15 3   18 1   3 2   1 3   

15 21
20 3   20 2   30 3   23 2   18 2   13 3   26 3   11 1   3 1   17 1   3 3   4 1   2 2   9 1   1 2   
4 3   5 1   2 1   20 1   18 2   5 2   9 2   2 1   13 1   7 3   4 3   8 1   8 3   13 3   18 3   20 2   6 2   11 3   2 2   1 3   4 1   

14 19
22 1   13 3   6 3   25 2   3 3   6 3   29 2   7 2   14 1   30 3   28 1   11 2   2 2   4 2   
11 3   20 1   11 3   8 2   15 3   14 2   5 1   9 1   9 3   8 1   16 2   5 1   9 1   4 3   8 1   1 3   11 3   15 1   1 2   

14 16
3 1   5 2   29 3   4 2   2 3   28 1   25 1   17 1   26 3   10 3   29 3   11 1   10 3   1 1   
20 3   12 2   20 3   1 1   1 1   15 2   18 3   8 3   17 3   15 3   10 2   6 1   16 3   18 3   1 2   2 1   

16 20
28 3   3 1   29 2   8 2   28 2   2 3   16 1   21 3   12 1   30 2   15 2   2 1   1 2   3 2   1 1   1 1   
4 1   6 2   19 3   19 1   5 1   6 2   10 1   18 1   3 3   11 2   7 3   15 1   15 3   5 1   5 2   9 3   14 2   5 2   3 3   1 2   

16 18
13 1   20 1   5 2   28 2   6 2   9 3   11 2   7 3   25 1   3 1   23 1   21 2   26 2   1 2   1 3   1 2   
2 3   20 1   2 3   13 2   13 2   5 1   12 1   15 3   1 3   14 2   20 3   9 1   9 3   17 2   16 2   6 1   5 1   1 3   

15 17
28 3   3 1   20 2   3 1   19 3   29 1   24 3   26 1   2 2   21 2   17 1   1 3   4 2   2 1   1 2   
3 1   14 1   17 2   9 1   1 2   20 3   18 3   10 3   14 1   19 2   14 1   5 3   8 3   8 1   5 1   14 1   1 3   

18 21
16 2   9 3   6 3   12 2   18 2   1 1   19 3   23 3   14 2   30 3   16 3   7 1   3 1   5 2   9 1   2 2   4 2   6 2   
5 2   13 3   7 1   4 2   16 3   8 2   3 3   10 1   6 3   1 1   14 2   2 1   11 2   10 1   12 1   8 2   16 3   3 3   16 2   5 1   10 1   

19 20
18 3   20 1   21 1   4 1   15 2   13 1   5 1   10 1   8 3   13 2   2 2   22 2   22 2   8 3   4 2   5 3   8 3   1 3   1 1   
6 1   5 3   15 3   17 1   6 1   11 2   15 3   5 2   2 2   14 1   3 2   10 1   10 3   13 3   2 1   9 1   5 3   10 1   16 3   6 1   

15 20
14 1   20 1   5 3   27 1   26 1   30 3   18 2   2 3   22 1   25 1   1 3   3 3   3 1   3 3   1 2   
1 1   7 2   12 2   4 1   8 3   17 2   9 3   3 3   9 2   20 2   11 1   19 3   20 2   14 1   2 3   16 3   2 1   4 3   1 3   1 2   

13 18
17 1   9 2   23 2   5 3   16 2   29 1   29 1   3 2   30 1   13 1   11 1   14 2   1 1   
16 3   19 3   18 2   15 2   7 2   6 3   4 3   1 2   8 1   2 3   14 1   12 2   2 3   17 1   9 3   15 3   13 3   2 2   

16 17
9 3   30 1   25 2   4 1   16 1   18 1   8 3   20 2   19 3   9 3   8 2   16 2   7 1   8 3   1 3   2 1   
13 1   6 3   17 2   19 2   2 3   17 3   13 2   9 3   19 2   7 2   1 1   13 1   18 2   7 3   9 3   9 2   1 1   

15 17
17 3   26 3   8 2   29 1   13 3   2 3   15 1   23 3   27 3   7 2   17 2   10 1   4 1   1 1   1 2   
15 1   3 2   5 2   13 1   4 1   14 3   17 2   20 3   6 2   18 3   6 2   20 3   11 3   11 2   13 3   3 3   1 2   

15 17
15 3   27 2   18 1   11 3   27 1   26 1   30 1   2 1   6 3   4 1   8 3   13 2   11 1   1 2   1 1   
9 3   13 1   16 2   12 3   17 2   12 1   11 2   20 2   2 3   11 1   14 1   10 3   18 2   7 1   2 3   5 1   1 1   

18 19
13 2   12 2   17 1   7 1   27 3   1 1   17 1   5 2   1 1   15 2   5 2   13 3   28 2   4 2   7 2   8 1   14 1   6 2   
12 1   14 2   16 1   8 1   3 3   5 3   19 1   16 1   16 1   1 2   18 2   13 1   13 1   7 2   2 2   13 2   1 1   2 1   1 3   

13 15
7 2   5 3   25 3   27 3   16 1   22 3   25 2   19 1   17 1   21 1   13 2   2 3   1 2   
16 3   15 3   20 1   10 2   19 2   8 3   4 1   19 3   7 1   4 3   9 2   10 3   16 3   17 2   6 2   

14 17
22 1   8 1   28 3   14 3   16 3   13 2   27 1   24 1   2 2   9 2   23 2   9 1   3 3   2 3   
11 1   20 3   20 3   20 3   5 2   13 3   8 1   1 3   16 2   15 1   7 2   17 2   16 2   1 1   1 1   6 3   3 1   

15 20
25 3   5 1   28 2   19 2   21 3   16 2   21 2   24 2   9 2   21 3   4 2   4 1   1 1   1 2   1 2   
7 3   1 1   20 2   18 1   4 3   16 3   7 2   14 2   20 3   7 2   14 2   16 1   3 2   4 1   4 3   2 3   2 3   8 3   10 1   3 2   

11 19
19 1   19 1   12 2   25 1   28 3   29 3   13 3   30 3   12 1   4 2   9 1   
15 1   20 1   17 2   10 2   14 2   3 2   2 2   8 2   10 2   1 3   4 1   7 1   10 3   18 1   2 3   15 3   12 2   10 1   2 1   

12 15
16 1   22 3   21 1   19 1   21 2   29 2   20 2   10 1   30 2   8 3   3 3   1 2   
10 2   19 1   18 3   16 2   13 3   16 1   15 2   10 3   9 3   11 1   14 1   18 2   7 1   1 1   3 2   

13 17
28 2   16 2   3 1   12 2   27 1   30 1   23 1   8 1   6 1   15 2   30 1   1 1   1 2   
8 2   9 1   18 2   11 3   2 2   15 3   11 2   2 3   11 3   19 1   10 1   9 1   10 2   11 2   12 2   8 2   14 3   

15 18
9 1   15 1   17 3   10 1   9 1   13 1   28 1   15 2   7 1   16 2   11 1   1 1   18 1   29 2   2 2   
7 2   17 2   13 1   15 1   1 2   10 3   12 3   20 1   20 1   11 2   1 2   5 3   20 2   13 1   12 1   1 2   1 3   1 1   

14 22
17 2   13 1   28 3   15 2   29 1   13 1   17 1   1 1   9 1   18 1   28 1   8 2   3 1   1 1   
11 2   19 3   11 3   6 2   6 1   17 2   14 2   12 1   4 2   13 3   8 1   1 3   14 2   4 3   17 1   3 3   1 3   1 3   3 3   8 1   6 1   1 3   

13 21
27 3   29 2   9 3   24 3   11 2   28 1   24 1   1 3   15 1   14 3   8 2   9 3   1 2   
2 3   7 3   14 1   14 3   11 3   10 3   15 3   6 3   20 1   12 2   10 1   9 2   5 3   11 1   1 1   6 3   5 3   17 1   3 2   1 2   1 3   

17 17
28 3   6 2   16 1   22 2   6 3   10 2   6 1   22 2   24 1   5 3   9 1   25 3   9 2   7 1   1 3   3 1   1 3   
6 3   15 2   9 3   8 3   16 3   13 3   3 2   6 2   11 2   16 2   15 2   12 2   3 3   19 3   13 3   12 2   3 2   

16 20
17 3   9 1   11 2   16 2   2 2   5 1   20 3   26 2   10 3   12 3   16 3   29 1   13 2   5 1   4 2   5 2   
5 1   12 3   7 1   4 3   7 2   14 1   1 2   1 3   20 2   4 3   18 1   12 2   16 3   7 2   8 2   18 1   18 1   6 1   1 3   1 3   

17 18
17 1   23 3   17 2   11 1   26 3   7 2   3 1   18 1   7 2   1 3   23 2   25 3   8 2   4 2   6 3   3 3   1 1   
15 3   8 3   14 1   20 2   14 2   6 3   3 3   20 1   9 2   1 3   2 1   20 3   8 2   10 2   5 2   2 1   16 2   7 3   

15 19
20 3   16 3   9 1   27 1   14 2   2 1   30 1   1 1   13 2   30 1   14 3   12 2   5 3   4 3   3 2   
10 3   9 1   4 1   7 2   12 1   3 1   18 1   2 3   20 1   15 1   8 2   17 3   12 3   9 1   18 2   5 3   9 3   1 2   1 2   

16 15
7 3   18 3   6 3   4 1   15 3   7 2   26 3   9 3   9 1   7 3   26 2   27 1   28 2   5 1   2 2   4 1   
10 2   9 1   19 1   4 2   18 1   20 1   13 1   12 2   8 1   17 3   11 3   14 2   11 3   13 2   1 3   

17 23
5 3   26 3   4 1   9 1   9 2   26 1   9 3   9 3   1 2   5 1   12 1   21 1   28 3   17 3   13 2   5 1   1 1   
6 3   13 1   1 1   6 2   2 2   1 2   12 2   19 3   4 1   3 3   12 2   3 3   11 1   13 1   2 2   1 2   19 2   18 2   13 3   12 2   6 3   2 2   1 1   

21 19
1 3   9 3   2 3   19 2   15 2   9 3   7 2   19 3   2 1   13 3   30 3   30 2   4 3   18 1   2 2   9 2   4 3   3 2   1 2   2 1   1 1   
4 1   9 2   17 3   10 2   13 1   5 2   3 2   10 2   17 2   14 3   20 1   4 1   9 1   5 3   1 1   20 2   17 1   1 1   1 1   

17 20
1 2   23 1   21 2   24 2   18 3   1 2   2 3   10 3   3 3   5 2   1 2   28 2   23 3   7 3   27 1   4 1   2 1   
11 1   2 3   9 2   19 1   4 3   12 2   6 2   1 3   18 3   17 3   18 3   19 2   2 1   2 3   7 2   15 1   7 1   5 1   5 1   1 1   

15 17
30 3   5 3   9 3   12 1   15 2   15 1   20 3   3 3   26 2   18 1   27 3   17 3   1 3   1 2   1 1   
10 1   2 2   8 2   12 2   20 3   16 2   16 3   19 2   19 2   13 3   17 3   15 2   2 2   3 3   3 3   4 2   1 2   

16 20
26 1   11 1   11 3   15 3   9 1   21 2   4 3   2 2   1 1   3 3   7 2   14 1   26 2   28 1   16 2   6 1   
6 1   8 1   7 2   4 2   8 1   12 1   18 3   8 1   9 3   8 3   18 2   13 1   9 1   14 2   12 2   2 2   9 3   13 2   1 3   1 3   

17 17
27 1   4 3   6 1   25 1   6 3   2 1   2 1   1 3   13 2   15 2   27 1   11 1   8 3   28 1   23 1   1 2   1 1   
2 1   14 3   8 2   8 2   16 1   8 2   15 1   8 3   14 1   4 3   20 3   19 1   15 1   16 3   7 3   5 2   1 2   

16 27
5 1   7 2   4 1   22 1   20 1   30 3   3 3   21 1   17 3   11 1   25 2   4 1   26 1   3 3   1 1   1 1   
2 2   3 3   3 2   3 2   18 3   3 3   7 2   4 2   5 1   7 1   9 2   2 3   19 3   10 1   1 1   12 3   5 2   11 3   7 3   5 3   5 3   2 1   11 2   15 1   2 1   8 2   1 3   

12 21
6 2   24 1   14 2   24 3   21 2   28 2   30 3   20 1   26 3   2 2   4 3   1 3   
6 3   11 2   16 3   11 3   13 1   7 3   11 3   2 1   18 2   20 3   5 1   10 1   2 1   19 2   12 1   6 3   7 2   1 1   1 1   1 2   1 3   

15 21
24 3   10 2   4 2   25 3   14 3   24 2   13 1   12 2   1 1   9 3   24 1   23 1   8 3   8 1   1 1   
15 2   4 2   13 1   15 2   12 2   2 3   11 1   2 2   12 3   13 1   5 3   15 1   11 1   7 3   12 1   17 3   1 2   6 1   5 3   1 1   1 2   

17 17
19 3   10 3   26 1   13 1   12 1   26 3   27 2   17 1   4 2   3 3   9 3   9 2   3 1   16 1   4 2   1 2   1 1   
15 3   16 2   16 2   6 1   4 3   14 2   14 2   1 3   13 3   19 2   20 2   8 1   13 3   13 3   5 2   2 3   1 3   

13 17
8 3   27 1   19 3   9 2   26 2   8 1   24 2   24 3   3 3   1 1   30 2   18 2   3 2   
7 3   17 3   2 1   18 2   17 3   14 2   13 2   14 2   19 1   10 2   7 1   11 3   8 2   5 3   8 2   5 1   5 3   

13 14
10 2   25 1   7 1   17 2   29 1   28 2   30 3   7 1   26 3   3 1   2 2   7 2   9 3   
7 2   18 2   18 3   6 3   17 1   14 1   1 2   20 3   14 1   12 3   19 1   18 1   12 3   4 2   

18 17
28 2   3 3   2 1   15 3   16 1   14 1   19 2   3 3   12 1   18 1   23 2   18 1   4 2   7 2   5 3   11 2   1 1   1 2   
12 1   5 2   15 3   19 2   19 2   10 1   1 1   20 2   14 2   17 2   11 2   6 2   11 1   11 2   7 3   1 3   1 1   

19 19
12 1   10 2   23 3   24 1   3 3   1 2   12 3   2 3   12 1   6 1   15 2   30 2   16 2   20 1   1 3   7 2   3 1   2 1   1 3   
6 3   13 1   16 1   1 2   16 3   15 2   6 3   8 2   13 2   1 1   7 3   9 3   17 1   17 3   11 2   18 3   3 3   2 3   1 1   

16 18
11 2   13 3   23 1   19 2   13 2   21 3   29 3   5 1   20 1   16 1   20 1   6 3   1 1   1 1   1 2   1 1   
18 1   2 2   12 3   12 1   11 2   12 2   7 3   20 1   5 3   1 2   20 1   19 2   6 3   10 3   19 2   2 3   3 2   1 3   

14 22
17 3   6 2   12 1   2 1   10 2   24 3   29 1   17 1   22 2   19 1   27 2   13 3   1 1   1 1   
4 2   9 1   2 3   13 1   20 3   1 2   4 3   8 2   1 2   11 2   12 1   10 1   17 3   12 3   20 2   2 1   15 3   2 2   1 3   12 1   2 2   2 3   

17 16
4 1   12 2   11 3   18 3   14 2   7 3   24 2   12 2   15 2   3 1   23 1   13 2   28 3   3 3   10 2   2 1   1 3   
8 1   13 2   15 3   10 2   10 1   19 2   19 1   19 1   9 2   5 2   9 2   18 3   9 1   7 2   3 1   7 3   

16 13
17 1   9 3   1 3   3 1   14 3   19 2   11 2   15 1   19 3   5 2   10 1   18 3   6 3   25 1   23 1   5 2   
2 2   14 1   19 1   16 2   20 3   17 3   15 2   20 2   20 2   15 2   18 3   3 2   1 1   

10 20
23 1   4 2   26 3   21 1   24 1   23 1   29 2   15 3   16 2   19 1   
13 3   2 1   5 2   7 2   5 2   12 2   20 1   5 3   13 1   4 3   20 1   8 2   9 3   13 2   9 1   6 3   8 2   16 2   4 3   1 1   

18 22
27 3   21 1   1 2   4 3   6 1   3 2   30 1   4 1   9 2   9 2   17 3   24 3   8 1   6 2   8 2   15 3   7 3   1 1   
6 3   8 1   9 2   15 2   7 1   3 3   1 1   16 2   14 1   9 3   14 3   1 1   12 2   3 2   7 3   9 1   7 3   11 1   14 2   4 2   9 2   1 2   

19 16
21 1   13 1   14 1   2 3   3 3   9 1   19 2   22 1   2 2   25 3   14 2   25 1   6 1   10 3   1 2   10 2   1 3   2 1   1 1   
14 1   10 2   17 2   16 2   5 2   6 1   7 3   13 3   20 2   3 2   8 1   20 2   20 3   10 2   2 1   9 1   

15 22
30 1   7 2   24 2   8 2   7 3   6 3   27 3   28 3   26 2   6 3   23 1   4 1   1 2   1 1   2 2   
2 2   13 2   14 3   7 1   10 3   11 2   4 3   16 3   14 1   4 1   3 2   2 2   12 1   7 1   4 3   8 1   12 1   2 3   1 1   15 2   12 3   7 3   

12 14
30 2   24 3   26 1   6 2   4 1   10 3   29 1   16 1   17 3   27 2   2 2   9 1   
4 3   8 3   12 2   18 3   18 3   18 2   17 2   12 1   14 2   14 2   8 1   20 3   14 3   3 2   

12 22
25 2   25 3   15 2   18 3   30 1   30 2   2 2   5 1   28 2   12 1   5 1   5 2   
1 1   5 1   20 2   5 1   4 2   8 2   3 2   7 3   13 3   5 2   10 3   2 2   12 3   20 2   20 2   18 2   12 2   7 3   1 3   4 3   1 2   2 2   

14 22
4 3   20 3   25 3   26 2   14 1   24 2   3 3   18 1   6 2   16 2   20 3   20 1   1 2   3 2   
19 1   15 1   5 3   13 1   4 1   5 3   6 2   12 1   7 1   18 2   7 3   7 3   15 2   16 3   6 1   4 2   9 1   5 1   1 2   1 2   3 3   2 3   

20 20
18 2   1 1   4 2   2 3   4 3   20 2   10 3   4 2   2 2   21 2   30 2   8 2   28 3   28 1   2 1   8 2   2 2   2 1   4 3   2 3   
18 2   3 2   13 3   16 1   5 1   4 1   4 1   6 2   6 3   17 2   14 3   9 2   9 3   13 2   11 2   14 2   11 2   1 2   5 1   1 3   

17 20
19 3   6 1   25 3   9 1   1 1   15 3   6 1   15 2   19 3   20 2   21 3   4 1   5 3   22 2   7 2   4 1   2 2   
7 3   8 2   20 1   2 1   17 2   10 2   9 1   6 2   9 3   7 1   2 2   20 2   16 3   18 2   19 2   1 3   4 2   1 1   3 2   1 3   

17 19
2 2   26 3   10 3   14 3   24 2   16 2   21 3   2 3   9 3   21 1   3 2   10 1   21 2   14 1   3 1   3 1   1 1   
6 1   9 3   10 1   5 1   1 3   8 1   7 1   11 1   15 3   17 1   12 3   5 3   17 2   19 3   7 2   9 3   1 2   15 1   6 1   

13 20
26 1   18 1   15 1   12 1   15 3   18 1   25 1   26 3   2 1   19 3   18 3   5 2   1 1   
16 2   14 3   3 2   16 1   1 1   10 1   2 3   11 3   20 1   3 3   14 1   20 3   16 3   1 3   11 2   3 1   13 3   2 3   3 1   1 1   

19 16
23 2   1 2   18 3   11 3   10 2   7 2   17 2   2 3   25 2   8 1   11 3   8 1   9 3   22 2   7 2   11 1   2 3   7 1   1 1   
16 2   14 3   18 1   10 1   12 2   9 2   19 1   7 1   20 3   4 2   14 2   11 3   14 3   6 2   5 3   1 2   

13 14
11 3   2 3   24 2   25 3   4 2   29 2   9 3   26 3   24 3   28 1   10 1   6 3   2 1   
20 2   20 1   20 1   11 2   15 1   17 3   20 1   9 2   9 1   16 1   17 2   2 1   3 3   1 3   

14 21
9 1   9 1   19 3   18 3   9 3   13 2   26 1   14 2   22 1   23 2   29 3   6 1   2 1   1 1   
10 1   18 1   10 1   7 1   4 1   12 3   3 2   5 1   5 3   12 3   10 3   9 3   4 2   7 1   11 1   11 1   18 2   15 1   2 2   4 2   3 3   

14 22
20 3   25 1   14 1   28 2   11 3   1 1   17 1   13 2   22 3   12 2   9 1   26 2   1 2   1 3   
15 3   10 3   4 3   16 3   6 1   8 2   4 1   12 1   9 3   3 3   10 1   10 1   20 3   1 1   14 1   12 3   7 3   5 1   8 1   4 1   1 1   1 3   

13 22
28 3   20 3   2 3   3 2   27 3   20 3   22 2   30 2   20 3   17 1   4 1   2 1   5 3   
16 3   3 2   13 3   7 1   14 1   2 3   2 3   10 3   13 3   9 1   1 3   14 1   17 2   4 1   12 3   8 3   12 1   12 2   1 1   7 3   2 1   1 3   

15 16
9 1   19 3   28 2   11 2   5 3   20 2   22 2   17 1   10 3   16 1   21 1   12 2   5 2   4 2   1 3   
18 3   11 2   14 1   20 3   7 2   15 2   20 3   19 2   5 1   7 2   14 1   8 1   11 1   7 3   3 1   1 1   

11 21
9 3   19 2   20 1   24 1   26 2   10 3   27 1   25 2   24 2   10 3   6 3   
8 2   11 2   4 3   13 3   20 3   16 2   13 3   10 2   7 1   7 3   9 3   7 2   9 2   9 2   14 3   8 2   8 1   1 3   3 1   2 1   1 1   

19 23
20 1   11 1   16 2   14 1   8 3   6 3   25 2   12 2   21 3   10 2   10 1   21 3   10 2   8 3   2 2   2 2   2 1   1 3   1 1   
8 1   5 1   4 1   11 2   14 2   20 1   14 3   14 3   9 1   13 2   3 2   4 3   7 2   4 2   4 1   9 2   19 1   10 3   2 2   1 3   2 3   2 1   1 2   

11 21
26 1   24 1   20 3   21 3   22 3   29 3   13 1   25 2   13 1   6 3   1 3   
15 2   14 2   9 2   7 2   11 3   3 1   14 3   9 2   19 2   4 3   15 3   20 2   2 1   1 2   18 1   3 3   1 2   6 3   7 1   1 1   1 3   

12 20
14 3   10 1   2 2   28 3   30 1   8 2   28 1   30 2   17 1   25 2   6 2   2 3   
15 3   10 3   11 1   1 3   12 1   2 2   17 3   2 2   10 2   1 3   4 3   19 2   6 1   3 1   10 3   6 2   14 1   16 1   1 3   20 2   

17 20
28 1   7 3   24 1   25 2   12 2   1 3   1 1   10 2   6 3   21 3   16 3   7 2   8 3   11 1   19 3   3 1   1 2   
7 2   2 2   11 2   19 3   19 2   5 1   16 1   5 2   10 1   2 1   18 3   11 2   3 1   19 1   2 1   5 2   9 2   11 2   5 3   1 1   

16 18
8 2   6 1   28 1   7 2   23 3   3 1   28 2   13 1   23 3   3 2   29 1   5 1   5 2   8 2   5 3   6 1   
12 2   7 3   2 2   1 3   14 2   4 1   14 3   10 3   17 3   12 2   9 1   8 2   20 1   2 2   19 3   16 1   11 3   2 3   

17 20
14 1   11 3   2 3   20 2   16 3   19 3   17 3   1 1   17 1   17 3   18 1   12 1   13 3   17 3   2 3   2 1   2 2   
19 1   20 2   3 1   19 3   2 1   13 1   2 2   15 1   18 2   4 2   12 1   18 3   11 3   4 3   1 1   7 2   5 1   3 2   1 1   3 2   

19 22
26 3   22 3   7 2   6 3   4 2   6 3   3 1   9 3   1 2   6 2   29 2   17 3   5 3   6 3   14 2   20 3   15 2   3 1   1 1   
6 1   19 3   2 3   4 2   18 1   7 2   18 3   7 1   3 2   6 1   3 1   11 3   6 1   13 2   15 1   6 3   5 1   5 3   20 3   1 3   2 1   3 1   

16 20
24 1   17 3   5 2   25 3   6 1   16 2   23 2   15 1   2 1   28 3   9 2   3 3   17 3   1 2   5 2   4 2   
15 1   12 2   5 1   11 2   3 2   2 1   2 1   14 2   8 3   10 2   15 1   4 1   8 3   12 1   2 2   17 1   5 2   14 2   17 2   4 2   

20 20
5 2   2 1   7 3   5 2   5 3   14 1   23 1   11 2   14 3   1 1   16 1   5 2   28 1   7 1   19 2   26 1   1 2   7 1   1 2   3 2   
20 2   14 2   16 3   4 1   3 1   8 1   9 1   7 3   3 3   4 1   3 3   15 3   19 2   20 1   5 3   12 2   6 3   10 1   1 2   1 1   

14 16
23 1   15 2   21 3   2 2   1 2   24 2   26 2   10 3   29 3   27 2   12 2   5 1   3 2   2 3   
15 1   8 2   15 3   20 3   6 1   20 3   6 2   11 3   19 1   20 2   14 2   9 1   5 1   1 1   7 3   4 3   

12 16
25 2   24 3   21 1   15 2   22 3   28 3   27 3   27 2   5 2   3 2   2 3   1 2   
15 1   17 1   11 3   5 2   17 2   16 3   4 2   3 1   20 2   17 2   2 2   9 3   20 2   15 1   7 2   2 1   

13 20
16 2   17 3   21 3   8 1   12 3   3 1   2 1   14 1   30 3   12 3   18 1   22 2   25 3   
1 1   17 3   11 1   8 2   11 3   19 3   4 1   2 1   4 2   6 2   14 1   8 2   9 3   1 2   4 1   10 1   10 1   14 3   18 1   9 1   

16 18
4 1   3 2   7 2   23 3   2 3   10 3   7 1   7 2   17 1   28 2   19 1   20 2   27 2   7 3   5 2   14 2   
10 2   12 3   14 3   11 1   15 3   4 1   18 2   17 3   6 3   1 3   15 1   9 2   10 2   14 2   11 3   8 1   3 2   2 2   

12 17
27 3   24 2   24 2   10 1   15 3   9 2   30 2   16 3   14 2   7 2   5 3   19 3   
10 3   10 3   6 3   14 1   17 1   2 1   20 3   12 3   14 3   14 1   20 3   1 1   17 2   13 2   5 2   4 2   1 2   

16 16
28 1   16 3   8 3   4 1   2 2   29 3   7 3   15 3   26 2   9 1   15 3   30 1   2 2   4 1   3 3   2 2   
10 1   13 1   19 2   5 2   11 1   11 3   6 3   11 3   18 1   11 1   15 1   13 1   17 3   18 2   1 1   1 3   

19 15
21 1   19 3   11 3   2 3   8 2   28 2   9 1   8 1   24 3   4 2   8 1   18 3   6 1   12 3   3 3   11 3   6 2   1 2   1 3   
13 2   17 2   15 3   17 3   15 3   2 2   10 1   12 3   8 3   16 1   8 3   7 3   19 2   20 2   1 2   

16 16
1 1   25 3   24 3   19 3   12 1   14 3   24 3   19 2   2 1   21 3   8 1   6 3   14 2   6 2   2 2   3 1   
5 3   8 1   13 2   18 3   4 2   14 1   13 1   15 2   18 2   16 1   14 3   12 3   19 2   8 1   2 2   1 3   

18 18
14 1   20 3   3 2   11 1   28 3   1 1   22 2   10 2   10 2   30 1   11 1   8 1   4 3   3 3   14 1   5 1   5 1   1 1   
17 1   19 1   8 1   10 1   15 2   11 3   13 2   11 3   14 1   4 1   5 1   5 1   3 1   19 1   10 3   6 1   9 3   1 2   

16 17
16 1   4 3   18 1   10 2   1 1   24 3   9 3   20 2   13 2   13 1   24 3   25 2   16 2   5 1   1 3   1 1   
19 1   17 2   8 2   14 3   20 3   6 2   13 2   5 2   16 1   19 1   3 2   20 2   11 2   4 2   2 3   1 1   2 2   

18 18
9 3   18 1   29 1   7 3   11 3   10 3   24 1   15 2   12 2   5 1   16 3   12 1   4 2   9 1   3 1   12 1   3 1   1 1   
10 3   17 2   14 2   8 3   12 2   14 3   1 1   3 3   5 2   9 1   14 2   8 2   16 1   20 2   12 3   8 2   7 3   2 3   

17 24
16 1   25 2   2 3   15 3   8 3   13 3   26 2   13 3   4 3   15 3   27 3   11 2   7 2   1 1   9 2   7 1   1 2   
2 1   5 3   9 2   16 3   13 1   8 2   13 2   5 3   6 3   15 3   3 3   8 3   19 2   1 2   6 3   14 1   1 3   9 2   12 2   9 3   1 2   3 1   1 3   1 3   

15 19
11 1   24 1   20 1   1 3   29 3   8 2   26 2   18 2   19 3   8 1   10 3   17 2   7 2   1 3   1 2   
13 2   15 3   8 2   4 3   13 3   6 2   1 1   19 2   18 1   9 1   7 2   6 2   8 3   17 3   8 1   12 3   5 3   10 3   1 2   

14 16
20 1   12 2   1 2   30 2   27 3   20 3   11 2   20 1   23 3   27 1   4 1   3 1   1 1   1 2   
17 2   19 1   9 2   17 1   17 1   12 1   20 3   15 3   13 1   11 1   17 1   3 1   6 3   1 3   2 3   1 2   

16 18
27 3   1 1   26 2   29 3   2 3   23 1   17 1   14 1   16 3   11 1   23 2   2 1   3 1   3 1   1 3   2 3   
14 1   15 1   20 1   2 3   6 3   17 3   6 2   2 3   2 3   2 1   17 3   18 2   8 1   18 1   10 2   9 3   13 1   1 3   

15 20
22 1   4 1   10 1   24 2   4 3   23 3   9 2   14 3   5 2   26 3   27 3   14 2   13 1   2 2   3 1   
18 1   8 3   12 1   14 3   7 3   8 2   12 1   15 1   13 2   1 1   3 3   19 1   14 3   9 3   19 2   2 1   1 3   1 3   3 2   1 2   

18 18
26 1   20 2   16 1   17 1   3 2   9 2   4 2   9 1   5 2   17 2   6 1   2 2   1 1   27 2   16 3   9 3   11 3   2 1   
10 3   20 3   3 3   17 2   7 2   14 2   17 2   16 3   15 3   1 3   20 2   4 1   3 1   18 3   1 1   11 2   2 2   1 2   

8 18
28 1   19 3   30 1   28 2   26 3   30 1   24 2   15 2   
11 1   20 3   6 3   1 3   19 1   18 2   2 3   19 3   13 3   17 3   7 3   11 1   15 3   2 2   16 1   1 1   1 1   1 1   

14 19
14 3   23 3   22 3   22 3   12 3   29 3   25 2   9 3   20 2   11 2   1 3   5 1   2 2   5 2   
11 1   16 2   8 1   11 1   13 2   10 2   5 2   7 3   8 3   12 2   4 3   5 1   11 1   19 2   6 2   12 1   20 1   1 3   1 1   

19 16
10 2   13 2   1 1   5 2   14 1   9 3   21 2   3 3   6 1   2 3   7 3   14 1   1 1   13 1   10 3   19 1   23 2   27 2   2 2   
6 1   17 1   2 2   14 3   20 1   10 2   14 3   17 1   1 1   12 3   10 2   15 2   18 2   6 2   16 2   2 1   

16 17
1 1   3 3   4 2   7 1   4 2   30 1   25 2   13 3   23 1   23 3   8 3   27 1   17 3   13 2   1 3   1 3   
14 3   4 1   17 1   7 1   16 2   12 3   10 2   15 3   7 1   19 1   16 2   12 3   7 1   4 2   1 1   14 1   5 1   

15 22
14 2   4 1   7 2   27 1   23 1   22 1   9 2   1 3   3 2   19 3   30 3   7 3   25 1   1 2   8 2   
10 3   10 3   20 3   13 3   20 2   4 1   1 3   12 1   7 2   13 2   11 1   6 2   2 2   7 2   10 3   8 3   8 3   1 3   11 3   2 2   1 3   3 1   

16 18
7 3   7 1   4 2   29 1   27 2   30 2   5 1   11 2   9 3   28 3   6 3   17 2   4 3   6 1   9 1   1 3   
18 2   12 3   18 3   14 1   3 2   7 1   11 1   8 3   13 2   1 3   15 2   2 3   3 1   20 3   7 3   6 2   13 2   9 2   

16 18
10 1   25 2   6 1   2 2   30 2   5 3   24 1   23 3   17 3   15 2   16 3   3 3   6 3   8 3   5 3   5 1   
1 2   15 3   1 1   3 3   19 1   10 3   19 3   14 2   14 1   11 1   6 2   19 3   3 2   8 2   11 1   10 1   15 1   1 2   

18 18
22 3   5 1   15 3   7 1   13 2   12 3   2 3   27 2   24 2   20 1   4 3   6 3   1 1   7 3   9 3   21 3   1 3   4 3   
12 2   13 2   2 3   6 1   8 2   19 1   20 1   18 2   12 2   20 2   6 3   8 2   13 2   17 3   1 3   2 1   2 3   1 3   

18 23
19 1   5 2   2 2   12 3   17 1   7 1   8 3   7 2   5 3   27 2   16 3   25 3   14 2   17 2   3 3   7 2   1 3   8 3   
12 2   6 3   4 3   2 1   7 3   14 3   5 2   3 3   19 3   16 2   15 1   6 3   1 3   9 1   13 2   1 2   5 2   15 1   19 1   1 3   1 1   5 3   1 1   

