2
3 10
100 1 100 2 100 1
10 1   10 1   10 1   10 1   10 1    10 1   10 1   10 1   10 1   10 1

3 34
1746792769551356 91 1719814665813043 55 1799366246057998 91
162168799000762 91 146835479137121 91 165150945468970 55 163509193190265 55 133046170121603 91 193486661069524 55 181357338389626 91 137899322114933 55 114033967826649 55 167937060352840 91 147650841459602 91 145799022808358 55 203046978204732 91 176592289935084 91 124077353801467 91 113053600358506 91 172727013427013 91 86322114457765 91 102435330650254 91 134165385034971 55 155398158740645 91 186009714007469 55 195330890571256 91 161975903140019 55 202018057285486 55 182714892981627 91 145333875108838 91 169957496066644 55 135556978038554 91 135485513822910 91 171975467769154 91 135901463537919 55 214887932675886 91 191116447889095 55



10 10
5 1    4 2    15 1    3 1    20 1     14 1    5 1   15 2     5 1   10 2
4 1    5 2    13 1    5 1    18 1     15 1    5 1   15 2     5 1   10 2



10 10
5 1   7 2    4 1    3 1    20 2     14 1    7 3   15 2     5 1   10 2
30 2  1 3    15 1   5 2    5  3     7  1    15 3  50 2     3 1   7 3 

6 6
5 1   7 3    4 1    30 3    20 2    20 3         
30 2  5 3    15 1   50 3    5  3    15 1




2 5
2 5 20 1
3 1 2 2 2 1 4 2 3 2

5 5
3 1   4 5   3 3   5 1   2 3
2 5   3 1   4 5   4 1   4 2

3 3
10 1 20 2 25 3
10 2 30 3 20 1

4 4
5 1    2 2    3 2     4 1
3 1    4 3    2 2     5 1

5 5 
5 1 3 2 3 1 2 2 3 1
3 1 2 2 2 1 4 2 3 2

5 3
10 1   20 2    15 1    5 2   15 1
40 1   40 2    40 1 

5 3
10 1   20 2    15 1    5 2   20 1
40 1   40 2    40 1 