20
6 7 2
1111111
1122271
1211521
1329131
1242121
1122211
3 3 7
123
234
345
10 10 55
1403127798
1076010251
9713354647
4923574744
9604634283
6635535535
9914362555
3894566643
3618652450
3004542499
10 10 84
6122147591
4943127237
5054257838
8486565488
5172679771
1779762715
8845656848
8387524505
7327213494
1957412216
10 10 63
2446564446
5465264351
4709354648
6474455350
4232645440
4485264551
3747336637
6353265461
3554545541
1864347707
10 10 87
8238505926
8528367872
6629703723
5178941643
5487335014
5707899394
6455560626
9929655386
7360269308
7652400685
10 10 64
2437122021
7517417111
7040851662
1964808102
2975646379
7491706085
3941541554
9838522270
3463633443
9725890247
10 10 59
8194553850
1552443595
0255564497
9836655402
4343444480
0043554420
1300482202
4584084254
2757522866
0091269482
3 3 34
000
000
000
10 10 3
0683334698
1388357958
1475871269
5713674444
0301848951
1598481030
4444763175
9621785741
8597538831
8964333860
10 10 100
9999999999
9999999999
9999999999
9999999999
9999999999
9999999999
9999999999
9999999999
9999999999
9999999999
3 3 44
385
108
763
10 10 100
7535629127
0936062618
7920237592
2897361293
1947845036
1063206155
4769693745
2547443078
6884314920
6892664950
10 10 22
0359484692
9030337949
0837921595
8409633433
6028679183
2350126155
1621053290
1976820621
4336904805
5129738084
10 10 89
3337326526
5879604104
8756354793
9473525391
5552555594
5628264699
7523944520
1445542531
1935564406
4748582606
10 10 6
3412412502
3624624533
6846855846
1311502303
5724735624
5755857746
2412403511
5623734724
7855855856
3411511411
10 10 82
5768086960
6231523441
0942190615
8758110411
5351808043
3408081535
1140118578
5160912490
1443251326
0696808675
10 10 5
1638550126
4856252691
3315269446
0743790022
6903558717
0604130296
0935436431
9109456259
1774119138
7493138793
10 10 18
7408333838
6888298821
4622496413
4715349205
0639944526
6254499360
5029435174
3146942264
1288928886
8383338047
10 10 37
7246237247
8557568459
3124135023
6246236347
8559559478
3023033025
6235246257
8459469558
4023114135
7246347345
