1000
344378898421
80
463530850561
238945970040
500246412960
4826809
965134722517
340228390681
308939207329
778243773781
388835175392
750962629561
129881672880
47045880
698874264168
48590927011
28560
655718325389
633760880281
489407768851
328898809009
184603738476
366670214088
26
693721905311
721169513089
903611469337
886057227442
690293443921
791950765043
118587876496
954738089449
709980563413
604948415206
963328676573
122974358328
516594148597
810578778197
740425338671
457996769179
831890144904
775664003677
4912
28883342400
294294315121
660092779811
559412095997
802167520247
729
849326284920
737886154009
838189687729
756893405026
279841
320050990450
981926418131
2197
2197
25030087680
580797934201
17621984329
83521
243
211978920797
390236340761
475521955560
283844938440
597471799369
583387461632
157887817200
286335220609
370826860634
296079186499
6436343
921544718831
942730309249
12166
118587876496
695656554829
831240799019
500246412960
908122238711
670846164283
688888380049
874683394303
118587876497
161050
444250082023
650914521734
276704404728
976968165889
4912
594823320
955684163281
1771561
161017789524
863396331869
305823378169
240818877288
496465104426
660460258417
604116337083
658789524278
505293019489
455816204524
28561
850521084169
157230489528
500246412960
1331
75867954608
25586920250
700594349179
511149212809
573924464261
65494499998
500246412960
314321848693
748121448461
915487755089
8767277967
885612309150
625
24137569
8858762640
117648
669948852403
6858
586495173269
322341198001
999706021609
54970084848
304804472281
64
453428320697
160232884680
148035889
875168269304
976976290021
29164703777
364151468458
16983563040
431374417680
808440021139
845283488449
890124701205
5764801
242
15624
875772173929
7
173210403811
125
611144455969
687739151647
641724359929
322687697778
773093889923
28561
774295242011
234681144720
881958758003
512
965288905269
936172381332
497608821419
6436342
611777033852
432101698747
392899259461
256
291562652083
72690899937
762977037103
875904716069
296448669841
496812112800
630786320809
148035888
424615864420
874689050648
322687697778
304398268729
1953124
530262132480
204776835347
330585391699
660540710581
594823321
142725894483
184374913320
734519031848
945423684240
142996306311
15290064408
4912
285311670610
80
531337487041
73905611933
3684854208
248734605288
40782590808
975253172874
418866565576
543076141969
652879893171
984461418683
400766425289
214358881
552526109041
178139768244
6103515625
96325191768
465492174666
970230910009
691440477841
243471532225
141351185088
310747455346
709081821781
3404825447
161051
343
538538070541
973977531408
951235447968
497720373049
796022446577
662727874561
57518908560
576613372337
594461046169
649699636423
665544324481
241765479930
4912
875468097877
389212529160
155845906852
82020915154
935663486208
279840
572989955521
4912
892176591601
2196
62446675742
297545157528
1331
8
14640
967557575637
78310985281
679637008801
19569491880
666648320122
489726940873
130320
256
747763161289
819019570009
631205648814
850189111249
805385989489
500246412960
910998799283
73595723236
670897231679
538010883967
31
751390226753
563582019841
253217284848
592311584023
268633853401
584161066387
712644937489
118587876496
968358561581
959716081800
233614655568
579929463961
256
559511413553
269158123484
751443989983
524023029842
854330574218
590812061448
612636509520
577470452149
631574112667
8
750021896419
621777781744
26
2187
584716132127
80
483967134653
669739013314
650623559919
517277523023
130320
3404825447
742073704969
888861863629
696754196573
858947813501
715663548961
32177543160
773316758131
24389
894635843185
987219100920
397110447889
118587876497
27
1771561
531510481459
379434784936
764028083569
450110835408
558878332417
746240563499
118587876497
956691473242
957148002763
616042825591
878670511177
826215535237
6975757441
707281
325572479329
512209273201
707281
678223072849
611528692008
345256414213
991113640459
848331374941
577570340771
558692895967
117649
260425481761
826313497125
28560
3124
941433230432
801419955643
589536802969
567368201089
814735833522
508864368709
777445458193
791387919523
469467521328
796109777535
2357947691
78125
497501351951
16806
823542
399546069792
747650322049
394602087427
435655465436
137858491849
1771561
743971009540
42339744732
569359462583
526028193731
541101839387
7
621883242703
741503133192
826765109587
802463171689
519192867803
698812944397
985343535041
47845875168
894554664481
389565211627
3124
741844395407
345766344361
624
243
910099637323
32449338768
472175288889
571489128961
703009441531
481431250507
534976862971
398013545021
707281
952610451469
24137568
43773214831
24488181168
269272600434
868322226605
410338672
639606354857
214358880
753636015413
19682
118587876497
334349203579
430356543791
420216400937
469791971791
675227314103
938401438003
6561
321626228641
960405447925
405041554304
12167
223036737622
32
298838248921
846116861917
138929296719
655291326979
526049935848
819983416867
636735373849
678223072849
782593601033
76839639046
431235722229
603803895113
511384754033
440183152369
346168666321
500246412961
344382359281
116609872398
399579487129
762939453124
549008134877
280821937641
615218326092
705891395022
790389757693
500246412960
674026222080
28780783200
115140098328
500680827853
6436343
11276103720
314008885967
1953124
162973309438
814773525199
375317227717
719593366337
625561022642
414515148659
10604499373
280166785666
950501573862
10387074888
585541761437
371293
651867308689
591704319029
387728530557
657861128011
707280
78310985281
605671547053
723899777328
530253279433
573413932081
7
456073285303
715460530800
994501579009
279840
902282322451
100133640720
813856808860
3404825446
161051
9765624
475230575923
284708683561
586756433611
624283090637
118587876497
282912101113
783637464288
884810663
964981261499
40353606
810267606406
670164627857
62748517
949966086899
500246412961
541840304647
851985970564
7
998298724200
332825751601
2197
400968834841
243768325440
897938413189
24389
616873580568
23610362041
31
632636842633
594823321
742323030649
588667160083
519750137827
609348695509
375728543089
835846318793
737675222437
1331
483150673262
809311237373
921700190280
911387101073
866295161671
184264153430
624654703200
953074107301
274635739248
707280
638571878669
183154774372
487618187323
304605751920
13465513680
47045881
102105264177
752372744657
584145941011
759754546321
6436343
294654638040
130006784486
24137569
850452171485
500246412960
130320
938446726345
408023280288
771555590009
467509960009
255428149200
15
363031555441
483568672529
461860237609
751185520331
610572737611
377484872627
390624
4912
4912
343
496749800149
847800819120
489032994267
51136800
930204453341
24388
78310985281
655615709400
581651181107
1330
6859
745995422172
748240560253
625
578598581381
794157729501
748745820601
283589265961
646845539611
290441226693
430598729789
117648
24388
292350468661
16
241845843265
208112053248
209755971558
78310985281
59048
188525062650
678508752079
446348256649
900222543826
156607773168
658687078993
672772419180
21480712968
964435951249
359797228561
852558602281
1331
620327936880
778952698164
520909295593
707280
280083999162
499540469117
118587876496
447559662001
479722040233
636743095095
334013487721
470035019281
62115094440
354862064208
2186
719054301397
78310985281
769785136147
338034099649
874152071521
256
405172159279
879827116081
552377454841
993209566801
909401813207
525002604101
488622811010
732125717243
462691549553
454244416831
687998914849
712529537871
725169761761
450311453513
197792778120
607829165401
26861711493
648794067359
987397955041
500246412960
912661140889
526842701653
803072276449
243
400062249163
826322112767
524561578031
873600751531
715815831481
789774747521
869836495078
119464935768
117648
974562729037
190433871022
17249876309
312613487561
397354418347
225766517382
11521051400
808978015273
78310985281
343
16807
855632706942
741788040846
285311670610
470456195437
690769530569
442335848376
729837425833
653375047531
940951306672
15624
585270590951
543710876669
285311670611
506360040657
552340678733
595876983733
1253230800
665887008361
117648
382461356870
83520
445589151210
407583926929
998453696869
776188051711
81
348396243001
825148774128
554207291401
948779246808
762939453124
570739453728
269447160888
700336641157
74220878798
87921874650
597833011649
636505582969
4494763848
258603777961
492221976721
348429297841
886062633481
157615005834
885966363576
541250075809
511315093969
894016659379
148035888
848970537623
317589729601
500246412960
375542978183
99220636489
595718942928
8
704930492132
20511148
725173009419
614110889503
358814202739
419188208701
826536026461
644213357089
828292378687
125
64277024199
8426332110
486982996417
596128013807
906731388504
500246412961
624
85208599271
321084777891
713944420289
518019125389
295258344695
31618128
678223072848
3125
255
5764801
835952513122
272942508720
136238496141
412779175859
958211927689
84005486568
511432619041
582914676329
584976921119
391361596921
818179027529
888444431041
63
694005014783
993084142450
500246412960
557991250447
42386162640
177894254162
71864525791
157903180343
889859387449
815730720
176043037809
415542317268
20585649528
367143240854
699160345967
728425436781
495437200128
541027078123
49051512957
583647120211
14348907
385156008263
650131743823
723806185354
125
130321
551371654151
7
243
761694098906
948900861647
3404825447
644570014597
392543600089
630627281033
669403785240
55517400
447578086623
944362199088
474335541331
672302657599
71674533840
785426655048
137858491848
378307414489
134833536128
322116052548
390891295369
503678348209
40921648680
2178929040
78124
2357947691
537314990423
410338673
277213833121
643874666377
805483234397
260178545928
608809697269
107920791168
159702819582
17249876309
522588747408
161051
186687077328
685456493929
705111289019
335183797513
640187213689
641069278001
805091658360
446704574297
660141625081
717222103335
3140369520
336201669240
625
432191852569
892992135367
309212732760
1419856
341153475312
427420563587
534209974809
696378686657
1
652432599288
78125
540339023101
355815829009
800254996349
558759809653
626752472329
505658943408
612997278109
500246412960
2047
994912487209
500246412961
932497716233
661943866490
922097347081
861171761289
2196
368277645467
780171192528
569244597288
117648
81188456313
235530906904
913434446767
37946719368
78310985281
976267037099
449886502598
4912
469715131382
353122539224
294720081276
244140624
733974502477
726068443349
641035618609
780000141671
549416488793
461043485369
414409030069
284427022489
726996674880
7
551294945983
842869050241
712827976654
645038977117
260762852230
376410471529
347204956081
838515545929
26
24137568
732688810393
980102067911
992735242321
398737942849
579344938066
370238935489
227751921663
28561
54740822809
4912
206607520680
604278718057
113637158286
19683
552148248853
665397446767
239783564328
706490709499
25937424600
670693843681
360281658389
979563012049
765780757921
678223072849
849414759769
271064288527
345787513368
751168658803
201646800600
705838533571
777915025597
620901448728
701183492688
385796926783
456362119061
714053730289
15508490505
6975757440
972672934996
485854629919
132161172094
4912
372950024011
242
78310985281
285311670610
53964683808
322687697778
606436753973
13849470910
742884415639
2357947690
238863514430
356364823369
754210613209
609095458331
340965092634
660313884408
316260839571
121937092828
594914864361
72259353720
1000000000000
806138333157
84792198480
994170520560
78310985281
8499265621
6858
144075662328
538959473329
784299758449
16983563041
93936733080
594823321
546986084243
792781409041
834374460481
980859978130
668388902011
1419857
386882344078
403940326968
