12
1
4594 3080 261
3
722 4911 1683
3654 5878 71
3659 3467 932
5
0 1250 0
3000 0 3000
1000 1000 1000
2000 1000 2000
1000 3000 200
10
2253 5192 1266
3586 5558 107
5483 2724 117
4891 1230 1454
3654 5782 257
3737 307 529
6093 3544 185
5372 2710 853
973 9007 12
1938 4350 88
3
5000 0 0
0 2000 0
0 0 4000
1
5596 3824 76
2
565 7335 643
3658 1739 2767
3
1887 3414 804
1496 2346 3559
3801 1213 862
3
10000 0 0
0 10000 0
0 0 10000
3
3518 2282 413
654 1103 6785
3060 1046 3224
2
10000 0 0
10000 0 0
2
5570 1125 2638
4617 5063 12
