100
968155 766786
-1 -1
1 1
484077 383392
757014 833946
-5 -10
-7 -14
756963 833895
833093 792907
-3 2
-3 2
833042 50
1000000 1000000
-20 -19
1 1
999999 999999
1000000 1000000
0 -1
1 0
0 999999
1000000 1000000
-20 0
0 -20
999999 999999
50 1000000
0 -20
1 0
0 999999
50 1000000
0 -1
20 0
1 999998
50 50
-1 0
0 -1
24 24
1000000 50
3 2
-3 2
50 25
1000000 1000000
-1 0
1 -1
999999 999999
1000000 1000000
0 -1
-1 1
999999 999999
3 50
3 1
-1 1
0 0
50 4
1 -3
1 3
0 3
4 50
3 1
-3 1
1 0
1000000 1000000
-1 1
19 -20
0 999999
482296 41102
4 -15
9 -6
50134 24072
698507 754223
0 -17
17 -7
481288 204334
526562 458420
4 2
-14 18
271854 362195
812592 621784
-13 -2
19 -5
744386 392598
503946 727394
11 -6
9 9
453240 525688
996124 715263
-17 9
-5 14
739452 261270
411419 68128
16 -13
-16 -12
74356 8330
729512 596683
-12 -17
7 14
673468 353784
678171 307278
-4 -9
9 -15
643275 201931
113050 159359
-18 -18
10 -1
22897 36419
584095 744034
19 11
-9 -4
26110 580342
10217 188184
-20 0
0 -9
3245 179344
241042 802308
13 -9
-6 -7
2815 664799
432881 59418
15 7
-17 17
273814 59076
588538 293667
-4 9
8 18
268915 234657
941481 329845
-3 0
-9 -2
48319 98500
454731 862042
-16 -8
-2 -8
103427 448416
339427 189624
-8 11
-1 -16
316482 113395
985894 957335
-10 -14
-20 -19
368090 457440
69592 973123
-7 -18
-8 -4
39760 545561
433386 848714
-8 -6
2 9
165594 694302
341570 856858
-20 -10
-9 16
277986 116117
492441 857034
2 15
8 16
448182 129516
384595 996902
-6 -1
9 8
296909 61169
393283 800722
14 8
-11 -19
234727 318211
435583 812439
-9 -16
-20 -8
424252 18088
405801 959768
13 17
17 -13
138935 352951
937543 258118
9 -9
16 11
876692 158548
277473 922842
-4 16
-10 1
128158 620647
926448 415188
-12 13
-9 -10
178928 41937
284439 812841
7 -14
16 11
140974 730413
779342 445663
12 -11
-10 -7
276535 139880
919636 404505
15 -1
-11 -18
663146 58667
957407 393990
3 1
-12 15
888757 248239
299624 817971
9 14
-7 6
225920 468251
273383 873526
-13 -11
8 3
158413 110847
998698 473369
1 12
10 5
38061 351005
890087 420567
-2 -15
4 -9
563736 341219
889393 364036
-7 15
6 3
392292 101151
909293 311637
-17 -5
1 -14
811701 241006
790108 389390
-15 6
10 20
550434 303023
341811 845406
8 -20
8 -17
156288 844500
418549 790916
14 -13
-20 -5
105448 38500
337562 940922
9 -17
-6 13
262810 910969
835568 314193
-18 -10
16 -17
625553 291367
817657 266278
-18 -18
-18 -4
276639 159677
410498 767071
3 8
-9 -2
138262 123188
831864 427820
-10 -19
12 11
446210 288882
327920 890729
14 13
7 14
304672 593055
395800 847199
9 -12
12 -11
46927 282729
392742 823566
10 -6
-9 -10
342627 40327
951415 466532
-20 -2
-16 10
249507 282540
421650 835408
-5 -2
3 -13
133826 675545
275727 750604
1 1
4 16
165951 126334
271558 893928
0 13
-6 -12
59210 884297
492983 890312
-10 -18
-4 -10
340213 302870
352699 881672
1 -10
11 20
203866 74066
281714 838616
1 10
16 -8
78141 610302
769063 350273
-1 4
13 -7
440293 243539
472066 916879
18 -9
11 -15
203860 812610
867242 855673
3 0
-13 3
864842 286261
996428 815733
9 16
-7 16
836504 69444
865998 971794
-9 1
-2 12
790409 141618
900444 924519
1 -18
-16 18
556477 37177
828568 889867
18 12
6 -6
226328 864442
846712 976593
-6 20
0 -20
658690 323724
907514 937845
15 -14
17 -10
480253 628119
858157 860936
6 -7
-3 -17
13709 474055
876661 847024
3 13
2 14
373571 573155
984430 954247
4 17
-17 -17
461652 252914
908929 902669
-2 10
18 -8
217096 548260
854212 801342
-1 0
6 -14
747623 508826
906657 871324
8 -4
-16 -2
189873 583177
860400 968334
11 1
19 6
523086 428564
864191 860089
-18 -5
-12 -3
476221 353873
756826 834893
-20 -10
-18 15
94750 448919
928245 936814
0 14
20 2
131392 848338
902437 841017
-7 20
11 -3
54989 621399
960971 829760
-9 -12
7 19
635754 494211
897381 918036
-15 19
-2 -19
686125 269817
814995 959420
-13 2
3 -10
747989 291944
896478 908998
-2 -5
-12 -8
551192 144474
872044 934853
14 -4
-4 -2
667278 317172
798966 994627
15 -18
19 14
28875 646903
