100
50 50
1 0
1 -1
10 39
86 92
1 0
-1 0
42 46
87 76
5 10
7 14
2 2
82 76
-2 -3
-2 -3
79 73
100 100
19 -20
-1 1
0 99
100 100
-1 0
0 -1
99 99
100 100
0 -20
20 0
0 99
2 100
0 -20
1 0
0 99
100 2
-1 0
0 -20
98 0
2 2
1 0
0 1
1 1
100 2
-3 -2
3 -2
97 0
57 81
-10 6
1 0
6 36
78 93
-12 -4
-16 8
48 3
54 75
1 -10
4 15
29 21
61 78
2 -18
7 11
10 76
74 64
10 -20
-10 5
25 33
71 85
13 7
13 16
59 5
11 83
-5 -2
6 13
6 30
80 17
-6 4
-2 9
11 11
98 8
-20 16
-14 4
77 5
65 22
-12 -14
3 3
42 14
53 65
10 -16
-7 -7
29 6
34 21
20 -4
-20 16
23 17
4 95
18 13
3 -1
2 22
52 78
-11 -6
-4 -13
20 26
94 23
8 17
-8 13
5 1
88 94
-14 -10
19 1
43 25
43 10
2 12
-17 12
19 4
61 54
-7 -5
-3 4
35 31
22 42
-11 -4
-5 -3
2 29
72 46
10 2
11 15
20 0
92 17
-19 19
-10 18
41 15
63 54
17 2
-2 20
11 45
23 76
-10 7
9 7
5 44
4 8
20 10
-7 2
2 2
54 5
6 -20
-3 14
26 1
68 69
-15 18
-14 4
9 57
17 15
-11 5
-5 15
2 10
52 37
-16 5
-7 9
14 24
65 95
19 -18
12 11
61 81
64 47
-7 10
20 8
12 0
69 4
-15 -15
-18 19
46 1
85 94
-6 0
12 -4
37 65
26 71
15 -15
-14 -3
10 68
79 41
-20 -9
2 5
67 4
72 15
-3 6
1 6
43 4
31 91
-18 -19
9 18
15 35
34 42
19 8
4 0
18 40
73 96
-6 -9
16 1
56 26
4 67
6 -8
18 4
0 4
39 52
4 13
18 -17
14 45
24 30
6 15
-11 16
7 11
78 93
-16 -15
14 3
1 49
27 40
-17 5
-16 20
2 7
23 11
11 11
15 -2
14 10
53 5
-15 13
13 -17
48 0
94 82
13 -9
18 -13
91 75
83 47
15 -17
-16 18
66 40
10 50
-15 5
17 -16
0 27
55 9
20 17
-20 -6
22 8
49 44
18 11
-11 6
11 16
78 43
5 11
12 7
4 28
94 44
20 -11
18 -11
72 29
39 82
9 -9
20 5
31 18
81 42
-2 15
-11 -6
35 36
80 37
-16 4
15 -14
43 17
41 93
6 12
1 -5
34 48
37 97
4 10
-11 2
15 0
98 47
-20 11
5 15
61 31
28 96
16 -8
10 -9
6 8
80 36
13 -7
-5 -2
38 32
39 94
-11 15
-7 15
5 15
77 50
19 0
-13 3
74 4
84 34
9 16
-7 16
28 28
47 93
-9 1
-2 12
42 52
79 34
1 -18
-16 18
1 1
45 78
18 12
6 -6
38 76
41 77
-6 20
0 -20
11 21
48 84
15 -14
17 -10
17 27
26 91
6 -7
-3 -17
21 87
77 39
3 13
2 14
3 16
84 36
4 17
-17 -17
12 7
79 50
-2 10
18 -8
67 18
78 50
-1 0
6 -14
1 24
40 75
8 -4
-16 -2
17 67
100 31
11 1
19 6
86 16
97 40
-18 -5
-12 -3
82 31
87 33
-20 -10
-18 15
4 30
49 94
0 14
20 2
44 38
90 31
-7 20
11 -3
48 30
86 40
-9 -12
7 19
56 11
90 75
-15 19
-2 -19
37 48
77 84
-13 2
3 -10
61 72
79 96
-2 -5
-12 -8
53 62
80 87
14 -4
-4 -2
70 36
97 89
15 -18
19 14
90 24
87 76
-2 2
14 7
27 49
75 88
19 2
-6 -15
74 67
91 87
-7 -15
-2 -18
0 51
99 88
-20 2
20 9
6 35
