Case #1:
5.000000000
10.000000000
Case #2:
4.290587816
Case #3:
4.133083534
9.271257198
25.444132911
39.511764156
50.985720131
56.005578899
59.777210895
65.604361689
79.037979269
99.922232108
112.801747367
120.800808850
129.180128898
145.346380684
155.001444698
163.297650154
171.651174065
187.773560175
210.743004542
215.333649042
218.781419848
221.694582325
225.142235216
230.530695582
239.346443293
256.202029403
259.271583939
262.715518909
268.118538702
279.989674496
289.901961783
295.225940855
304.050968338
311.054109193
319.966828067
327.407132574
339.612377604
350.117559551
356.801015849
363.729383903
374.955841046
385.672423244
398.622819822
402.437244478
421.295371960
433.631951676
442.411269346
449.055846342
457.950367487
483.035947359
497.596707461
509.249583119
514.486079357
527.619866358
533.049881713
543.163096137
554.422571338
574.254263254
580.495471309
585.672569193
599.912647471
613.367815386
625.759745433
637.615895481
644.650207461
671.588264156
676.256895965
711.899935863
724.019940571
735.262670687
739.782196435
743.501606173
747.073560776
750.913086194
755.306646480
765.210216658
775.234515003
780.957278983
784.907629069
788.512420633
792.252524361
795.553804492
800.583599221
810.812139159
816.433528610
823.498241364
833.905795911
846.813775365
854.901194591
859.782160226
863.797673801
867.745830542
872.101764678
880.212006212
Case #4:
17.764552860
29.010450713
42.519732389
52.107373392
64.236111397
77.926065438
89.848952929
108.275457895
119.257970606
127.045586017
142.900685082
151.856456490
161.890007330
168.198634814
177.886436052
185.415251744
192.164870669
269.360431349
305.045794442
331.991300672
354.565461754
374.386665740
392.268510602
408.688685844
423.956022216
438.283844009
451.826822074
464.701339000
476.997575144
488.787091552
500.126504367
507.116609592
512.421224115
521.296526951
528.307331284
536.041418119
550.251651414
559.210616210
565.635490349
574.263167217
581.815962187
588.132451469
595.931980054
602.727056065
608.610327445
615.367186815
620.422312491
627.811797893
634.374427364
642.749923732
648.827518887
653.548211386
658.956168776
667.453432433
675.176249470
680.820789013
688.608635569
696.532718382
701.632024603
706.246942701
710.913221060
715.632613625
720.406976501
725.238276482
730.128600524
735.080166275
740.095333833
745.176618894
750.326707502
755.548472651
760.844993026
766.219574229
771.675772906
777.217424284
782.848673706
788.574012918
794.398322004
800.326918079
806.365612129
812.520775720
818.799419769
825.209288128
831.758969574
838.458032791
845.317190425
852.348500227
859.565614103
866.984089775
874.621785458
882.499366289
890.640963792
899.075049031
907.835610689
916.963779321
926.510123510
936.537992517
947.128555060
958.388722209
970.464272118
983.563081533
Case #5:
29.727223903
60.364696342
79.566869030
117.897639365
141.845412104
179.057673396
Case #6:
1.817949074
3.724216235
5.733079194
7.863135151
10.464274527
15.056019572
16.571484022
17.584792867
18.633682804
19.767328789
21.010385641
23.260428788
24.548325299
25.493581558
26.438479683
27.490462937
29.449424212
30.748747138
31.850660954
33.087514522
34.534886657
36.358963786
38.998732393
42.131296220
43.655161659
46.240476773
52.016511728
54.291625459
55.860863927
58.588029356
62.478658044
64.706864506
66.451182686
68.018109881
69.812431309
72.050952245
75.286747429
79.157054055
84.810536900
88.298858382
Case #7:
0.478899443
0.995876005
1.535478548
2.076046349
2.695248129
3.630517998
5.041267332
6.166035370
6.871001788
7.395258764
8.398293211
9.059464876
9.732222131
10.915165557
13.032441328
15.376568559
16.005671494
16.648302055
18.596327307
20.232765203
20.998019017
21.761530205
22.982747678
24.244267900
25.562240077
26.521566189
28.790674856
29.592218998
30.049656697
30.547139681
31.559966295
33.861602143
35.841584158
38.314300098
40.552816494
41.168633279
41.619424772
42.003305185
42.455079619
44.368878872
45.533432965
46.412611585
48.217821782
49.706827524
50.158561862
50.784807957
52.610058949
53.552913477
54.649687861
55.245232802
56.040141062
57.674338012
58.563158254
59.558562397
60.478012834
62.901015883
63.773806535
64.270246900
64.884917029
65.638410448
66.347240205
67.908074312
68.680960696
69.187651423
70.222588724
70.800386298
71.145243562
71.503934007
71.915258746
72.471524003
73.832272030
74.716377272
75.782178218
76.861386139
78.821782178
80.460967045
80.974382619
81.480227079
83.390686796
84.085594026
84.660997238
85.344502489
87.436705170
88.315369917
88.830030027
89.269113781
90.083174652
91.096859206
91.648932690
92.043645082
92.499775010
93.536680233
94.321992903
94.767437815
95.109838648
95.476621784
95.926708061
96.629782046
97.765729138
98.273073502
Case #8:
0.454000246
0.887792842
1.303857626
1.704205260
2.095221787
2.730925300
4.404208050
5.500943403
6.615858678
7.749889086
8.904052881
10.079849328
11.331117951
12.130864886
12.868231822
13.702365918
14.685757766
15.948324636
17.252270363
17.969195552
18.473746546
18.886481446
19.232669309
19.512784130
19.753375475
19.967570513
20.173198260
20.393460052
20.632639181
20.896652573
21.195348150
21.547565468
22.000000000
22.559615212
23.168876766
23.843942021
25.241828767
26.234664234
26.750070820
27.154182303
27.540138297
27.922387394
28.298035127
28.661535572
29.013854477
29.376383144
29.772357630
30.213202477
30.718856079
31.330710124
32.172572460
34.248880834
36.768344659
37.450949391
37.733858258
37.947237062
38.135484758
38.333864538
38.546494592
38.776973734
39.030731533
39.316678534
39.651470318
40.073962654
40.675009702
41.713761116
42.705880504
43.640365887
44.660738137
45.811649519
47.161442759
48.873460130
50.474491400
50.743461313
50.938405079
51.104357078
51.268721430
51.433415127
51.598440158
51.763798529
51.929492270
52.095523428
52.261894075
52.428606300
52.595662217
52.763063959
52.930813684
53.103311906
53.306055145
53.571391234
54.115628476
54.719017416
55.135532318
55.770800855
Case #9:
4.771910948
10.933088475
Case #10:
5.858895839
13.537780098
21.505310737
38.218806387
45.631572306
51.892610090
67.381754096
75.465533637
84.554538104
93.649344563
112.112081653
134.896176062
146.397998668
164.884400278
170.085820569
175.096831604
180.404115482
186.287262818
193.972884490
202.855763241
241.770691569
261.255380165
277.874325961
284.072941194
288.433182362
292.394824024
298.080718650
314.695855254
328.254417041
351.886315913
358.888708826
388.346660967
405.903453010
412.044614131
416.829645121
421.021056853
426.474513165
431.964875673
438.880296557
455.727063206
465.069694364
470.840757609
475.205448765
479.573117526
495.705015401
518.829183172
537.688903218
564.556077436
575.536736833
582.696879671
588.550824200
599.694005966
605.769164631
609.756377845
614.186321109
619.276677835
627.872419794
631.671558438
636.354953994
645.169816080
653.036103632
660.537348740
676.977510749
686.446632893
691.781155957
699.399681249
711.320247755
716.042464910
721.308027857
727.758097281
736.963829975
750.781609800
759.308576655
766.061019002
784.029597418
795.980959433
812.154018029
821.800658024
829.309932626
836.318131416
847.507146746
854.438387605
862.517401715
873.853675231
880.259027601
884.240682656
899.557388809
919.461970513
927.086349734
934.641300458
943.434416284
952.322146976
957.190669627
963.053190465
967.554774823
971.429291141
976.297542944
981.527854499
987.178390851
993.010540767
Case #11:
4.541159908
10.370458621
30.325215692
41.223665013
51.724556756
59.608937274
64.993188339
77.203505754
86.202639067
94.806844806
113.451259121
127.944007166
134.128324418
140.162949914
151.272997307
166.700202096
175.842647219
190.887738769
205.679376497
218.488787963
246.470297030
272.431969895
287.969991499
302.411186200
306.772451314
316.339528083
326.260802377
373.852496845
388.822953508
392.781510430
398.194393256
416.437263362
422.134185901
428.066501238
432.903082539
437.201289510
442.196754313
453.702697701
465.793820190
481.260024099
487.013830340
496.893150824
517.516476700
525.269972527
533.765515083
546.291750840
562.315558729
575.893576464
582.385058785
589.460062757
596.397681089
608.656348214
617.031840486
621.499174917
626.507085579
631.334208280
635.976502602
640.453701813
644.750429377
649.991663902
659.992572616
671.979213682
679.698042297
693.507625091
708.761496936
713.789426789
718.906015645
724.116125818
729.837752293
735.480113422
740.442806540
744.940577811
757.881538937
769.410750313
780.248459575
789.155454766
801.277583853
810.121724798
821.660769445
829.085038590
838.198309889
848.878902006
861.383401499
869.383434079
876.069907558
880.625773171
884.463489317
888.073524753
891.508303415
896.354970760
907.818274609
912.577152988
919.568901554
933.925636229
950.164815528
964.496759942
969.222819283
974.891541541
986.914019819
991.111502943
Case #12:
7.057108059
13.386840341
21.114349079
31.280897164
44.886175922
70.463373380
75.509786808
79.528015273
83.904570823
89.928063583
98.230344277
109.738448899
117.441007824
121.593685441
129.403136208
137.959583941
146.081864313
156.587864848
164.780760709
170.977012247
175.483312498
185.038554647
198.860610887
215.819476626
222.063161788
231.639208315
253.561810601
260.369297943
268.867227834
282.652059008
296.469565352
310.240646547
318.068977682
332.147028599
351.258683849
362.042148300
366.626946208
370.270326524
374.576654177
382.637797475
391.086380070
399.354671263
405.380147449
413.404223737
422.071507151
425.937293729
429.857868825
434.276109369
445.847367626
450.992262094
455.306160162
460.972617563
465.421732633
480.582845882
495.489507720
506.840921938
526.191728118
543.460781155
558.225006008
577.578923666
582.243280960
587.960442064
595.085926450
603.238346802
618.614149708
623.611032532
628.581329562
633.551626591
638.521923621
643.492220651
650.495359808
667.535747856
684.441658106
696.103511622
706.953098615
724.324830188
736.402107416
741.926423604
748.526379210
756.008903984
766.178645442
781.118090175
793.232820151
813.278181361
829.259191749
838.980602596
844.187430108
848.151686537
852.516535725
859.018606835
868.953855957
877.073188890
903.979184122
916.250742542
929.268919216
947.824575937
957.220093859
964.368831817
975.710987584
994.197706733
Case #13:
13.120653388
27.902399317
43.290321593
50.683176264
64.179322792
77.291804011
92.187927672
104.138417480
116.924235528
130.050289724
143.999496219
157.416851208
168.526852810
184.989532584
199.242225742
211.014669719
223.082491342
235.469107042
248.201201104
261.309402172
274.829151228
288.801831762
303.276265983
318.310733320
333.975752982
350.358016950
367.566114377
385.739158686
405.060348882
425.779426830
448.252409910
473.018292475
500.966153771
506.008777795
510.869446444
515.114139615
520.844567307
525.727848008
529.544001043
535.656698331
542.739648663
546.742649228
551.893975161
557.306340058
563.791340304
570.142554975
579.900444322
586.326548193
592.628847747
597.474222225
603.273569732
607.147202359
612.840118031
615.583056503
618.628976575
622.376482037
628.201638155
633.305043005
642.662786455
648.328662943
652.433109399
661.231802641
667.972778414
672.330584850
679.409505404
682.204705844
685.325949485
688.810515258
694.530828023
699.188796459
742.929023889
765.763599084
783.176123153
797.819303698
810.702926391
822.340794099
833.036711203
842.988010090
852.331453838
861.166452032
869.567952587
877.594121267
885.291174209
892.696556142
899.841107906
906.750590394
913.446784098
919.948300374
926.271191732
932.429418853
938.435213422
944.299363844
950.031442969
955.639991617
961.132667929
966.516370041
971.797337656
976.981236819
982.073231136
987.078042030
Case #14:
2.834214168
5.690476969
8.569311130
11.471260367
14.396890581
17.346791147
20.321576302
23.321886636
26.348390704
29.401786768
32.482804671
35.592207883
38.730795705
41.899405670
45.098916152
48.330249213
51.594373704
54.892308658
58.225127009
61.593959666
65.000000000
68.444508779
71.928819623
75.454345038
79.022583105
82.635124922
86.293662894
Case #15:
12.957084187
25.702634511
45.288115416
53.876580689
Case #16:
0.636617468
1.482025634
2.002840902
2.483603637
3.084220549
4.585380711
5.842408324
8.278194269
9.590919402
9.981499238
10.366189311
12.232108772
13.511110199
15.580610805
17.025983000
17.627261468
18.034944468
18.511414041
19.910764364
20.657347948
21.051766621
21.423404024
21.836643041
22.358558414
24.735917544
27.286265309
28.905117209
30.950900378
31.530133507
32.007338900
32.437018617
32.843412136
33.246406387
33.740710466
34.433023177
35.378492134
36.283940807
36.818296148
37.229815600
37.681008035
38.211972521
38.841807847
39.472105263
39.925494099
40.338017000
40.840694966
41.479138262
42.200162320
43.630360010
45.705898049
46.226213280
46.882331634
47.605437616
48.074933637
48.613519927
49.538028688
50.422887168
51.942195556
52.532202877
52.993471253
53.494076691
54.761668462
55.848454480
56.272070568
57.780111805
59.906167554
61.010138254
61.765809663
62.626014072
63.756057174
64.146939547
64.706437985
67.292083031
68.836485531
70.620458655
71.141355943
72.618766878
73.972080668
74.954885620
76.554670654
77.179730542
77.952657559
79.425242733
80.043574001
81.213773359
82.108991578
82.843163725
86.268084995
87.855607444
88.442853474
89.011686335
90.413524082
91.659260220
92.254987022
93.340654758
94.584741544
95.933051236
96.529553342
97.076705855
97.741043042
Case #17:
26.647179484
Case #18:
0.763367984
1.373632928
2.736627494
3.652903349
4.577282383
5.504214906
6.304389436
7.007957251
7.643236933
8.234358021
8.863648262
9.567686151
10.381837547
11.380245351
12.730214360
15.973003228
18.000153351
18.971585424
19.606826072
20.116406648
20.554297973
20.944255374
21.299245090
21.627266469
21.933666748
22.229468646
22.532737695
22.844807323
23.166491276
23.498737014
23.842658658
24.199581170
24.571100840
24.959170096
25.370561681
25.817722279
26.312095797
26.872812135
27.537006739
28.399633871
29.620821538
30.526402570
31.233383785
31.833647802
32.364564745
32.845744313
33.298574970
33.759990549
34.233543780
34.720246096
35.220728106
35.731910364
36.253569158
36.786376316
37.331078690
37.888510448
38.459608063
39.045522819
39.667994959
40.354502109
41.130136699
42.042523286
43.207774448
44.578946973
45.231607662
45.698153242
46.083245924
46.457697219
46.843800156
47.242715234
47.655809424
48.085505828
48.568015871
49.158974646
50.004000584
51.979873878
52.913365061
53.738617818
55.747055303
56.703711501
Case #19:
0.722837589
1.812333289
4.378159397
5.273587636
5.909168692
6.480383776
7.116718253
7.851665328
8.753399772
10.050694282
11.959664448
12.760690210
13.356205144
13.924420553
14.477320133
15.016079400
15.541730774
16.055317050
16.570819074
17.097941768
17.645724565
18.221578057
18.830318256
19.478319391
20.174326881
20.930913631
21.767338782
22.715928075
23.839401770
25.297961087
26.957911923
27.886826920
28.586114096
29.184964247
30.089335526
31.532456555
33.113464880
34.881566268
36.906763740
39.156799085
40.631263296
41.106295490
41.541284920
42.002441941
42.504977616
43.075501962
43.752512656
44.635670132
46.262689848
47.090329083
47.780086383
48.686793735
50.020355659
51.688925313
54.123326237
57.150058275
58.764814478
60.021908384
61.157787604
62.203519852
63.177671616
64.094146696
65.077382325
66.291810765
69.476973777
70.215879043
70.838987438
71.536868551
72.669635313
74.421406530
75.412234119
76.499932585
78.037938589
81.923488977
Case #20:
0.971300165
1.982278901
3.038236820
4.145771637
5.313271476
6.551679318
7.875736529
9.306133218
10.873534392
12.595862036
14.480481727
16.583992446
19.006896132
21.963269087
26.138311887
36.590090751
Case #21:
0.502098768
1.109025322
1.941553972
3.465733690
4.698971812
7.091492058
7.883256537
8.502056766
9.189308820
9.983559919
10.959309548
12.147079863
13.488054795
14.981601108
16.463025994
17.751185314
18.897524235
19.940587937
21.150869166
23.785281443
24.934240889
27.716127615
28.861457714
30.769633532
31.968129808
33.341763542
34.641776204
37.981906591
40.896898649
42.282627321
43.960548577
44.658895047
45.180904509
45.708113066
46.311338639
48.616367156
Case #22:
0.555859876
1.693774946
2.182781272
2.536759208
2.828905853
3.086491653
3.359462600
3.671073440
4.044071899
4.454636412
4.870900804
5.293109273
5.721523971
6.156426904
6.598122106
7.046938122
7.503230873
7.967386954
8.439827473
8.921012521
9.411446421
9.911683922
10.422337552
10.944086410
11.477686761
12.023984898
12.583932904
13.160385670
13.794103397
14.544592819
15.456813490
16.122975466
17.078808859
19.595678630
21.448322832
22.162054098
22.792463185
23.455557391
24.157018313
24.904393340
25.601252109
26.156926736
26.632306230
27.054564666
27.438317973
27.792501601
28.123051422
28.434148711
28.728870374
29.009603510
29.327905113
29.856510192
31.093755263
32.090827670
32.934748994
33.943674267
36.586909933
37.171904654
37.798503901
38.950841102
40.537075194
41.563620991
43.657383033
44.312471108
44.765965039
45.137955946
45.461051928
45.750602917
46.015337438
46.273860086
46.538175296
46.808690820
47.085864618
47.370213962
47.662326789
47.962876000
48.270722735
48.583327700
48.900880208
49.241405211
49.707944049
50.594103575
51.843809031
53.148392161
54.713803186
Case #23:
2.179157089
5.021347395
9.302993801
25.367708980
29.622843037
32.139218865
34.142202922
35.903781276
37.595942450
39.410120067
41.525765364
44.186910072
48.428369311
52.862159028
55.245984780
57.092401327
Case #24:
6.422190113
17.323024796
24.178448734
28.869166636
32.821840946
36.798482183
48.814126937
Case #25:
1.212199762
3.095048829
4.436926069
5.791592637
6.712343080
7.632677411
8.562746612
9.502866290
10.453369483
11.414608041
12.386954144
13.388877386
14.729063455
17.217353873
18.677348958
19.717052634
20.636809387
21.736387498
23.254757847
25.266466469
28.073681754
30.551929179
31.267003123
31.807470987
32.289791812
32.908294524
33.752320825
34.728189165
35.920641498
37.612638055
45.278888485
47.168721202
48.684497180
50.348958061
53.811960828
56.197347272
57.938701061
61.279332082
62.272714685
62.955440244
63.584531425
64.309966225
65.198617536
66.478631518
69.878978012
74.255179548
75.050006501
75.616187204
76.084759002
76.704599811
78.935655112
80.282642229
81.379275375
82.307306151
83.126623968
83.868321785
84.551005011
85.186855215
85.784363402
86.349501432
86.886248055
87.398427901
87.889134047
88.369816846
88.862629151
89.368173207
89.883811645
90.413053391
90.964499683
91.541512937
92.148017846
92.789059503
93.471309955
94.203913814
Case #26:
3.443323714
6.155036829
7.017080062
7.637693603
8.280712702
8.669205940
8.959775073
9.223597342
9.512605710
9.837222921
10.215426951
10.690451025
11.428005387
13.340125216
13.978829214
14.491738848
15.153866085
17.453769286
17.967631444
18.423492097
19.929395479
21.349484778
22.029417762
23.100029003
24.070073618
25.980242493
26.645483359
26.978607835
27.277761044
27.637352378
28.122977961
29.290833286
31.841558920
33.826259930
34.957822986
36.999638843
37.766580113
38.367832162
39.168300474
39.945197428
41.069551531
42.430321646
43.035218285
43.639668037
44.594291430
45.940282758
47.335349963
48.090226460
48.602642294
49.016289590
49.387433991
49.738780501
50.074236282
50.425626382
50.814201926
51.283142366
54.308938011
54.866413072
55.233018513
55.750645133
56.880788484
58.765989742
60.918974884
64.407418135
68.443544355
69.030865518
69.547231038
70.433041438
71.577363005
72.287357786
73.946422336
74.842066564
75.881464399
78.712574001
79.075385766
79.384725481
79.678391795
79.958550180
80.257195596
80.695050592
83.340472898
84.924602967
85.665264255
86.275366969
86.830598161
87.370356467
87.982511468
88.906010376
90.734308063
91.737611464
92.563970936
93.444334431
94.148643223
94.965136536
95.551354817
95.885910205
96.164559730
96.504761637
97.047976116
97.901591540
Case #27:
4.861071700
10.407361358
18.024955700
22.736751912
26.218189141
30.055783579
34.584473079
43.225240803
55.222543826
73.164625408
85.518500339
102.895160900
108.686308644
115.031824486
128.257992711
137.854900635
143.156348703
154.130627538
168.649916734
173.604306757
179.139725023
184.945201543
192.308444944
208.208549618
211.971162394
216.260795836
221.391064475
228.220565577
241.024443301
256.857792931
276.459229490
284.202284579
304.553015503
331.002589886
338.686998091
344.851100714
351.607946091
359.866122646
372.811700127
390.762339595
400.292069932
411.980310203
431.581259082
442.069777480
448.355730888
454.172303001
459.692744268
465.071907146
474.831445203
484.877609678
497.940638345
504.517362050
513.734050622
522.927092025
528.262656326
544.319630100
559.847814609
566.835616360
572.396066934
578.402063226
586.148384640
600.982303084
628.502478711
635.075119316
648.694917482
657.719949932
668.440805581
688.427191578
698.498702636
704.852474689
711.308494797
722.025920127
736.715011645
748.143759475
754.963684769
760.057006012
765.053463840
770.785849526
780.892685493
794.790419167
800.892743353
820.845924588
828.088511282
834.856962372
840.344251413
846.035429770
851.768634254
857.453508086
863.261851174
870.356206490
885.747411115
899.225680110
903.534702856
908.307977190
917.792142539
938.406119368
949.436176151
956.805764953
970.676019807
981.650608752
Case #28:
1.123112075
1.946992916
2.825022843
3.769529769
4.749164848
5.668682339
6.572673080
7.653002177
8.798356553
9.605571280
10.252260755
10.780160762
11.239041842
11.679618243
12.108440748
12.526402719
12.934289778
13.332797163
13.722543649
14.105357427
14.506799981
14.942264221
15.422219948
15.963949361
16.600065248
17.409146008
18.622379115
20.198875289
22.491458394
25.797312816
26.473072182
28.299778488
29.045793280
29.590732155
30.041854007
30.435499370
30.789266403
31.113268730
31.413953826
31.695731164
31.961774105
32.223908211
32.500662399
32.795200234
33.111466217
33.455122511
33.834823980
34.277060034
34.953982412
36.210740413
39.253444834
40.428939568
41.015142307
41.550915972
42.148058988
42.640773230
43.036868763
43.402191896
43.760856184
44.113212993
44.459583834
44.800263797
45.135524495
45.465616601
45.790772038
46.112572482
46.448498777
46.806893158
47.192975649
47.614368052
48.083002002
48.619574883
49.266593215
50.146416344
52.141143885
55.616630122
57.216963063
58.331635443
59.476459058
60.747223331
62.135378873
63.553331036
Case #29:
18.228349838
35.371214036
51.602120300
67.052766719
81.825909198
96.003553148
109.652385287
122.827503526
135.575054571
147.934146475
159.938265827
171.616347888
182.993598246
194.092133047
204.931484495
215.529004739
225.900192040
236.058956755
246.017840184
255.788196095
265.380342429
274.803688966
284.066845440
293.177713649
302.143566367
310.971115293
319.666569837
328.235688227
336.683822115
345.015955662
353.236739930
361.350523237
369.361378051
377.273124879
385.089353571
392.813442354
400.448574898
407.997755649
415.463823647
422.849464996
430.157224159
437.389514197
444.548626078
451.636737157
458.655918905
465.608143986
472.495292730
479.319159070
486.081456006
492.783820620
499.427818708
511.831293972
527.179287648
535.823686023
549.674520143
562.982260241
577.059892571
586.767959118
597.083920124
610.535988339
621.013412821
630.588693190
639.841890856
655.074304727
668.474952283
679.154816973
689.540989004
696.868172064
702.733768605
711.742147200
722.935414783
731.697536827
741.712891713
750.414635119
756.866558920
764.745111531
776.356394237
785.408030871
791.699868093
807.173348380
819.842618152
830.978344235
841.031003427
850.266031764
858.855442456
866.918254174
874.540871077
881.788372693
888.711226732
895.349507106
901.735664674
907.896415000
913.854064470
919.627466441
925.232726242
930.683731245
935.992556308
941.169778621
946.224725547
951.165672093
Case #30:
1.149752475
1.924504950
3.239614564
4.433959698
5.241473684
5.918141805
6.614017314
7.437705008
7.921984114
8.317565361
8.732140468
9.171840484
9.641875860
10.149553626
10.705691455
11.307383238
11.862280839
12.369015343
12.838302146
13.310416383
14.026519857
15.314397469
16.425742574
17.368310696
17.923357034
18.417569406
19.233510284
20.793581522
21.774081194
22.201561449
23.069306931
25.826645467
26.940960260
27.935263710
29.982597556
30.834982478
31.419112942
32.785402320
35.861386139
38.208468469
39.139851485
39.914603960
40.520216004
40.927013103
41.317681219
42.452208969
44.078263986
46.130494850
47.949650009
49.177818432
49.804330689
50.225058626
50.891440216
52.493642936
52.993172676
53.400632619
53.860503919
54.463134818
55.823746562
56.751238237
59.036883217
60.028037206
61.214597680
62.684230882
63.517369834
64.654218388
66.683689525
68.542704571
69.853225826
71.976716990
73.509836486
74.250928649
75.630820679
76.525799428
78.274758313
79.108480929
80.060952390
81.224172926
81.964098654
82.755303370
83.728780286
84.258651850
84.703757792
85.104137319
85.545216678
86.104053000
86.784282122
87.597903966
88.838094560
90.969996969
91.687863170
92.156662755
92.577324170
92.975829824
93.417788613
94.156128740
94.844624695
95.452462789
96.731575315
97.467692547
Case #31:
6.456525083
13.145451473
20.182140566
22.642953050
25.531670135
29.095336142
31.737084877
35.186693633
37.886384074
44.578292788
49.165302274
54.779114610
63.477318679
65.810601674
68.703164225
Case #32:
2.782477591
4.094712755
5.275715337
6.526906095
7.862519578
9.302370969
10.839362659
12.319524294
13.730039536
15.079902356
16.376323006
17.625187176
18.831373529
19.998979578
21.131486330
22.233455938
23.354343191
24.520334772
25.737357896
27.012764234
28.355860904
29.778726778
31.295334404
32.842431743
34.374754899
35.740119305
36.941111864
38.003259343
38.944104583
39.867554427
40.888743333
42.048024700
43.423538961
45.217424271
47.249925836
49.178031194
51.858219146
53.554121075
54.652899108
55.531911779
56.300669588
57.142120036
58.157304025
59.542064855
63.008335843
65.033191341
66.436321819
67.539741078
68.545910272
70.217871907
77.495814653
79.212790301
80.352084867
81.511766912
83.822153515
85.968221117
87.279907822
88.315933244
89.200394582
89.992746760
90.719735077
91.395279774
92.028966163
92.627727761
93.201106662
93.806699665
94.466933318
95.179081417
95.956199274
96.820173670
97.808905959
Case #33:
11.490654642
19.493683093
33.591728287
40.360513514
50.125709159
67.260249551
73.742077139
86.222346903
137.494400016
161.538423753
175.653456899
187.961124121
210.779305980
222.251422956
230.343856380
239.009633623
246.769242553
258.387058447
281.351786427
317.154571551
340.572519028
356.117615648
363.092069832
372.186254339
407.310031513
419.256438658
433.349271628
448.854376611
466.117444963
477.949838838
487.631191318
501.645004035
512.864858782
520.771088671
538.626334093
Case #34:
5.944139058
11.932030292
17.964654286
24.043028808
30.168210817
36.341298606
42.563434103
48.835805338
55.159649089
61.536253732
67.966962303
74.453175804
80.996356765
87.598033095
94.259802248
100.983335740
107.770384044
114.622781912
121.542454171
128.531422034
135.591810000
142.725853394
149.935906638
157.224452323
164.594111201
172.047653190
179.588009542
187.218286313
194.941779311
202.761990737
210.682647745
218.707723207
226.841459004
235.088392247
243.453384864
251.941657121
260.558825726
269.310947303
278.204568195
287.246781766
296.445294611
305.808503449
315.345584877
325.066600708
334.982622342
345.105878549
355.449932286
366.029893842
376.862679866
387.967330966
399.365404931
411.081468813
423.143722073
435.584796144
448.442795608
461.762676693
475.598107151
490.014030426
506.700495672
526.450721268
552.325558326
591.316703551
611.831009145
627.610298598
640.642100258
646.566248717
660.786300733
670.861474902
686.791613887
702.238465614
715.814126761
728.062837793
737.687502119
750.781380677
763.643127860
771.621895055
782.565637449
797.485165340
804.151467597
810.716377994
817.234069781
823.705547406
830.131780200
836.513704077
842.852223121
849.148211084
855.402512790
861.615945459
867.789299955
873.923341957
880.018813073
886.076431880
892.096894920
898.080877629
904.029035224
909.942003539
915.820399822
921.664823482
927.475856805
933.254065632
Case #35:
0.596139773
2.193600052
3.495400089
4.368226209
4.886991581
5.325528876
5.889079738
7.116926476
9.129714588
9.784372149
10.187299815
10.798791502
12.763717418
13.788017484
15.272277228
16.802088997
17.822106059
19.818496822
20.888602831
21.651296854
22.845295172
23.771747627
24.854311048
25.597583003
26.803236752
27.527608474
28.170646384
29.062352031
31.380201768
32.011161974
32.525858804
33.212565074
34.599009901
36.136781566
38.091423117
39.358942625
40.831925490
42.072719820
43.610662248
44.149649253
45.210746724
46.089459496
46.913023389
48.137282220
49.026384600
49.592059504
50.003964325
50.417922158
50.989167582
51.615902283
52.111915351
53.045243899
53.809393738
54.217285436
55.163366337
57.747831808
58.581486756
59.526459449
60.059628160
60.540538601
61.055106165
61.683584211
62.619801400
64.246685018
64.906451563
65.341183171
65.855085068
66.578582667
67.787434926
68.541584158
69.324227644
70.741033769
71.364049893
71.875538928
72.375618930
73.109429339
74.364770337
74.978791724
75.529421365
76.410608544
76.936499688
77.391960847
78.087592724
79.189130010
80.561243433
81.259395803
82.194302876
82.906258757
83.543111778
84.921412923
85.655488951
86.069244662
86.565572799
88.039219420
89.516220664
92.611372357
94.094059406
95.789655573
97.459803003
98.118911354
Case #36:
7.226248758
14.464522031
21.714880046
28.977383534
36.252093736
43.539072413
50.838381843
58.150084837
65.474244740
72.810925437
80.160191363
87.522107506
94.896739416
102.284153211
109.684415584
117.097593809
124.523755751
131.962969870
139.415305230
146.880831507
154.359618995
161.851738614
169.357261920
176.876261111
184.408809034
191.954979196
199.514845771
207.088483608
214.675968242
222.277375898
229.892783506
237.522268704
245.165909854
252.823786045
260.495977104
268.182563611
275.883626902
283.599249082
291.329513036
299.074502437
306.834301759
314.608996287
322.398672128
330.203416220
338.023316347
345.858461147
353.708940128
361.574843674
369.456263063
377.353290476
385.266019010
393.194542691
401.138956489
409.099356326
417.075839098
425.068502679
433.077445942
441.102768771
449.144572077
457.202957807
465.278028969
473.369889638
481.478644976
489.604401249
497.747265840
511.678401640
524.790839117
539.827016312
552.222636209
566.275286874
582.396364911
596.879532612
604.799007429
608.623099335
613.857152555
623.408312950
634.386334806
642.533301144
653.355466064
661.020517394
667.065866234
675.301082274
686.164390726
691.337114280
697.825383552
704.617969579
711.977399418
720.360693416
731.895185032
737.775500028
742.661737883
749.965810597
757.452803927
767.346642138
779.270520135
794.714055816
809.390462454
825.616323272
844.776836406
869.473184438
Case #37:
5.399898394
19.009395239
24.591611156
29.284528045
33.572744085
37.570071366
42.273978394
46.838863611
51.339062860
58.356640060
70.430594736
80.167689771
85.896720873
89.802235217
93.596152688
97.716343213
102.265022173
107.412453847
116.518238009
121.514600709
130.793600495
157.794030686
169.499034266
178.069968137
187.393409017
195.272335831
203.871118238
211.089196767
217.711015572
248.169322747
254.423320363
269.892765337
285.808246882
289.031501078
293.256562316
303.833235570
312.249617830
322.106305055
334.198281017
344.459629960
350.991170491
359.489204290
374.405543350
390.648626515
394.757601872
399.617205605
405.024175250
410.331442124
416.968517728
425.816006341
436.559327259
446.944975556
454.752773684
462.206060141
473.001859744
509.651186808
514.388891369
519.002474394
525.181154628
529.966763178
534.135336238
540.432183899
544.724481671
548.604541700
553.173472825
559.023030131
566.484754136
574.254931331
582.114825918
589.761044451
597.062495660
603.646359534
611.196218111
625.713453792
662.840427281
668.072309291
674.825864518
701.183180256
719.116917074
727.129510329
735.519146867
745.139674841
759.575806956
799.639009538
811.980082159
816.317222438
820.427483334
825.334528575
832.626940140
848.979502020
868.335217562
875.452259245
884.335118759
906.281507243
918.662079866
925.049736929
951.560436121
963.558336253
979.097099183
990.487871075
Case #38:
1.695858345
2.196299531
2.833633412
4.594059406
6.621287129
8.403252170
9.005669187
9.572502281
10.492993059
10.941461659
11.345763734
12.515961721
13.934927500
15.417968541
18.155335458
18.907200327
19.425269776
20.586633663
22.345181395
22.879091260
23.267141020
24.238811311
25.645458391
26.312871287
26.942574257
27.609416016
28.455166426
30.053768982
31.747770289
33.288723280
34.120792079
34.750495050
35.414572010
36.373026437
37.849009901
39.763540523
40.997526282
43.643564356
45.236144330
45.904484893
46.448263139
47.047524752
47.677227723
48.342025029
49.721851587
52.149155959
52.996034887
53.670730517
54.444306931
55.231435644
56.018395165
56.615978384
57.046546301
57.452788857
57.882179664
58.358519421
58.991364597
59.714628593
60.424583813
62.435890270
63.095515107
63.763855670
65.227287090
66.000825253
66.622433389
67.459747949
67.992913516
68.593859709
70.578409546
71.271819345
71.838587921
72.449818504
73.946231018
74.996699670
77.102116577
77.836728379
78.263683206
78.874509384
80.732673267
81.892005150
82.507453520
84.146169526
85.212318037
86.167801638
87.685083519
88.383936964
89.347087202
90.680414649
91.180994313
91.741619366
92.416836526
92.892533532
93.329764345
94.218285843
95.431782275
96.672855396
97.112452230
97.491696585
97.854712903
98.229034759
Case #39:
19.766783457
34.669351372
50.228582717
61.290183526
75.423203522
90.496139864
103.002817396
118.876434588
135.675395702
153.711665164
167.586632978
181.797683107
194.833921807
205.040889685
214.601476508
224.114345452
233.580203958
242.999742159
252.373633465
261.702535124
270.987088765
280.227920905
289.425643451
298.580854165
307.694137123
316.766063147
325.797190224
334.788063904
343.739217687
352.651173392
361.524441509
370.359521547
379.156902354
387.917062438
396.640470269
405.327584572
413.978854608
422.594720444
431.175613216
439.721955380
448.234160956
456.712635760
465.157777629
473.569976643
481.949615331
490.297068877
498.612705313
508.860363656
515.937804526
522.404578464
539.006474271
546.691003149
554.613023739
564.340400004
573.619748122
581.690670558
590.052068285
601.636032411
618.879711871
631.599967378
643.535882772
655.008295116
669.399538258
680.082301740
688.372237863
695.852173141
701.318058166
706.707659442
712.166160612
717.696273661
723.300893299
728.983114671
734.746253348
740.593867946
746.529785829
752.558132408
758.683364689
764.910309826
771.244209648
777.690772311
784.256232531
790.947422205
797.771853699
804.737818694
811.854506291
819.132145186
826.582176178
834.217463329
842.052554917
850.104009322
858.390806777
866.934876347
875.761780205
884.901616686
894.390234243
904.270898047
914.596634426
925.433623988
936.866281020
949.005172767
Case #40:
1.249762638
1.993209653
2.739088062
3.511591590
4.300307748
5.105205430
5.927323442
6.788484142
7.747932817
8.913707812
10.544945183
18.841486879
25.435790604
28.173919882
30.823896509
33.036390480
36.774249693
41.004374685
42.848337315
44.993216233
50.030661221
Case #41:
2.138058696
4.129010733
7.136867349
14.726576258
20.895988411
28.639742731
34.411081443
36.731329367
42.716494258
44.725538005
47.400862029
53.156856765
54.735934360
56.340475333
58.747832877
61.717744280
64.674464839
73.623895041
Case #42:
7.546958952
10.447430172
12.709419854
15.471825835
19.204751044
23.817991487
31.470158044
36.525126879
39.914856261
42.383358463
44.824642307
48.358289674
57.832440304
61.045191552
65.812011512
Case #43:
1.693470860
2.456728960
3.164999056
3.844069870
4.522425940
5.270580202
6.120345826
7.128818642
8.335265898
9.831428087
11.934208726
14.424533451
16.257150109
17.203219912
18.217260204
19.810807616
21.642266959
22.738092500
23.599367382
24.353520666
25.186657030
26.033118234
26.841942843
27.617745077
28.364266939
29.085876310
29.925012118
31.320023796
33.361195327
34.327406873
36.075397215
39.834204890
41.708654711
43.035263574
44.122612395
45.112941096
46.058538075
47.985622558
49.975326241
51.794933622
54.052194228
57.386418533
59.741004754
61.446061917
62.857962395
64.246738724
65.948320974
68.119750404
Case #44:
3.574189560
8.667542612
14.561461653
18.996603451
21.313271585
23.087800191
25.186412351
27.901186998
33.232635578
44.069017047
46.911868596
48.742185823
50.196211309
51.440155334
52.545108416
53.551861953
54.510234223
55.523370838
56.664982554
58.595154579
60.932699455
62.847936829
65.006916837
67.542104037
71.024653104
Case #45:
1.385964912
2.771929825
4.157894737
5.543859649
6.929824561
8.315789474
9.701754386
11.087719298
12.473684211
13.859649123
15.245614035
16.631578947
18.017543860
19.403508772
20.789473684
22.175438596
23.561403509
24.947368421
26.333333333
27.719298246
29.105263158
30.491228070
31.877192982
33.263157895
34.649122807
36.035087719
37.421052632
38.807017544
40.192982456
41.578947368
42.964912281
44.350877193
45.736842105
47.122807018
48.508771930
49.894736842
51.280701754
52.666666667
54.052631579
55.438596491
56.824561404
58.210526316
59.596491228
60.982456140
62.368421053
63.754385965
65.140350877
66.526315789
67.912280702
69.298245614
70.684210526
72.070175439
73.456140351
74.842105263
76.228070175
77.614035088
Case #46:
0.152727949
0.308505759
0.467523783
0.629993038
0.796148492
0.966253049
1.140602435
1.319531239
1.503420459
1.692707051
1.887896157
2.089577003
2.298443907
2.515324552
2.741218872
2.977353850
3.225263005
3.486905693
3.764853701
4.062708030
4.389712204
4.759295252
5.194302154
5.750657460
6.730729423
7.713600752
8.075225920
8.348641890
8.577816044
8.779095539
8.960711434
9.136846672
9.334251827
9.565027551
9.855616766
10.265770286
10.812030726
12.062399255
16.566715645
19.536364398
21.923192676
23.976079349
25.805200510
27.478422501
29.134566126
29.963671683
30.474524141
30.879231589
31.238698587
31.611900990
32.005466667
32.423144241
32.869996562
33.353153459
33.883230436
34.400964762
34.810166708
35.157608080
35.464914085
35.743433189
Case #47:
1.050267790
1.685248258
2.186570486
2.614284339
2.993615130
3.338009936
3.655644723
3.951930603
4.234943793
4.514061911
4.789615130
5.061736652
5.330551583
5.596177608
5.858725594
6.121565164
6.412079753
6.750318421
7.172404460
7.820780463
9.091309962
10.400125604
12.688072719
14.838564998
15.391455739
15.781390832
16.106912545
16.494967671
17.173196519
18.055932438
18.871606274
19.674204722
20.554172460
21.575261347
23.336241890
24.959928034
26.069351932
26.969238914
27.746575216
28.440937541
29.074306692
29.660392148
30.212239411
30.772654338
31.353438420
31.956988657
32.586212653
33.244695263
33.936942441
34.668751145
35.447795416
36.300409952
37.966535056
40.659123944
42.011128585
43.077907828
43.987814370
44.794672136
45.582569497
46.570398419
47.526033135
47.978013194
48.383637949
48.921755611
50.023322440
51.143148714
51.732617369
52.181421568
52.518101186
52.794117647
53.034183153
53.270954318
53.520155338
53.783977236
54.065531570
54.375025181
54.726593312
55.144224217
55.690482645
56.529900853
57.476189264
58.278858173
59.167041813
60.324213857
Case #48:
0.400370253
0.828071589
1.289606584
1.794555987
2.358112259
3.007159182
3.798918363
4.916167361
7.112956185
8.217022037
8.896351529
9.457600760
10.306273461
12.843001288
14.369152702
15.491484920
16.453555894
17.463233428
18.244385532
20.148197196
22.833449708
23.620107166
24.386312026
25.145768014
25.898650385
26.645126938
27.441793273
28.872337103
30.165263041
31.455245948
32.950812859
34.458516770
35.751560567
36.901612814
37.852210462
38.754101228
41.147599396
43.339458922
44.476271643
45.485954627
46.433282849
47.334234077
48.204320368
49.388624607
51.273913431
52.332160412
53.135024107
54.034457198
55.753933248
58.360064241
61.435394173
64.534955884
66.051038262
67.761523033
69.430558896
70.801406035
Case #49:
1.133637451
2.959741015
6.000437106
6.765594220
7.327471700
7.908681710
8.532290043
9.209200133
9.955985961
10.800149929
11.794043606
13.066080380
15.338546580
17.057574217
17.743880099
18.512499654
19.402889936
20.502506952
22.131083297
27.041159338
28.836163878
30.288582527
31.586048220
32.769592206
33.864811444
34.888948483
35.854273635
36.769887136
37.663548963
38.593032909
39.566332305
40.590297746
41.673776089
42.828534297
44.070818562
45.428695092
47.040324569
49.163874242
49.969461125
50.508986801
51.077913302
51.682227009
52.337991188
53.135721864
54.275487006
55.984059378
57.624161152
58.767635657
59.700413395
60.532521790
61.376129129
62.240915956
63.128562376
64.040983122
64.980376153
65.949285036
66.950680172
67.988066360
68.967840108
69.881870433
70.810674877
71.755084560
72.909532069
76.679695065
81.599916977
83.761752527
85.404441826
87.001925492
90.264484345
91.074986279
91.693769460
92.491603052
Case #50:
7.453514358
13.806423732
16.894984218
18.327627799
19.766985507
21.216237497
22.675590659
24.145259197
25.828173252
32.091058932
33.794922790
40.887372664
46.608627577
Case #51:
2.261334180
4.475980371
9.223105632
14.197678686
15.901616702
17.396741651
19.087142852
20.738657689
21.614105502
22.328819122
23.047583258
23.854604366
24.880245468
26.611195803
33.845061892
35.113831248
36.056285294
36.842872608
37.601955960
38.525600606
39.496560393
42.579756235
47.994418669
50.992663469
54.534194851
57.684527863
59.680821279
Case #52:
0.324959589
0.658198163
1.000382708
1.352274885
1.714750995
2.088827686
2.475695606
2.876764184
3.293722421
3.728623303
4.184004109
4.663063246
5.169929952
5.710094436
6.265173867
6.718013947
7.099459811
7.435369179
7.738968364
8.018102120
8.277876404
8.521835172
8.752557300
8.971988771
9.188087987
9.412429614
9.646222824
9.890773512
10.144118991
10.391135414
10.630557312
10.863044865
11.090337342
11.324081623
11.568139556
11.824010264
12.094846544
12.403518632
12.783171208
13.278970513
13.773964246
14.252063669
14.742865556
15.260113855
15.874416249
16.706772913
18.740274345
20.041088754
20.868346274
21.432926702
21.801797617
22.098694969
22.380994808
22.659606652
22.934671374
23.206321100
23.474679951
23.739864707
24.001985400
24.261145848
24.517444137
24.770973051
25.021820467
25.270069713
25.515799885
25.759086147
Case #53:
2.533695335
3.648364791
3.961652919
4.216657942
4.471953688
4.728277973
4.985643330
5.244062547
5.503548677
5.764115046
6.025775258
6.288543205
6.552433076
6.817459366
7.085997766
7.403102056
7.855879231
8.952080291
14.519366701
15.289740881
15.860991683
16.364422422
16.819643426
17.238316114
17.628043760
17.994110220
18.340364069
18.669711514
18.984410919
19.314826177
19.719478203
20.271707784
20.994973420
21.791542562
22.501319415
23.147686970
23.745104946
24.303252342
24.828985123
25.327369922
25.802276687
26.280340353
26.952714798
27.648736568
28.114893608
28.625475933
29.379798738
33.454577987
34.362775573
35.196256422
35.600596693
35.872477656
36.096507019
36.325118183
36.568884798
36.831291897
37.117408458
37.435126776
37.798023978
38.233579224
38.819019036
40.491102719
41.258074458
41.711460260
42.068070319
42.371821752
42.640963659
42.885172329
43.115133692
43.365513683
43.652044310
43.997208703
44.465969117
45.320108241
45.773059317
46.085735971
46.483214414
47.974534035
48.808723673
49.413978226
49.999968468
50.575221430
51.140306562
51.695744694
52.242013651
52.779553072
53.308925664
53.831155677
54.346599600
54.855515296
55.358144701
55.854715166
56.345440659
56.830522846
57.286333085
57.659411049
57.979961382
58.296910313
58.670027047
59.147971800
Case #54:
16.809592066
33.013986571
45.060716232
58.445481952
67.701487366
81.400370603
95.522495587
109.230509440
119.980510531
131.022700965
144.622658537
168.631558878
183.863060379
197.978660289
224.707043414
257.010024291
293.846724403
337.922879660
396.671499633
502.313382439
507.185080162
514.299766551
517.865781792
523.032320248
526.698196783
536.754869652
541.210524738
546.733344618
554.838640748
565.462341038
569.387582490
573.174489014
576.221580579
579.304348896
583.938350309
591.601998461
595.798899148
599.326335227
606.181700726
613.435060138
618.116277024
622.063985307
628.126606837
633.378414634
637.354124855
642.908633241
646.225623246
650.453907369
656.801854837
663.850930411
670.232070629
676.572033826
680.162471580
683.347343641
690.633067989
697.459395025
708.373508050
719.450936748
729.162676184
737.915913100
745.948468979
753.413566518
760.416783376
767.034527150
773.324208140
779.330259950
785.087908669
790.625641375
795.966883806
801.131176424
806.135020849
810.992503000
815.715760977
820.315342508
824.800482234
829.179319763
833.459073272
837.646179249
841.746406105
845.764947406
849.706499015
853.575323405
857.375303679
861.109989216
864.782634500
868.396232319
871.953542313
875.457115637
878.909316364
882.312340151
885.668230568
888.978893454
892.246109569
895.471545797
898.656765083
901.803235292
904.912337110
907.985371128
911.023564199
914.028075160
Case #55:
2.073047559
4.710495698
5.865502593
6.265886508
6.661374816
7.061231201
7.465603675
7.874648802
8.288532408
8.707430364
9.131529464
9.561028393
9.996138818
10.437086608
10.884113201
11.337477155
11.797455894
12.264347691
12.738473935
13.220181717
13.709846803
14.212342008
14.775384834
15.446557057
16.332310926
18.690659955
23.968172818
25.305835104
26.078918269
26.726407695
27.345624650
27.977378101
28.628153793
29.311030690
30.153803753
31.253811037
32.982599366
35.708932725
36.819310606
37.640215348
38.322636760
38.919397064
39.496668756
40.143409100
40.895602553
41.832133195
43.021640220
44.371847294
45.964483747
47.099783722
47.800930246
48.384075773
48.988003833
49.625782600
50.303835619
51.030918328
51.819509503
52.688496313
53.669020930
54.819744526
56.281921174
58.856667578
63.048840637
63.634798291
64.067407254
64.500835300
65.004026414
65.628117482
66.490574387
67.592175093
69.070583608
Case #56:
11.509469456
18.158095549
26.212464809
34.662442188
49.408597341
55.239842042
77.130326023
98.372055982
114.610730463
124.898347826
149.450203999
172.940462775
191.360461177
210.401684311
219.500952053
228.995666850
234.947108532
238.937263913
242.595151760
246.275133787
251.577702601
257.395706719
264.268922920
273.042079249
282.136351462
294.408155373
301.384906187
306.660924586
311.935541276
318.521969378
328.102939890
336.741523649
344.215303649
349.999174905
357.842536294
368.192787276
392.085886158
402.010076073
416.423435028
421.572640777
426.358317943
435.190045453
448.642006801
462.403770425
479.611411448
488.695468649
495.294437675
501.295309500
508.551941118
518.592739702
543.828343344
563.841158334
570.190297143
574.698466590
578.490506157
582.009903844
586.324898466
593.204684491
604.355284232
609.560471273
613.450009614
616.803112020
648.044641445
665.519436183
683.505336908
689.238961777
695.683646165
702.298779711
708.680896236
717.588384294
737.278907084
749.257229898
754.116167046
758.984765476
763.585802336
772.504687129
779.242904075
789.473194755
803.208566930
836.183448839
847.496362265
865.755031878
882.381245693
896.679303824
909.095115648
915.731114540
921.472721699
926.296905206
930.756064721
934.972367160
939.117610658
943.465651010
948.900468504
956.543222257
961.483624349
965.064072464
971.845131676
981.441200174
986.105973502
991.906296670
Case #57:
1.888877736
2.985823873
4.487939670
4.953024159
5.359438646
6.905775525
7.810664763
8.331628051
9.291395578
10.282257158
10.949733579
11.829775133
13.237741396
14.519914078
16.162108176
17.499777411
18.093177500
18.595546091
19.071164210
19.644194281
20.785919607
22.032727631
22.616508144
23.105074887
24.306953473
25.198522744
27.478110930
27.950014677
28.332997584
28.926765765
31.191852535
34.736753482
36.782800874
37.448086650
38.128122284
38.656439194
39.067059544
39.650102142
41.679457335
42.132114688
43.212837705
43.985665757
44.679857360
46.480615631
47.992420919
49.137570247
49.685372993
50.130207398
51.222770671
51.918817850
52.377650887
53.313361037
54.078498726
55.832330387
57.027427134
57.730575099
58.180831292
58.552402023
58.878322616
59.194041476
59.689307897
62.244495570
64.688118606
65.669687910
66.452586085
67.179818363
68.224645055
70.080928170
70.790288955
71.194969133
72.042009205
72.712622064
73.031073428
73.377912422
74.844844752
78.581042433
79.148850007
80.095420134
82.627868697
84.225652824
85.076093348
85.871514600
87.238898654
88.106121058
88.709893955
89.232657661
89.763611167
90.279264819
90.664258022
90.978164545
91.308219238
92.061506528
93.926534129
95.936656879
96.446809457
96.881347796
97.279373690
97.685384964
98.102898708
98.539180473
Case #58:
2.726837001
4.568780437
6.104005270
7.446177121
8.575872833
9.704033638
10.862750735
12.785129700
14.845650847
15.275278797
15.993482649
17.473803783
19.199636484
21.359486619
23.445375340
23.885760424
24.196794662
24.495213802
24.786952210
25.072439443
25.352060907
25.626163962
25.895062981
26.159043574
26.418366146
26.673268903
26.923970416
27.170671812
27.413558666
27.652802634
27.888562869
28.120987265
28.350213536
28.576370177
28.799577298
29.019953256
29.238414867
29.455582572
29.671479092
29.886126493
30.099546208
30.311759063
30.522785306
30.732644620
30.941356153
31.148938535
31.355409895
31.560787884
31.765089691
31.968332058
32.188230280
32.491722929
34.006034692
35.351615209
36.270398794
37.116387199
37.943021854
38.751573219
39.543178558
40.318860703
41.079543552
41.826064972
42.559187615
43.307276421
44.595077472
45.792783261
46.750434638
47.572126648
48.303236864
48.968410760
49.582806160
50.152467336
50.630764670
51.038393558
51.440246780
51.873447727
52.346725960
52.873818672
53.431049090
53.937984041
54.404029439
54.837725910
55.244999482
55.630161396
55.996464248
56.346433706
56.682077468
57.005022801
57.316610414
57.617960486
57.910020342
58.193599638
58.469396841
58.738019500
Case #59:
4.769821534
13.938145924
16.210282469
17.287605686
18.118099948
18.884850855
19.641727209
20.389100966
21.127321300
21.856716512
22.577595735
23.298452506
24.103886116
24.871262475
25.563973626
26.272375613
27.505998625
31.534980961
33.821844271
36.313914623
39.078921475
42.204182161
44.116147254
46.116675689
49.016352470
50.092078766
51.053092589
52.296399705
Case #60:
3.750317496
5.063644039
8.443369082
11.735100856
13.797198076
14.877428479
15.457398751
15.905909694
16.303127801
16.706127562
17.119179548
17.583450665
18.147677217
18.794629424
19.519574485
20.360158211
21.381847730
22.492254831
23.707488672
25.090955843
26.186320957
27.115850371
28.056024588
29.117313263
30.363736355
31.949730751
34.406069962
35.742531850
36.921820961
38.053389367
39.135510739
40.177924405
41.361013859
42.392782215
43.254828106
44.221374691
45.551448298
48.575623734
51.560078105
53.911589072
55.916064351
57.692907759
59.305587905
60.851352780
62.630981057
63.965124610
Case #61:
3.087471114
4.541246248
5.659775750
6.603760932
7.435919446
8.188528518
8.880801732
9.525274988
10.130664334
10.703320595
11.248040921
11.768553966
12.267826074
12.748263123
13.211848441
13.660239942
14.094840303
14.516848803
14.927300370
15.327095484
15.717023425
16.097780603
16.469985170
16.834188803
17.190886306
17.540523491
17.883503713
18.220193324
18.550926258
18.876007909
19.195718436
19.510315586
19.820037131
20.125102965
20.425716935
20.722068434
21.014333792
21.302677511
21.587253340
21.868205237
22.145668223
22.419769133
22.690627302
22.958355165
23.223058810
23.484838460
23.743788926
Case #62:
4.740603062
11.220862315
14.244747294
17.721622816
21.268178298
23.530487823
26.515270543
31.036215295
36.016947670
41.312712343
47.387749207
61.745412084
65.664368011
69.859506889
Case #63:
5.244722589
11.045062433
13.882600017
15.842337120
17.492773332
19.566879544
26.918167834
28.732934131
30.381690838
32.037662627
35.734444860
37.683157489
39.470945724
41.196859497
43.045009906
45.896488272
48.810137103
50.846915336
52.621409113
54.803234133
56.947229567
63.619772870
66.878809914
Case #64:
10.187119816
16.044734466
22.242029632
39.489473369
50.362004020
59.483116798
76.230433975
87.763281197
100.188461657
112.843110416
120.608388514
135.188724035
150.419975163
156.551991451
161.570940212
166.336639091
172.485718992
185.351951281
191.783209071
199.618497875
217.707778856
225.394593814
230.972488934
235.269661307
239.596500885
245.121819848
252.725489541
259.360757396
284.298040815
297.356642140
334.937504273
339.650193005
348.989214884
353.135719270
362.019770425
369.122210156
373.539470117
378.290007647
384.854130927
397.238216253
411.849452380
436.675879754
447.047359047
452.038733993
455.879559450
459.387641870
463.926829761
471.174267605
480.014090575
488.523937321
493.284444214
501.130579353
513.271771095
517.085689434
523.522063253
529.671068562
536.031140363
544.300074613
561.663648446
574.308518961
586.498699800
591.928519925
596.855655530
604.904253725
618.787070648
623.258334657
627.411182003
631.810926276
637.369971415
645.186667389
660.205809036
671.874328666
693.702783315
697.124839124
701.194661825
711.365341542
730.380906722
763.563373104
796.902800863
800.296539479
804.651282323
811.834983981
828.859154527
842.579091493
854.985138288
871.075500332
876.757632104
880.129242920
883.779214054
887.770999471
892.229406985
926.588377535
936.216169117
941.537369952
945.806818263
950.605830693
956.756033758
967.038482657
986.944421035
994.601778033
Case #65:
1.051713258
1.497497252
1.839586904
2.134959224
2.450738112
2.809360664
3.235184642
3.791542700
4.611444301
5.671217792
6.933791991
7.937143706
8.784492237
9.458140289
9.928209796
10.338474244
10.771529890
11.234962125
11.744262794
12.318360376
12.990920276
13.761110809
14.596105663
15.515659050
16.552247186
17.766706316
19.303448712
22.087145288
22.754127354
23.076626070
23.414240779
23.867338972
24.579112970
25.608200978
26.742921999
27.954447353
31.139429747
32.088199255
32.725123468
33.257208710
33.851323696
34.553025877
35.366438226
37.566260667
39.119383513
40.009865132
41.032070591
43.370052718
44.613944788
45.116764013
45.578612708
46.062176603
46.570841204
47.106704724
47.604711825
48.049839362
48.522583790
49.110433255
Case #66:
2.140289534
3.262106230
4.385621722
5.726883773
7.342507838
9.491350089
15.212894255
17.740332323
19.162172802
20.272568644
21.215487363
22.049539270
22.805493939
23.501886719
24.153139672
24.821523468
25.538760722
26.317444081
27.176733807
28.148469609
29.281182806
30.387185406
31.508098653
32.688148837
33.932827178
35.253404039
36.665730682
38.192089323
39.865573773
41.739268051
43.908818321
46.584726684
50.507407569
54.282700163
56.440446657
58.123508681
59.551986798
60.815175529
61.959875265
63.014249933
63.996809961
64.920493425
65.794765134
66.643587131
67.510613699
68.399086770
69.310681226
70.247302008
71.211130954
72.204686651
73.230902033
74.293226594
75.395763515
76.543457471
77.742358085
Case #67:
1.193023547
2.431887140
3.726502948
5.085152581
6.518396730
8.040063746
9.668869084
11.431240929
13.089213746
14.285732191
15.289929135
16.262636358
17.243284428
18.232071059
19.229202309
20.234893079
21.249367657
22.272860300
23.305615867
24.355397022
25.542848327
27.013544799
29.187474028
31.023034015
32.619667304
34.676850996
37.341992579
39.615008236
40.112627078
40.671420000
41.574297244
42.298616191
42.915039039
43.516923463
44.230415021
45.148626980
45.866446398
46.432500775
47.046523027
47.732992196
48.525878560
49.498789706
50.809121226
52.558460453
54.071487800
55.132922381
56.472669542
58.646400515
61.722670494
62.780577535
63.782727875
64.749880060
65.731987364
66.893062676
68.331749247
70.231896643
75.708015230
78.181372955
79.498941223
80.344805880
Case #68:
4.885368776
6.941828684
8.655012498
10.102339631
11.326460835
14.859693461
17.939213549
21.495986205
22.936609574
24.038142169
25.056065133
26.035141941
27.125573401
28.293467614
29.415206770
30.495865565
31.547812388
32.619119183
33.718830708
34.849333795
36.013369543
37.214111617
38.455268315
39.741217850
41.077191122
42.469524074
46.121639287
49.216009890
51.284306867
53.644901048
57.274273830
59.960907217
62.553048756
64.187211402
65.533655661
70.944003703
77.219094610
81.437597791
83.404267641
87.578683890
88.355728090
89.111310729
89.972960030
91.003994489
92.334893647
Case #69:
1.794681181
3.104948412
4.935956299
5.844095471
7.584456537
9.718277994
11.415611082
13.223250007
14.226413433
14.880974624
15.475731175
16.918638246
18.745343902
19.255487163
19.750526485
20.246111705
20.663289594
21.023200374
21.407687961
21.935930506
22.544639506
23.001577072
23.445647195
23.979133210
25.206335398
26.127268126
27.476556758
28.156733753
29.336108827
31.394943846
32.179459224
32.980497257
33.739780303
34.388559689
35.168113956
36.590142866
37.046394790
37.414438427
37.769789966
38.120663103
38.631258358
39.738258924
40.329691854
41.875117778
42.804317787
43.652811863
44.743639218
45.174422670
46.151283321
48.379745745
48.921786518
49.375843368
50.158430810
51.644530545
52.106635441
52.638505457
53.761021844
55.997089201
56.752305433
57.165446082
57.906797019
58.923812802
59.554789856
61.370248481
62.100368616
63.327236084
64.167999293
65.051877586
65.718031501
66.153835594
67.030849297
68.853730713
69.396206709
70.254724934
71.105942161
72.797362549
73.649860755
74.294073842
76.947756926
78.833676632
79.979332140
80.735445570
82.282044873
82.946953815
83.487664309
84.024369190
84.545685735
85.044169305
85.577172715
86.205823785
86.814817593
87.493933592
90.274387618
91.532492037
92.033341529
92.575346503
94.494216514
95.260416645
95.886053477
96.567927064
Case #70:
0.668743408
1.333281087
1.993691403
2.650050317
3.328481158
4.464411795
5.646637680
5.961805936
6.219038188
6.480759951
6.748077689
7.021366479
7.301045271
7.587584426
7.881515009
8.197841299
8.660547353
9.919477035
11.088937910
12.065729642
13.098337460
14.505070435
17.942689456
19.624694299
21.017990921
22.244310104
23.793023197
24.968947816
25.590629892
26.109202311
26.616831044
27.144718856
27.695504203
28.272453401
28.879692126
29.522559788
30.208177347
30.946410540
31.751628270
32.646244793
33.711734393
35.499659838
37.208250552
39.486827246
42.110002052
43.048171164
43.716947430
44.292289494
45.013635860
45.973491439
47.236756031
48.566900412
49.069212374
49.507106278
49.962187348
50.436653744
50.933216417
51.455284057
52.007243829
52.594906533
53.226251892
53.912765964
54.652065978
55.424493294
56.234520134
57.088238259
57.993586950
58.961247864
60.006188746
61.150544553
62.429601957
63.906323100
65.438810010
66.078647583
66.515335976
66.869437680
67.184966249
67.515966525
67.872219549
68.260573560
68.691678193
69.183871284
69.775020526
70.571688071
72.523414537
73.387302464
73.908302610
74.364546844
74.905245294
Case #71:
1.542894476
3.941002229
4.624131673
5.113618500
5.598853189
6.133965305
6.738479672
7.449428827
8.367417550
10.069972047
12.466894844
16.924426229
18.356083296
19.323199768
20.144965849
20.872108070
21.531311512
22.138670860
22.704780124
23.237052185
23.740914400
24.220481877
24.678962891
25.118916198
25.542421461
25.951196151
26.346678154
26.730085619
27.104334590
27.507849378
27.970655844
28.522323137
29.230690149
30.493076325
31.716575148
32.060241180
32.369453888
32.686071400
33.010652628
33.343830546
33.686326705
34.039181923
34.429030369
34.898680001
35.490167366
36.239224604
37.461180667
39.674089857
42.108901339
43.801094784
45.011933772
46.007526614
46.873286583
47.649716103
48.359820808
49.018156233
49.634624107
50.231857908
51.092537236
52.936590339
53.507573898
53.915996445
54.276712552
54.671214380
55.120829327
56.336892566
57.319048415
57.860527431
58.323505551
58.915603436
60.146723403
61.570685469
62.441365199
63.224652625
63.957354378
64.648164253
65.323104134
66.172836139
Case #72:
10.751374662
15.537836741
19.534167268
24.874051119
37.708498187
41.980258814
44.688626397
46.846439850
48.694899944
50.338052744
51.832105696
53.211513847
54.499208035
55.711362613
56.992717587
59.337308319
62.538210944
65.027689968
67.138023674
69.002904217
70.692124687
72.247585979
73.696782910
75.058911076
76.348000647
77.574675306
78.747208693
79.872193579
80.954984330
Case #73:
14.199062817
20.615803417
23.742911192
30.476203918
35.367031838
41.857097335
54.629151215
62.904330522
65.656062630
68.527147248
71.745264297
74.910613337
83.508259133
91.159231288
Case #74:
41.181228966
66.931136331
87.388755977
104.891214280
120.438361002
134.568076359
147.609230343
159.780309915
171.235227647
182.087249167
192.422601001
202.308727462
211.799563509
220.939044506
229.763523967
238.303487915
246.584800873
254.629630996
262.457149895
270.084070800
277.525068488
284.793111250
291.899726429
298.855215084
305.668827201
312.348905982
318.903007619
325.338001467
331.660154390
337.875202249
343.988410832
350.004628085
355.928329104
361.763655089
367.514447216
373.184276210
378.776468279
384.294127932
389.740158130
395.117278144
400.428039426
405.674839759
410.859935915
415.985454992
421.053404619
426.065682137
431.024082906
435.930307811
440.785970087
445.592601506
450.351658029
455.064524956
459.732521633
464.356905770
468.938877393
473.479582489
477.980116346
482.441526642
486.864816291
491.250946077
495.600837093
499.915372993
507.514820881
515.562146104
524.811822568
530.836409764
539.910921440
549.325062492
555.257827218
560.490843396
571.693296879
581.515384556
586.958933161
597.598077413
608.752713571
616.103382115
627.297722578
641.753041427
651.997904571
659.631635441
671.358318755
682.717549362
700.049229599
717.468459525
738.605845091
762.019559751
772.660766703
781.861807373
798.394592842
806.690496359
814.800604130
823.325679297
832.336796349
841.927981753
852.228162342
863.422543815
875.794511587
889.818935432
906.414638362
927.914548583
Case #75:
8.696329472
10.826452347
12.357611868
13.618423254
14.715620092
15.740840126
16.859524556
18.232363068
20.225342351
22.015980555
22.856233646
23.789409809
25.106624043
26.633537189
28.119847545
29.696919467
31.522612064
34.600663864
37.355375396
38.670023089
42.131354726
44.325061113
45.633336987
46.601731873
47.459052114
48.709504848
50.143621599
51.695853532
53.401311051
55.316964190
57.547361577
60.148205713
62.109165180
63.501679382
64.643918390
65.636016182
66.525108658
67.423922399
71.594392568
76.604862323
77.819600789
79.329357508
82.607201252
Case #76:
1.477633419
2.176718954
2.884076103
3.735534074
4.734866016
5.657684523
6.534273496
7.480148808
8.532393181
9.737799180
11.195845958
14.389807843
21.907137956
23.960271355
25.180548279
26.357772934
27.694769879
29.282415122
31.357112296
33.190464901
34.063997971
34.866613810
35.782926672
36.884573265
38.386041377
42.060342633
43.878818113
45.206173413
46.303584425
47.245990836
48.080837271
48.838237675
49.536428042
50.187444585
50.799725956
51.379459789
51.931343175
52.459041604
52.965480777
53.453040158
53.923685909
54.390943745
54.878724185
55.395526267
55.961364620
56.594391552
57.346313692
58.655557249
59.941721752
61.033061056
62.019488226
62.994078576
64.010603190
65.074991305
66.194716925
67.379428877
68.641955662
Case #77:
3.919320418
7.217589896
10.120607740
12.737200525
15.133872224
17.358218211
19.442801134
21.411061707
23.285015625
25.356338548
28.041340929
33.030117645
38.981266792
43.480648394
47.227832779
48.948850095
49.990073261
50.825765410
51.555564561
52.211751638
52.812927752
53.381574910
53.956544467
54.540508051
55.133319157
55.735389587
56.347167262
56.969137428
57.601827158
58.245810579
58.901714977
59.570227951
60.252105854
60.948183830
61.659387800
62.386748911
63.131421079
63.894702481
64.678062148
65.483173202
66.311954909
67.166626571
68.049777611
68.964460226
69.914314180
70.903738523
71.938133772
73.024253525
74.170732739
75.388915103
76.694216796
78.108524966
79.653057931
81.257641576
82.904825829
84.598195420
86.341867937
88.140611783
Case #78:
0.439148544
1.048031603
3.145394254
4.683777080
5.823253427
6.582461815
7.278912941
7.929454951
8.542122761
9.124092506
9.715572472
10.337059915
10.993645778
11.692047402
12.441444727
13.254966854
14.152580281
15.167439842
16.362729317
17.880157107
20.166766037
23.538509926
25.530553233
27.194469267
28.636898048
29.928078363
31.107488532
32.199938362
33.222225823
34.185508709
35.074367556
35.893835999
36.658002705
37.376749798
38.057325845
38.705234790
39.325604949
39.925836604
40.508358852
41.075384251
41.684753415
42.403252676
43.326005539
45.006404329
46.240869691
47.123735308
48.039611595
48.992503948
49.987299905
51.197803394
52.623312465
54.082807670
55.437531634
56.149816071
57.007012570
58.643960257
60.919821198
62.149663669
63.101945793
64.077287767
65.077450631
66.103045656
67.020797497
67.801618665
68.493026735
69.121523257
69.747015185
70.395993011
71.071319431
71.776490755
72.515852562
73.294920060
74.120835980
75.000640841
75.944727243
76.969657008
78.100624820
79.411642671
83.535063856
85.354912003
86.546919575
87.503500736
88.383637587
90.411270386
92.510569547
93.975829660
Case #79:
0.960996985
1.860611047
2.709288885
3.514812504
4.283163615
5.019057793
5.726290659
6.407971100
7.066683574
7.704604189
8.323585697
8.925221016
9.510891553
10.081804547
10.639022352
11.183485662
11.716032176
12.238141893
12.755501749
13.269241514
13.779436134
14.284642517
14.778223714
15.260145459
15.731196942
16.193945061
16.664872476
17.148487723
17.645875165
18.158283027
18.687160317
19.236537116
19.831367321
20.491905752
21.246387752
22.151967126
23.369316768
25.863382588
27.505057938
28.591544723
29.463553282
30.205486727
30.861669206
31.483722819
32.145353953
32.858811887
33.638600780
34.537852268
36.040046663
39.364065994
40.536958428
41.409593068
42.136665401
42.773224552
43.346470587
43.872215036
44.360613295
44.818647479
45.251362266
45.662543191
46.055117113
46.431402427
46.793272681
47.144495737
47.506095770
47.884693352
48.283996413
48.711299239
49.173732293
49.681715702
50.252139427
50.915946944
51.743438160
53.008761607
54.309213360
55.126510313
56.094785186
57.110161664
57.910119923
58.591991800
59.204205956
59.874687736
60.691598604
61.839815690
63.288834893
64.480383620
65.977550200
70.173926528
72.015933309
73.258693382
74.263338717
75.132282246
76.042676810
77.134776398
78.600577340
80.181753913
81.930720859
83.114206226
Case #80:
24.422171560
34.780346907
58.068019613
73.019427779
79.202327191
Case #81:
0.844407290
1.610271433
2.359643730
5.199050292
6.500136831
7.148499633
7.682243306
8.158866882
8.593534690
8.995694277
9.371703804
9.726084856
10.062189100
10.382582749
10.689282385
10.983906882
11.267779251
11.541997228
11.807483572
12.065757365
12.333664692
12.620648845
12.931478214
13.291564656
13.833066724
14.686512631
15.289554538
15.775822168
16.195584669
16.575199019
16.925128385
17.268570110
17.653518478
18.102504852
18.634379889
19.301951170
20.279952544
21.086498008
21.646537419
22.087592483
22.541803300
23.076998604
23.763244322
24.996423217
27.040113459
27.822484442
28.581788488
29.705190752
31.328270710
32.430948658
33.618746312
34.984431997
37.132599637
37.784604650
38.141395477
38.490212107
38.856591520
39.243488237
39.654791659
40.098491616
40.744820397
42.322186756
44.192011004
45.244775274
47.567039796
49.173619416
50.391196537
51.889887997
54.070575218
56.808993476
57.396079449
57.808788101
58.162375913
58.674013408
61.408123234
62.869450726
64.028921011
65.171890367
66.300821367
67.416218920
68.518558372
69.727764428
71.136205055
Case #82:
31.022058285
Case #83:
0.564366830
1.195960183
1.926709034
2.826539099
3.961936954
5.271930118
6.865641358
9.095110658
13.750019347
15.934156587
16.528471961
16.964823656
17.346945359
17.719394893
18.083079146
18.438589299
18.786452923
19.127255600
19.462542789
19.792867279
20.119367814
20.452575253
20.796119861
21.151027919
21.518507675
21.899997996
22.297235145
22.712346690
23.147987366
23.607542367
24.095444134
24.617691261
25.182753791
25.803288319
26.499776191
27.309641752
28.318884915
29.413816888
29.853944020
30.183218116
30.574963842
31.150805507
32.107602761
32.802537246
33.273430290
33.814736209
34.534240869
36.950282183
39.584535834
41.455056766
43.403437855
44.563314107
45.031329643
45.430471761
45.835809811
46.247641619
46.666289661
47.092734113
47.547865111
48.050852579
48.620984181
49.294860846
50.154181755
51.478994594
52.825328047
54.658514917
57.393090798
61.163523394
63.128250640
Case #84:
1.609899884
3.741457277
5.885708825
8.125142378
11.462557154
12.680680050
13.725045460
15.050135149
17.366545905
18.798791373
19.752637275
20.511931565
21.357794349
22.361111825
23.668556217
26.083752073
31.000000000
34.684376551
35.698591305
36.539314783
37.400583099
38.298944533
39.241989650
40.300788092
41.576133012
43.319836062
45.218464780
47.255402176
49.503632559
52.947491241
54.360067043
55.839284338
57.551463785
59.613086686
62.046986889
Case #85:
7.094114207
9.930749771
11.412535105
12.571109486
13.594731864
14.527413698
15.389794737
16.195718911
16.955007022
17.674925059
18.370554829
19.097657241
19.870979137
20.700645206
21.601124572
22.594398199
23.716908462
25.037922950
26.726833349
28.899793829
30.097033228
31.136016039
32.242613165
33.432042901
34.726266302
36.159099934
37.787751332
39.724704939
42.271071600
46.308183290
48.275862069
49.690137093
50.804478687
51.748828145
52.583203688
53.338907523
54.034721447
54.682965078
55.323958837
56.358400912
57.705151400
59.424117122
64.743699322
67.430980757
69.207851979
70.411038255
71.377406489
72.213650832
73.068335272
74.003856372
75.048695950
76.253454810
77.726622723
79.821770334
81.574081387
82.560519615
83.346581793
84.140144056
84.975941168
85.861533296
86.965758579
Case #86:
14.318104107
21.377658336
29.127944938
34.032635509
46.493755448
55.454570404
71.309720338
Case #87:
21.467526852
44.059539274
67.973758131
93.473685836
120.924053088
150.855411347
184.093928740
222.061154544
267.635233240
328.911678969
402.210235217
414.151399436
419.216522069
425.028762862
433.573703762
441.196470158
448.625185219
455.214411171
465.902266836
473.039263550
476.072366930
483.416854745
491.850975442
498.995942814
504.413162342
512.654026395
522.157501341
530.914712294
536.281677345
541.704957652
548.855375338
552.284257321
555.540380599
558.819802961
562.123031827
565.450593311
568.803033193
572.180917968
575.584835960
579.015398523
582.473241318
585.959025692
589.473440151
593.017201953
596.591058812
600.195790742
603.832212049
607.501173471
611.203564509
614.940315943
618.712402562
622.520846140
626.366718662
630.251145853
634.175311026
638.140459288
642.147902161
646.199022649
650.295280808
654.438219903
658.629473193
662.870771462
667.163951366
671.510964730
675.913888921
680.374938451
684.896477994
689.481037049
694.131326479
698.850257258
703.640961787
708.506818211
713.451478295
718.478899487
723.593381996
728.799611846
734.102711154
739.508297154
745.022551909
750.652305174
756.405133578
762.289480230
768.314800141
774.491738617
780.832352244
787.350385604
794.061621916
800.984333288
808.139867511
815.553425696
823.255112588
831.281386407
839.677111327
848.498550343
857.817885750
867.730344349
878.366036686
889.910995604
902.648030232
917.046490491
Case #88:
2.830631442
4.267131580
5.986881966
9.096221941
15.310980818
19.796016018
22.308167415
24.537571029
27.339085875
29.418390271
31.228423683
32.232393509
33.282668940
34.662978506
37.023710561
40.423343996
47.257851627
51.240702953
53.548327211
56.890899727
58.462809792
60.413598558
62.532347698
65.076132312
66.570339436
68.787069930
72.459105659
74.654089483
79.293845970
82.433037498
86.318483906
87.373602422
90.131705300
91.691295228
93.662151432
97.269236773
101.125774161
102.593411664
104.525065614
105.407326088
106.382882616
108.721453480
111.157348356
115.112649156
116.514857167
121.819067662
126.993763253
131.235679399
134.233456323
136.494901458
139.886868672
142.227860279
144.648959253
160.212301161
195.168398288
226.697819034
255.645944401
282.558909953
307.813755384
331.683743247
354.374426216
376.045038924
396.821913087
416.807275531
436.085234449
454.725979934
472.788809656
490.324357975
507.376270716
523.982485336
540.176224488
555.986777722
571.440124042
586.559433223
601.365473554
615.876946499
630.110763688
644.082277926
657.805477235
671.293148891
684.557018959
697.607871640
710.455651906
723.109554178
735.578099315
747.869201733
759.990228166
771.948049300
783.749085315
795.399346184
806.904467457
818.269742127
829.500149086
840.600378625
851.574855319
862.427758638
873.163041548
883.784447326
894.295524817
904.699642280
Case #89:
7.888924616
11.144922008
15.028821602
17.536755422
20.282867649
23.351509841
26.892993259
31.231382717
37.026559794
39.950634626
41.955836738
43.942785622
46.363625497
49.276107332
53.216544121
63.970597589
71.797912510
75.509077817
78.002409304
79.924314583
81.578182645
83.472661909
85.896372362
88.859354259
Case #90:
1.191213934
3.415709265
7.617460650
9.936501745
11.656299352
12.794659115
13.863507758
17.346607523
25.913914248
27.113851953
29.141087357
30.648267968
31.716465042
32.677532105
33.962804465
35.959930403
37.655425370
39.801791836
42.772970149
47.497015852
50.254391368
Case #91:
8.926250524
19.235287537
52.182102582
66.907369949
Case #92:
26.759274139
56.539603960
95.172771087
106.610028428
113.961259790
118.221483361
123.163048946
134.642856376
149.281583830
169.223449791
179.171864766
183.654043818
188.176917453
197.186461030
202.379657808
212.157292311
220.209158416
229.682092883
239.292702196
259.563050911
270.680872482
283.952935343
295.333306281
304.757837886
317.623029293
339.751132240
346.589108911
351.995773750
356.769980217
361.539974250
369.858632936
376.002977249
398.522130194
412.147555841
423.288120612
430.634824223
436.778003716
443.581097441
452.936173870
464.595344268
472.824189759
479.148291210
484.861182047
498.789968189
505.068794616
510.818481848
517.020878369
527.745593704
539.813702833
551.120286026
563.638503360
578.519176138
583.963922708
589.402265388
595.882730756
603.587206722
612.897148915
620.332771595
631.305602104
641.876284419
651.003163679
670.059895127
675.845067897
679.998365110
684.329705528
689.108672664
694.435447682
700.572831603
714.162068275
727.950574391
737.116105268
744.250530280
751.172581998
760.785817742
771.552535701
797.110532011
803.717734135
810.497233362
819.849264657
831.055175578
845.961222604
853.360036425
861.288361777
876.160743020
885.219215906
895.201528796
906.874210379
915.282156460
930.770186125
936.972498773
942.634081886
947.028773945
951.395907862
955.998048191
960.877786866
966.092383865
971.721995156
977.884999095
985.095034448
993.574438501
Case #93:
0.450309881
1.098027983
1.787268177
2.361613223
2.864492722
3.348537174
3.938031720
4.629152538
5.310970678
5.982913827
6.645399014
7.303484504
7.992820431
8.726967725
9.515999618
10.374445822
11.322025854
12.350926130
13.437915029
14.358557206
15.142184066
15.836248889
16.465855236
17.046195423
17.587292486
18.098027049
18.656756139
19.351137983
20.399506596
23.982070798
26.803936803
27.713183496
28.403379395
28.996895586
29.526917353
30.010296356
30.457532957
30.875694600
31.269807658
31.643598204
31.999919246
32.341012822
32.668678855
32.984388357
33.292231475
33.596195737
33.896432020
34.197240103
34.514223381
34.851918526
35.215009068
35.610265189
36.048136746
36.546365313
37.140049670
37.922765762
38.804903535
39.512171473
40.118875143
40.658618816
41.153166171
41.664581379
42.218604222
42.828077534
43.513982479
44.315248558
45.322541007
46.537671012
47.223623191
47.778347648
48.271278456
48.719373927
49.134470235
49.541156448
49.945962472
50.348914146
50.750036722
51.149354884
51.546892767
51.942673971
52.336721580
52.729058177
53.119705859
53.508686251
53.896020520
54.281729390
54.665833153
55.048312097
55.426235719
55.797997308
56.166902689
56.557249544
56.979701278
57.443785298
57.964948206
58.571499896
59.277683674
59.816455150
60.279796264
Case #94:
5.277371832
11.263494169
18.355526307
27.570178529
Case #95:
1.353956703
2.611429755
3.742910435
4.674214742
5.479288391
6.198743420
6.855191908
7.486549926
8.158685285
8.961005394
10.121662579
13.029472563
25.543854342
30.164589671
31.878555174
33.425508904
35.167163726
37.084266328
38.695298994
39.924656649
41.262108693
42.610305639
43.905603807
45.155561827
46.524782081
48.248514541
51.007675090
53.255702006
54.133391367
54.893528546
55.737749189
56.987284195
58.072921661
59.149936670
60.599032909
62.858167535
Case #96:
1.152013625
1.956087508
2.755509636
4.050732081
6.424811407
7.214115160
7.963400418
8.777777778
9.677892795
10.698356054
11.906183439
13.471793373
16.001524249
18.331751208
19.533570571
20.343218123
20.997968360
21.562813340
22.067781312
22.580536174
23.144719592
23.779843204
24.522171616
25.456449327
26.983756594
31.385066566
33.269894018
34.718420298
35.959743269
37.063429992
38.067108067
38.993860691
39.906207057
41.199700251
44.180683569
45.270867616
46.346637668
47.611829456
50.151582731
55.268994665
56.192277501
56.852802232
57.395875418
57.868113514
58.306766126
58.765193327
59.287068357
63.403908647
66.394588208
68.033024545
69.037470188
69.940996839
70.769022321
71.572646210
72.474279176
73.537599366
74.932385232
78.294633816
79.386596767
Case #97:
2.765688446
3.804083541
4.606022457
6.168688887
7.373280091
8.137337474
9.953951323
10.769352982
11.425329626
12.601324561
14.165677339
16.203299431
22.355235277
26.438627020
27.791501849
28.675079809
29.749812755
30.718851338
31.686695291
32.855246547
35.494201753
36.255422726
36.819516408
37.343699274
38.461514297
40.917886681
41.770366349
42.429934241
42.988247858
43.744152872
45.562745390
46.852695956
48.985557523
51.498909005
52.810715313
53.298248831
53.830637491
54.463586690
55.287353362
56.688742006
57.865751064
58.299520669
58.919440701
60.420301611
62.809723673
66.146319393
67.317078271
68.351664249
69.694192982
70.935727871
71.564187171
72.045368577
72.612487308
74.499060273
75.368194355
78.613773713
80.382484066
81.103614255
81.704819108
82.508683583
84.706872012
85.622213599
86.451662602
88.108764557
89.080204095
89.922247223
91.864206262
93.224970430
93.907082076
94.451784161
94.936479060
95.519837817
98.302939952
100.036483880
102.305450750
103.947067172
105.969386290
107.329430248
108.027601852
111.523438918
112.943576156
113.974362679
115.318262470
118.159644341
121.815736210
124.459187231
125.771017847
126.526707337
127.112551540
127.647143681
128.169289491
128.860055457
129.810494609
130.609450043
131.361804565
134.797652337
135.412239274
136.260126218
137.791478821
138.930005199
Case #98:
1.052661354
2.368225766
4.453198988
8.061396152
9.283401133
10.573291217
12.562308586
15.266387294
15.953050708
16.618354155
17.799738402
18.918244748
20.696885661
22.602737584
24.074582169
25.559288726
26.679862119
27.575846043
28.344627757
29.028661499
29.651005234
30.225840492
30.762627006
31.268048339
31.747034073
32.203343661
32.639921897
33.059173056
33.465659012
33.861978547
34.248319190
34.623617377
34.988624949
35.355725293
35.739682191
36.143071891
36.569182512
37.022349455
37.508492003
38.036065525
38.617907068
39.275279524
40.047960217
40.816573198
41.505099099
42.180546915
42.846098432
43.502176296
44.154346189
45.002137327
46.440035147
47.708349528
48.682981830
49.505115616
50.229660832
50.884831470
51.487406534
52.048326568
52.575194943
53.074098116
53.579499286
54.112822285
54.679279808
55.289517135
55.988367532
56.864895833
58.244383158
59.075141873
59.729174161
60.408749012
61.117115510
61.858276193
62.637257026
63.460516164
64.336590138
65.279237006
66.352153489
67.659332078
69.496396510
70.846921256
71.552118682
73.554455700
74.530750148
75.132227571
75.601576907
Case #99:
6.263294236
12.585589981
18.968586751
25.414067251
31.923903195
38.500061649
45.144611981
51.859733460
58.647723611
65.511007397
72.452147338
79.473854695
86.579001841
93.770635990
101.051994478
108.426521784
115.897888588
123.470013119
131.147085187
138.933593284
146.834355275
154.854553263
162.999773345
171.276051137
179.689924098
188.248491975
196.959486930
205.831355335
214.873353689
224.095661770
233.509516943
243.127374696
252.963101926
263.032211548
273.352149756
283.942651148
294.826182400
306.028503076
317.579383735
329.513538891
341.871859028
354.703067915
368.065999751
382.032805436
396.693598196
407.101589645
425.851962925
438.967183187
449.053670978
458.911910931
473.332428247
482.573693002
493.973529179
504.284057481
519.691563844
530.109811752
543.441893251
550.969083318
565.329981617
579.307772535
592.931572998
606.226988538
619.216678999
631.920812208
644.357431568
656.542756749
668.491431772
680.216731321
691.730733570
703.044465938
714.168028778
725.110700953
735.881030441
746.486912483
756.935657300
767.234049043
777.388397316
787.404582387
797.288095006
807.044071601
816.677325485
826.192374613
835.593466355
844.884599651
854.069544889
863.151861788
872.134915518
881.021891265
889.815807430
898.519527602
907.135771456
915.667124672
924.116048009
932.484885587
940.775872486
948.991141718
957.132730636
965.202586831
973.202573579
981.134474858
Case #100:
5.238446156
10.898503571
13.825074044
15.719310068
18.123546219
23.560306618
26.190817507
33.290821523
40.239599913
43.964419845
47.478291388
51.137588755
57.167124857
58.744478935
62.083326544
64.610969840
67.101183984
70.134555646
76.020261377
78.848195269
85.265711177
92.067114838
95.792815956
97.268378215
98.983494280
101.622121990
107.037478476
109.984133145
114.966636101
118.409027033
123.312699289
126.665295513
130.398678049
134.325078127
136.145061996
137.984983712
144.139691012
145.813893494
158.411848018
170.417519772
182.441077333
194.482600881
206.542171191
218.619869649
230.715778253
242.829979620
254.962556997
267.113594261
279.283175931
291.471387170
303.678313800
315.904042299
328.148659815
340.412254172
352.694913876
364.996728122
377.317786805
389.658180524
402.018000591
414.397339039
426.796288631
439.214942865
451.653395987
464.111742994
476.590079647
489.088502477
501.607108795
514.145996700
526.705265088
539.285013661
551.885342937
564.506354259
577.148149805
589.810832596
602.494506508
615.199276280
627.925247525
640.672526740
653.441221319
666.231439556
679.043290667
691.876884790
704.732333003
717.609747332
730.509240764
743.430927258
756.374921757
769.341340199
782.330299528
795.341917713
808.376313750
821.433607684
834.513920616
847.617374720
860.744093253
873.894200570
887.067822140
900.265084557
913.486115552
926.731044014
