30
5
100 100 1
140 100 1
100 130 1
100 500 1
150 500 1
8
100 100 1
110 100 1
100 110 1
110 110 1
200 200 1
210 200 1
200 210 1
210 210 1
4
100 100 1
200 100 1
200 103 1
300 103 1
40
114 147 1
114 113 1
840 565 1
130 145 1
845 540 1
110 145 1
110 115 1
135 140 1
103 136 1
105 140 1
105 120 1
820 565 1
847 544 1
824 533 1
847 556 1
119 112 1
836 533 1
135 120 1
824 567 1
813 544 1
848 549 1
812 551 1
130 115 1
815 540 1
126 147 1
831 568 1
102 131 1
815 560 1
138 129 1
121 148 1
137 136 1
845 560 1
103 124 1
820 535 1
813 556 1
836 567 1
137 124 1
840 535 1
829 532 1
126 113 1
39
216 773 61
90 852 46
773 68 90
926 636 75
259 450 91
254 25 87
910 797 56
438 738 8
997 468 74
854 304 98
342 871 22
803 960 73
938 10 27
441 782 2
48 219 39
655 215 58
528 69 62
778 410 32
24 812 28
315 749 37
594 912 4
322 217 76
426 657 57
775 591 57
877 505 4
532 178 21
578 724 90
34 647 27
403 824 42
12 460 32
116 589 62
987 58 16
413 954 27
486 276 68
407 496 15
647 334 30
739 447 14
224 949 72
10 538 36
38
539 45 90
703 135 89
617 397 93
377 525 44
619 224 5
459 799 5
30 525 9
137 744 99
858 946 90
260 955 79
996 846 23
573 516 6
318 245 83
469 322 57
934 191 77
53 303 26
584 964 41
101 96 82
977 412 11
847 381 15
337 51 47
300 500 22
451 544 6
275 798 14
851 644 46
396 830 46
596 813 11
965 439 8
930 641 4
524 622 80
686 571 37
998 727 26
887 416 34
363 689 15
230 573 46
902 16 14
705 738 99
307 806 17
40
95 511 6
293 266 24
415 567 49
760 483 61
231 79 11
956 654 82
95 336 17
687 736 17
795 186 76
363 281 38
20 925 56
643 340 22
644 451 4
704 682 34
267 989 87
148 83 23
716 122 10
585 854 89
882 362 7
972 381 31
4 74 54
189 692 94
850 907 50
899 497 3
873 731 16
960 875 59
383 861 47
939 984 25
303 527 9
52 548 14
50 384 25
544 675 8
769 781 73
98 178 28
826 62 3
834 303 47
523 248 9
730 368 41
948 226 32
734 990 90
39
580 289 94
514 811 93
122 893 60
862 347 76
36 52 51
221 117 74
583 961 23
577 75 46
764 520 97
394 890 38
796 111 6
170 693 66
883 254 17
579 709 10
299 637 8
416 681 10
101 101 19
769 31 27
78 549 6
808 848 78
15 264 10
625 704 33
213 815 57
618 408 13
695 53 11
226 555 77
464 536 7
165 290 61
255 405 50
865 121 28
401 594 50
802 973 47
3 837 19
337 650 17
286 228 42
410 392 12
800 655 42
84 390 14
695 793 11
38
631 594 10
404 914 43
101 801 43
740 511 73
423 113 38
615 264 44
408 786 35
850 327 15
872 410 4
285 457 97
595 87 90
493 682 18
917 105 31
755 71 46
598 831 83
784 680 10
950 551 71
502 781 14
298 687 97
804 201 5
50 151 35
432 286 67
493 588 17
964 741 4
758 685 10
554 989 40
318 318 39
144 958 58
807 852 77
202 79 62
328 931 27
574 365 22
539 540 25
5 741 55
818 259 28
941 834 51
37 26 21
727 362 1
40
532 465 39
541 145 21
719 70 86
740 608 25
465 965 18
619 134 28
801 336 24
408 724 49
81 802 63
681 334 27
72 226 23
6 148 16
323 119 50
715 969 62
591 729 38
753 841 24
832 264 50
346 436 77
514 717 15
641 783 35
102 373 15
991 216 75
330 968 68
353 799 31
147 550 74
950 825 97
2 919 56
343 590 38
973 577 52
986 962 23
156 657 13
286 610 6
778 492 4
171 198 77
534 843 7
682 490 78
612 380 15
897 302 12
837 835 6
895 979 33
39
563 980 89
73 232 67
781 913 8
659 599 63
410 166 58
834 158 39
611 122 70
77 18 71
893 453 88
783 572 15
291 582 13
300 786 60
470 862 29
292 249 35
936 369 5
452 620 66
266 910 47
30 814 89
749 327 50
589 439 12
75 388 57
412 732 33
676 730 7
264 40 81
286 984 17
465 6 29
529 331 72
573 738 39
903 95 20
316 411 47
248 388 24
766 69 30
819 999 20
287 656 15
165 622 96
513 487 33
946 215 4
780 940 15
972 969 75
38
561 626 39
723 620 54
218 159 9
451 331 28
502 689 34
381 156 28
368 263 24
745 712 37
619 474 18
587 719 24
213 262 15
795 582 2
445 730 17
285 440 47
298 168 9
254 187 2
545 759 6
135 341 15
523 847 8
308 225 2
555 823 17
676 510 24
261 316 21
166 422 18
635 765 5
598 830 20
201 214 24
712 744 7
813 704 21
385 219 20
419 130 2
743 815 30
171 343 7
668 713 4
117 380 2
649 572 17
350 208 6
145 175 11
40
300 673 46
280 821 70
839 311 66
117 797 50
188 667 53
379 737 45
770 500 3
719 439 2
394 665 11
151 586 12
915 401 40
704 297 50
355 664 1
899 480 21
779 237 10
814 539 11
789 400 35
659 502 54
253 593 23
97 703 34
785 612 10
802 574 5
593 463 4
701 567 19
256 539 18
663 399 26
835 464 7
967 450 11
170 886 12
732 578 13
758 600 14
312 731 6
606 404 17
676 566 2
350 685 4
802 445 11
734 386 16
101 606 17
831 227 3
960 393 1
39
671 777 78
912 781 16
342 361 47
256 427 21
223 283 90
456 466 31
742 605 24
841 559 16
571 660 21
416 408 13
420 206 35
841 846 5
788 665 51
517 329 12
882 622 14
380 272 29
359 508 6
488 399 3
482 308 7
592 695 7
863 660 5
660 566 20
232 487 27
579 744 9
189 455 19
812 786 29
363 116 2
754 885 8
935 821 4
341 218 37
856 760 7
615 573 25
156 452 8
510 296 4
787 842 30
529 385 1
375 168 7
790 884 2
239 404 1
38
481 709 28
609 800 76
783 674 13
251 342 48
699 650 5
578 696 7
185 222 69
721 594 8
374 299 50
170 328 8
109 504 1
180 387 11
545 615 45
333 379 5
414 393 9
318 343 16
31 321 18
719 851 11
79 259 2
212 505 38
165 434 1
575 531 24
168 295 5
740 528 18
726 794 36
645 643 23
263 442 1
754 691 12
810 698 1
125 392 37
331 462 28
615 711 13
123 489 3
815 748 29
509 837 1
354 216 9
268 415 13
32 298 2
40
280 651 77
760 389 64
503 448 7
617 526 36
437 696 33
908 295 2
673 499 26
882 476 38
286 895 49
116 668 43
638 204 33
805 525 10
814 452 14
656 296 37
161 746 37
121 791 19
865 403 31
550 504 7
718 569 35
432 617 4
395 950 3
338 851 15
821 254 74
849 512 2
596 437 22
411 598 15
639 370 7
492 382 16
534 325 33
405 677 3
197 820 26
184 666 11
919 437 5
581 278 30
402 852 8
202 687 3
353 740 15
274 818 9
837 336 6
342 811 19
39
716 718 44
802 590 78
363 339 41
377 212 79
160 294 56
237 351 5
175 487 69
69 251 8
921 786 9
727 811 32
456 179 2
676 642 17
590 578 70
911 705 48
925 809 12
762 510 5
278 529 41
320 418 15
102 403 9
226 387 26
914 561 8
306 462 3
479 350 52
618 674 5
661 827 32
759 882 5
863 774 24
78 481 4
406 500 34
758 797 2
309 379 15
80 306 12
281 271 24
267 193 5
679 902 26
85 377 2
800 913 22
921 822 1
132 355 4
38
744 496 10
432 310 61
590 874 25
751 720 5
418 126 23
781 589 15
681 670 80
399 406 11
758 795 60
626 555 42
326 221 69
357 370 2
753 549 24
146 228 12
535 795 20
795 516 1
900 627 6
754 897 42
548 316 23
630 780 38
468 238 14
240 362 31
380 147 13
821 683 2
767 701 8
532 680 6
874 794 43
238 414 1
866 569 21
805 707 25
916 733 19
845 732 16
538 758 17
350 475 4
663 882 3
543 616 14
334 413 31
578 714 32
40
298 522 52
151 517 86
663 239 5
686 334 7
727 280 11
691 431 27
176 384 38
347 412 30
896 254 3
800 344 35
789 459 7
255 283 23
293 587 8
721 492 19
777 202 52
201 432 4
273 458 12
249 382 4
600 388 32
47 369 5
590 256 8
786 388 11
727 372 21
261 594 7
109 305 2
695 153 13
72 293 10
316 445 15
672 207 3
701 219 9
638 320 35
364 348 14
756 265 8
650 454 10
106 351 27
86 434 14
40 398 9
651 150 3
187 253 16
597 270 6
39
790 619 15
212 581 35
712 811 41
845 600 11
317 321 61
488 486 12
403 386 27
168 373 40
885 800 11
319 502 72
802 804 20
691 636 22
464 382 20
751 685 48
405 462 15
657 537 9
593 759 31
821 723 29
628 601 36
678 545 2
878 674 18
467 460 11
474 536 21
830 863 45
556 677 24
652 859 14
287 418 2
615 865 17
173 517 37
618 666 27
842 796 9
394 636 4
559 829 6
707 905 49
501 435 7
616 558 8
866 753 18
402 604 9
776 561 17
38
171 427 38
511 514 26
483 640 18
595 408 2
353 476 87
192 589 39
577 505 39
486 386 43
588 614 20
457 543 35
305 592 37
399 629 2
300 682 24
136 471 6
328 352 31
133 582 13
185 505 26
541 584 15
244 379 26
234 531 25
210 394 11
554 631 6
496 692 15
456 332 11
363 682 25
273 545 14
545 430 22
246 679 10
201 659 25
417 391 9
447 634 1
290 387 13
523 614 16
418 635 7
624 555 8
282 356 14
477 498 1
366 627 29
40
118 454 45
604 403 64
358 611 98
704 508 12
268 211 94
529 336 36
380 167 25
72 354 14
461 289 45
553 229 39
231 326 8
87 287 9
306 468 7
531 618 49
711 347 11
248 507 47
456 407 29
47 452 9
620 573 31
364 409 61
500 550 3
707 397 6
502 556 2
177 418 22
596 288 24
487 553 10
488 449 2
273 66 26
636 528 4
716 321 8
455 163 27
525 499 44
167 198 4
86 255 19
688 589 4
356 718 3
409 717 7
264 321 15
453 697 11
411 226 7
39
140 417 58
306 648 36
460 449 86
548 540 4
376 640 15
652 542 97
282 472 89
506 578 8
71 573 8
647 653 5
569 694 32
249 306 34
187 305 20
93 340 7
443 577 15
193 700 10
531 759 17
99 494 5
87 479 12
496 807 5
378 518 13
359 626 3
468 597 9
230 602 21
267 603 12
626 706 14
466 768 19
664 656 12
600 375 14
126 661 12
154 517 14
621 414 13
314 365 21
151 581 9
595 749 26
469 677 12
547 599 12
500 697 15
349 278 26
38
701 470 67
333 365 14
541 424 49
174 509 32
747 565 22
418 597 18
241 822 13
599 492 35
364 708 77
374 542 37
227 528 11
450 528 35
481 262 34
483 474 11
537 715 65
130 448 18
193 791 11
399 842 40
276 282 9
219 650 12
550 592 39
356 425 18
299 389 16
170 751 32
451 423 32
622 291 45
266 526 2
478 900 19
278 659 17
540 814 1
738 315 1
91 476 1
711 681 37
543 552 1
553 819 9
159 655 23
427 353 11
657 644 2
40
138 313 16
178 190 21
330 248 26
321 508 90
741 821 78
151 441 70
612 490 26
608 600 7
225 273 44
421 362 70
622 898 13
420 224 40
811 529 30
503 844 28
724 574 26
494 599 22
628 576 3
819 671 13
446 528 30
552 561 44
613 757 47
440 741 52
816 762 4
216 146 6
616 926 1
65 407 6
526 670 32
849 628 11
664 682 21
517 341 11
805 562 1
726 487 38
166 280 5
271 359 22
696 653 10
671 453 5
338 288 3
508 754 17
61 377 13
115 511 6
39
444 834 26
624 682 5
681 672 18
506 570 6
504 919 51
591 769 10
553 832 44
579 721 27
388 620 27
322 749 77
592 625 45
463 753 36
425 914 15
655 664 1
492 649 40
658 791 42
653 618 2
340 555 9
565 761 13
520 740 4
556 591 1
704 725 3
528 691 5
567 891 11
344 902 41
343 598 10
429 723 4
358 647 4
423 558 11
506 723 5
601 803 11
351 631 8
680 729 8
391 888 8
300 617 10
406 662 2
377 677 13
674 623 4
285 851 1
38
631 643 77
468 429 16
366 610 65
557 385 2
441 694 32
502 597 19
504 767 28
528 689 24
417 517 17
460 369 18
602 483 5
381 726 9
359 464 40
499 818 13
555 429 18
550 786 14
700 810 70
525 493 21
748 712 3
757 567 7
479 668 7
791 748 15
765 600 4
792 797 8
450 451 10
443 579 8
412 414 1
689 577 3
698 702 7
480 695 3
772 698 14
786 626 24
625 520 18
451 619 10
613 455 12
348 715 13
524 420 8
551 855 30
40
337 681 13
463 810 16
764 526 91
487 460 5
418 210 14
652 335 19
405 288 34
247 407 72
266 676 51
528 274 5
703 709 17
410 597 81
411 478 2
574 254 32
650 429 25
279 585 28
574 464 10
632 668 62
553 765 2
757 671 13
383 412 12
779 398 32
560 615 3
737 319 34
707 284 3
346 477 42
405 343 6
282 280 25
318 615 12
434 355 23
203 590 3
480 795 5
371 798 16
727 374 10
724 755 13
246 518 22
639 300 9
626 243 18
508 351 8
273 750 3
39
581 490 40
410 339 34
515 536 28
400 201 50
440 444 46
692 520 49
476 599 27
487 175 7
609 564 31
339 370 2
335 500 3
453 343 3
702 354 9
592 648 34
381 593 14
651 596 21
507 465 1
362 535 32
762 471 2
672 400 9
529 606 26
499 570 4
599 372 68
503 304 28
274 433 30
338 416 31
412 576 17
533 240 27
317 197 26
544 454 11
466 193 9
442 377 1
512 434 16
329 308 28
288 254 34
508 668 8
229 382 32
291 508 18
239 245 4
38
520 750 10
259 489 79
345 658 44
478 672 39
333 413 4
467 745 4
190 672 19
107 461 18
360 597 9
400 828 59
90 623 14
207 375 33
88 527 10
208 596 17
515 510 2
529 577 32
454 733 4
207 768 4
458 743 5
68 578 14
436 502 51
230 330 2
550 691 21
196 563 10
208 703 16
309 740 26
364 449 5
120 411 8
236 721 6
278 821 22
334 813 1
519 820 32
251 746 3
73 440 8
303 564 6
165 693 3
229 645 27
183 417 3
