1
16 2
109 46
819 796
799 826
371 334
511 473
571 555
840 823
638 647
996 1011
807 798
553 531
860 838
954 951
542 577
856 815
513 509
16 9
391 375 436 400 429 430 403 357 347
208 224 231 211 183 188 207 230 216
220 207 171 151 130 96 76 57 58
843 837 850 862 854 859 863 848 859
707 735 677 645 599 555 480 566 615
969 992 981 976 981 968 991 984 984
945 898 938 954 1027 1051 1137 1071 1037
835 814 806 831 826 806 790 771 748
798 881 897 851 823 890 831 758 814
971 979 1035 1027 1060 979 972 994 1044
895 812 822 750 718 798 867 784 754
938 896 882 861 846 819 793 790 753
965 957 1018 935 885 972 1017 1058 1106
78 21 61 46 96 100 48 101 75
354 392 382 426 425 446 411 377 415
669 636 662 603 577 661 648 652 701

16 8
742 728 746 733 703 717 744 719
658 670 762 722 700 610 532 445
192 205 169 159 187 184 176 199
747 777 827 822 855 938 906 927
974 984 1010 990 1013 1003 1023 1007
134 181 127 60 105 96 162 113
195 159 152 133 147 158 125 93
715 643 717 789 870 771 818 799
259 266 291 304 295 323 302 282
783 826 875 910 961 1020 986 1023
514 536 558 556 575 564 579 547
743 687 698 697 619 595 544 609
167 141 126 140 131 106 117 121
484 505 525 522 550 522 499 490
932 971 980 984 952 995 1053 1053
445 463 433 415 392 378 394 429

16 3
579 537 573
333 340 376
892 946 896
856 930 943
223 226 236
79 58 76
107 97 106
893 870 826
834 875 929
272 246 200
341 350 348
700 693 709
644 638 644
125 102 117
478 477 478
71 44 104