9
0.000002 1.000000 0.000001 0.000260 0.068965
0.000001 1.000000 0.001006 0.000067 0.068965
0.000118 1.000000 0.000011 0.000506 0.068965
0.000016 1.000000 0.000321 0.000024 0.068965
0.000001 1.000000 0.000124 0.000001 0.068965
0.000211 1.000000 0.001520 0.001856 0.068965
0.000010 1.000000 0.000073 0.000067 0.068965
0.000003 1.000000 0.004521 0.000019 0.068965
0.000001 1.000000 0.000002 0.000002 0.068965


5
0.25 1.0 0.1 0.01 0.5
0.25 1.0 0.1 0.01 0.9
0.00001 10000 0.00001 0.00001 1000
0.4 10000 0.00001 0.00001 700
1 100 1 1 10

Case #1: 1.000000
Case #2: 0.910015
Case #3: 0.000000
Case #4: 0.002371
Case #5: 0.573972