5
10
         8
        5 5
       9 8 9
      8 1 1 8
     7 3 1 3 7
    7 6 0 0 6 7
   2 4 6 3 6 4 2
  0 5 1 4 4 1 5 0
 0 6 2 7 7 7 2 6 0
2 0 6 0 7 7 0 6 0 2
 0 6 2 7 7 7 2 6 0
  0 5 1 4 4 1 5 0
   2 4 6 3 6 4 2
    7 6 0 0 6 7
     7 3 1 3 7
      8 1 1 8
       9 8 9
        5 5
         8
2
 1
2 3
 4
3
  1
 2 3
4 5 6
 7 8
  9
4
   1
  1 2
 1 2 3 
1 2 3 4
 9 8 7
  6 5
   4
5
    1
   1 2
  1 2 3
 1 2 3 4
1 2 3 4 5
 9 8 7 6
  9 8 7
   9 8
    9

6
1
0
2
 1
2 2
 1
2
 1
1 2
 1
3
  1
 6 3
9 5 5
 6 3
  1
5
    1
   1 2
  1 2 3
 1 2 3 4
1 2 3 4 5
 5 6 7 8
  5 6 7
   5 6
    9
5
    1
   2 2
  3 9 3
 7 4 4 7
5 6 8 6 5
 7 4 4 7
  3 9 3
   2 2
    1