50
3 0.043 0.421 0.747
4 0.924 0.953 0.594 0.409
6 0.690 0.464 0.982 0.636 0.777 0.374
6 0.716 0.137 0.155 0.190 0.161 0.680
2 0.752 0.021
2 0.938 0.557
5 0.490 0.631 0.123 0.048 0.108
2 0.386 0.217
6 0.828 0.452 0.298 0.334 0.846 0.980
2 0.255 0.621
2 0.292 0.617
5 0.626 0.766 0.891 0.046 0.494
4 0.731 0.934 0.404 0.290
7 0.334 0.991 0.765 0.525 0.029 0.830 0.818
1 0.732
6 0.268 0.329 0.782 0.246 0.793 0.343
2 0.085 0.394
5 0.134 0.031 0.309 0.377 0.193
1 0.924
2 0.186 0.462
7 0.241 0.084 0.395 0.283 0.552 0.911 0.908
4 0.807 0.366 0.776 0.069
1 0.272
6 0.623 0.310 0.399 0.611 0.809 0.958
6 0.664 0.672 0.058 0.428 0.882 0.558
1 0.366
6 0.599 0.722 0.115 0.662 0.549 0.106
4 0.294 0.978 0.215 0.786
8 0.338 0.308 0.059 0.016 0.624 0.735 0.514 0.154
1 0.426
7 0.280 0.296 0.436 0.984 0.454 0.445 0.169
2 0.306 0.044
6 0.819 0.462 0.783 0.537 0.349 0.508
8 0.046 0.213 0.342 0.858 0.351 0.329 0.008 0.729
4 0.915 0.638 0.065 0.788
4 0.160 0.122 0.248 0.204
8 0.719 0.586 0.079 0.630 0.611 0.842 0.630 0.938
4 0.604 0.931 0.861 0.429
7 0.075 0.462 0.045 0.384 0.543 0.523 0.065
5 0.438 0.362 0.820 0.657 0.693
5 0.208 0.684 0.661 0.161 0.872
1 0.037
1 0.719
4 0.123 0.704 0.683 0.937
2 0.468 0.987
1 0.964
3 0.107 0.224 0.101
3 0.586 0.569 0.060
7 0.652 0.582 0.510 0.207 0.696 0.481 0.065
3 0.260 0.582 0.067
