-11 -37
31 10
6 15
27 -19
8 -11
-38 18
2 -26
29 11
-3 -22
-3 -14
13 7
37 14
-29 -12
-1 36
13 26
25 6
-12 18
32 38
38 13
11 0
11 20
26 -20
-11 -12
-35 13
-9 -3
-3 27
-1 19
-21 3
-3 -32
26 27
18 -3
35 11
-7 31
-1 8
-33 8
34 30
-16 4
27 34
7 31
-15 31
38 39
17 8
16 -23
-8 30
-10 -18
2 23
20 35
-4 -34
-7 6
27 -4
39 5
-39 10
27 -34
-7 -14
33 39
15 -15
-9 -9
12 25
8 -22
-21 -26
33 9
8 36
-11 21
-2 -9
-38 -24
-1 -14
-36 -36
-29 39
-29 -5
12 16
-28 38
-34 9
-34 -2
15 34
-30 -40
35 18
10 -30
11 -21
-3 18
-2 2
-7 -16
-20 8
-13 -23
25 -16
7 38
-30 -6
-23 29
12 -37
-8 -20
-15 -35
-7 -32
-13 20
34 35
-7 -7
-17 27
10 19
4 -38
23 -16
-36 34
-30 -28
36 9
-10 -9
-15 -1
15 27
-28 -23
-36 4
2 -6
33 10
-29 -29
2 -34
33 -25
9 -14
35 -40
31 -33
8 -5
29 4
40 31
6 34
-40 -24
-6 24
19 -34
-28 12
-37 12
26 9
-11 -10
-1 -22
-18 -37
-4 -29
1 35
7 -1
16 20
11 -11
-26 -23
28 -11
-15 -19
20 -28
-22 -29
28 16
15 8
19 18
6 -30
0 32
-11 31
-7 14
-7 -40
-10 -10
33 1
17 19
38 32
-20 -16
-28 -1
26 11
29 -38
-24 -29
-10 25
-33 -18
-18 -38
-17 39
-33 -5
40 34
-36 2
7 3
-11 -17
-10 4
5 23
18 -38
-35 20
12 -34
-11 5
4 -4
33 11
33 -36
39 8
32 12
12 8
-3 -25
-3 -17
-24 -26
-17 -1
-38 17
-27 -19
11 25
-16 12
10 -8
-27 20
-12 5
17 -15
-18 -26
-8 39
25 -20
1 19
1 -4
40 10
-3 35
24 22
14 1
-36 13
30 39
-15 5
25 10
22 -33
14 29
30 29
-12 24
-17 -10
37 25
-18 -31
36 -39
30 9
-11 40
40 1
-17 36
-2 -30
-20 -10
20 25
-37 38
-26 2
-5 18
-31 22
-21 -35
-6 -31
27 -15
-26 -10
7 12
18 12
30 -17
-24 -31
-7 -10
26 31
-4 13
0 35
13 -6
6 -10
24 28
30 27
-27 26
20 37
22 -32
-39 -16
27 -2
27 -6
27 0
-13 24
37 11
-20 -2
6 -8
40 30
33 -10
11 3
-32 32
-27 -6
-33 -3
35 8
33 21
-40 5
8 -8
24 34
-6 13
-24 25
40 22
-28 9
-3 2
-18 21
-22 10
-10 -2
-31 4
24 18
40 -17
-37 -17
30 -24
16 -40
6 40
-6 -35
28 -25
23 -18
29 -28
23 25
-18 29
31 -2
-25 3
12 -19
-21 32
-8 8
4 30
20 27
22 -11
39 -29
-32 29
-18 16
23 8
10 33
-40 16
-32 7
-3 -6
-13 13
-5 -34
-39 39
35 20
6 30
16 39
29 -2
5 9
-36 10
38 -14
-3 19
-38 -5
26 -37
6 26
30 -34
9 -11
-33 20
29 -30
35 -34
32 -34
-8 -40
34 4
-17 -8
23 -25
38 -13
-11 -33
29 -24
30 -20
36 0
19 -4
-11 -2
6 -37
-31 -10
-4 7
-19 -30
28 0
-24 36
12 -13
35 -10
9 -32
29 -9
-30 -39
-32 11
-16 -7
5 25
-20 -27
22 7
-23 -35
35 23
1 -20
18 22
8 -23
-27 -28
27 -37
33 12
-27 -22
30 -27
-8 37
21 40
9 -24
-3 6
-23 24
9 8
12 17
-37 -34
-10 24
36 27
-1 -8
-35 -17
27 -40
-23 -21
38 33
-39 26
39 38
29 13
-16 -18
4 -8
-34 -27
-15 20
27 18
-30 -10
-27 24
33 -34
40 -25
-3 10
-19 -26
8 -4
-8 -35
9 -2
-13 -9
-15 36
-20 -37
13 25
14 26
-15 12
31 -26
0 0
0 0
