100
11 0.059865 187763
13 0.662817 357055
7 0.183874 983944
14 0.010994 508937
1 0.5 600000
8 0.365308 528072
9 0.443282 85845
7 0.36646 693270
7 0.480497 771398
11 0.540283 136337
14 0.008 368901
2 0.891396 449652
9 0.635 520768
12 0.693 925492
13 0.746242 339931
6 0.88597 158367
11 0.349632 452622
11 0.128079 227049
13 0.77 537526
8 0.463746 533323
14 0.312375 115416
11 0.53676 551524
11 0.766005 536764
9 0.928109 287457
14 0.547173 249632
11 0.806975 183104
11 0.520119 97656
8 0.958026 812580
2 0.564634 846597
11 0.417229 751953
4 0.616672 441458
14 0.968823 589600
11 0.407435 419920
7 0.248831 864699
7 0.96429 449311
2 0.745507 152547
11 0.369924 628416
12 0.19591 20293
15 0.8 1
11 0.847469 167752
13 0.584624 20262
5 0.532267 888600
10 0 1000000
11 0.971729 21972
13 0.773338 544852
1 0.215761 122266
12 0.132307 621582
13 0.832822 454466
12 0.247491 749831
4 0.270492 460466
3 0.280386 905709
11 0.014861 984863
13 0 999999
11 0.814661 725225
12 0.366571 129562
7 0.135049 568323
11 0.438691 253772
14 0.009225 259647
13 0.33912 287962
13 0.845 630359
11 0.365682 357973
14 0.96738 345702
1 0.5 500000
8 0.598516 874602
13 0.741157 74064
12 0.186417 879015
12 0.094202 684326
11 0.670373 186052
12 0.832031 911661
15 0.547 493239
12 0.161438 959999
5 0.296595 956196
3 0.938248 812619
8 0.416525 325237
11 0.021703 890856
7 0.252281 552109
1 0.818995 166921
7 0.229677 590917
11 0.89194 757681
5 1 31249
9 0.542 519127
13 0.210865 597899
6 0.097372 715951
15 0.625 1000000
13 0.398175 889557
12 0.77 537526
11 0.281252 740234
13 0.279659 724421
11 0.357877 431732
11 0.853996 936799
11 0.826933 775391
10 0.135492 505542
11 0.15989 611328
3 0.75 600000
4 0.985382 405958
9 0.186245 969099
14 0.016 402188
7 0.239611 783041
12 0.32222 74274
5 1 31250
