100
2 0.252281 552109
2 0.135049 568323
2 0.017546 431483
4 0.229677 590917
1 0.987386 154080
5 0.847469 167752
5 0.365682 357973
1 0.891396 449652
5 0.15989 937500
3 0.488744 525931
1 0.270492 460466
5 0.540283 136337
4 0.938248 812619
1 0.985382 405958
5 0.128079 656249
5 0.8 1
5 0.547173 843749
5 0.625 1000000
3 0.818995 166921
1 0.928109 287457
5 0.369924 187499
2 0.835411 195109
5 0.161438 959999
5 0.407435 187499
1 0.398175 889557
3 0.059865 187763
4 0.210865 749999
3 0.296595 956196
1 0.5 600000
1 0.19591 20293
1 0.280386 905709
5 0.826933 775391
1 0.773338 544852
4 0.96429 449311
4 0.832822 749999
5 0.766005 536764
1 0.968823 589600
5 0.36646 693270
4 0.662817 875000
5 0.438691 253772
3 0.247491 749831
5 0.746242 339931
1 0.32222 74274
3 0.741157 74064
5 0.281252 593750
3 0.094202 500000
2 0.086931 874965
1 0.248831 864699
4 0.097372 715951
1 0.5 500000
5 0.564634 846597
3 0.132307 500000
3 0.183874 983944
2 0.021703 890856
5 0.349632 452622
5 0.186417 879015
5 1 31250
3 0.279659 724421
4 0.584624 249999
5 0.806975 687499
5 1 31249
1 0.814661 725225
4 0.443282 85845
5 0.853996 936799
5 0.598516 874602
3 0.616672 441458
5 0.744394 507865
5 0.971729 875000
5 0.014861 187500
3 0 999999
2 0.552606 153220
1 0.524124 830807
4 0.33912 624999
2 0.832031 911661
2 0.447481 407465
3 0.75 600000
1 0.416525 325237
5 0.312375 62499
3 0.745507 152547
5 0.96738 374999
1 0.670373 186052
4 0.463746 533323
4 0.215761 122266
4 0.365308 528072
5 0.520119 468750
4 0.239611 783041
3 0.88597 158367
5 0.89194 757681
5 0.417229 468750
1 0.532267 888600
5 0.366571 129562
2 0 1000000
5 0.357877 431732
5 0.135492 505542
5 0.53676 551524
1 0.480497 771398
3 0.253584 503818
2 0.958026 812580
4 0.186245 969099
1 0.625717 779402
