10
5 6 3
1 3 1 1
4 2 1 9
1 4 1 1
3 5 2 2
5 2 2 2
3 4 1 2
1 6 2
2 1 1
1 2 5 1000000
1
4 5 3
1 2 100 1000
1 3 500 5000
3 2 400 600
3 4 500 5000
4 2 1 10000
2 4 5
3 3 2
1 3 1 1
3 2 1 1
1 2 1 2
1 2
6 8 4
1 6 10 20
4 2 4 5
3 2 6 15
5 2 1 1
2 5 1 1
6 2 10 20
1 4 3 15
1 3 2 5
1 6 5 4
5 10 3
3 5 472258 905124
5 5 290647 856061
5 5 768534 781102
4 2 493001 828843
1 4 249759 252588
4 4 28677 184011
5 2 970988 978143
5 5 452350 872109
2 5 355821 865670
1 3 821041 887640
10 1 7
20 20 6
11 3 42511 413113
14 14 12674 190229
11 11 265643 426859
15 2 104274 481980
19 10 554016 667194
16 9 152488 949793
13 11 464853 951479
19 8 114501 913957
16 5 574654 578564
10 17 484732 659505
8 17 315245 854364
7 13 110029 442993
10 8 101457 933507
2 7 293027 405956
11 18 165909 329390
9 8 697001 699000
1 7 273704 832313
20 9 514409 607191
11 15 430244 633611
8 6 187246 537570
17 12 7 3 19 4
5 10 4
1 5 59310 577941
3 2 108818 362003
2 5 462232 462632
5 4 300646 777180
5 2 258075 759204
2 5 91272 674975
2 5 387446 430216
5 2 420114 835583
3 1 81141 645998
4 3 269251 674716
1 4 10 2
20 20 10
4 4 684283 872212
20 14 371454 903645
1 11 614611 744805
11 20 503718 766828
14 3 753177 966822
3 9 875405 975203
16 6 429581 786511
4 17 879074 898791
15 12 103703 607625
9 13 662610 906310
10 4 669583 692348
6 7 384605 604230
9 7 917945 975552
7 4 920277 984136
14 7 755548 804903
17 2 365869 502782
13 11 887309 970799
12 12 20158 152909
3 16 262452 857071
13 10 992512 992615
3 4 2 5 19 7 12 14 8 16
20 20 6
20 13 597290 742677
2 5 517053 743324
1 11 64043 128345
5 11 216121 604165
5 7 451528 626237
13 19 462476 541232
11 20 107214 896037
4 7 226043 914366
13 2 304048 997633
1 5 80764 797092
7 6 2637 368304
13 13 317827 477406
9 5 472311 849052
14 1 630877 915099
3 13 2212 787445
4 12 643682 762818
16 8 321545 592164
3 11 443818 907960
19 13 430902 452185
15 3 418245 549161
3 7 1 6 19 9
