Case #1: 
0.0055827
0.0266008
0.0266008
0.0055827
0.0055827
0.0266008
0.0266008
0.0055827
Case #2: 
0.5654533
0.1061281
0.1061281
0.5654533
0.1490783
0.1490783
0.5654533
0.1490783
0.5654533
0.3574016
Case #3: 
0.0015367
0.0015367
0.0015367
0.0015367
0.0916546
0.0009956
0.0916546
0.0916546
Case #4: 
0.2538950
0.2538950
0.2538950
0.1091003
0.2538950
0.2538950
0.2538950
0.2538950
Case #5: 
0.0613178
0.0509941
0.0613178
0.0290894
0.0509941
0.0613178
0.0290894
Case #6: 
0.4381764
0.4381764
0.0686092
0.0686092
0.4381764
0.4381764
0.1426758
0.1949882
Case #7: 
0.0127453
0.1473015
0.0127453
0.0127453
0.0127453
0.0127453
0.0127453
0.0127453
0.1473015
Case #8: 
0.0263372
0.0726037
0.1282187
0.0726037
0.1282187
0.1282187
0.0726037
0.0726037
0.1282187
Case #9: 
0.5000000
0.2500000
Case #10: 
0.0469820
0.0965919
0.0469820
0.0965919
0.0469820
0.0469820
0.0965919
0.0469820
Case #11: 
0.0062419
0.0062419
0.0011033
0.0062419
0.0011033
0.0002199
0.0062419
Case #12: 
0.1868637
0.1446767
0.1868637
0.1446767
0.1868637
0.1446767
0.1868637
0.1868637
0.1868637
Case #13: 
0.0893567
0.7731388
0.7731388
0.7731388
0.0893567
0.0893567
Case #14: 
0.0482233
0.0482233
0.1328792
0.1328792
0.1328792
0.0482233
0.1328792
Case #15: 
0.0665202
0.0665202
0.1758323
0.1758323
0.1758323
0.0527444
0.0527444
0.0527444
Case #16: 
0.0192843
0.0035750
0.0118877
0.0192843
0.0035750
0.0118877
0.0192843
Case #17: 
0.1948522
0.1948522
0.0235927
0.0235927
0.0235927
0.0235927
0.0235927
0.0358607
0.0235927
0.0235927
Case #18: 
0.0836848
0.0836848
0.0836848
0.0836848
0.0836848
0.0078178
0.0078178
0.0078178
Case #19: 
0.5644555
0.5644555
0.5644555
0.4165134
0.4207526
0.4165134
0.5644555
0.5644555
Case #20: 
0.0378358
0.0378358
0.0807511
0.0119075
0.0378358
0.0807511
0.0378358
Case #21: 
0.0228962
0.0228962
0.0071402
0.0228962
0.0071402
0.0228962
0.0071402
Case #22: 
0.3279579
0.3279579
0.1600744
0.1600744
0.1600744
0.1727502
Case #23: 
0.0497670
0.0947944
0.1829794
0.1829794
0.1829794
0.1829794
0.1829794
0.0497670
0.1829794
0.0910371
Case #24: 
0.0385760
0.0385760
0.2279825
0.0385760
0.2279825
0.0385760
0.2021624
Case #25: 
0.7560917
0.0835276
0.7560917
0.3544189
0.3544189
Case #26: 
0.0688106
0.0688106
0.0049965
0.0688106
0.0688106
0.0688106
Case #27: 
0.0847549
0.0847549
0.3623216
0.0847549
0.0847549
0.0209768
0.3623216
Case #28: 
0.0317767
0.4817604
0.4817604
0.0287183
0.0494385
0.0317767
0.0317767
0.0494385
Case #29: 
0.0072000
0.0060000
0.0200000
0.0072000
0.0210000
0.0210000
Case #30: 
0.1744978
0.2362201
0.2281093
0.2362201
0.2362201
Case #31: 
0.2036821
0.3299305
0.2534465
0.2036821
0.2534465
0.3299305
0.2534465
0.2534465
0.3299305
0.2534465
Case #32: 
0.0563659
0.0345971
0.0345971
0.0005477
0.0345971
0.0345971
0.0345971
Case #33: 
0.4516565
0.3013916
0.3013916
0.0575354
0.0575354
Case #34: 
0.1819592
0.0676197
0.0676197
0.1819592
0.1398105
Case #35: 
0.0967045
0.0613029
0.1249914
0.0967045
0.0967045
0.0967045
0.1249914
0.0967045
Case #36: 
0.0514257
0.2163354
0.2163354
0.2163354
0.2163354
0.0514257
Case #37: 
0.2449085
0.2449085
0.2449085
0.1467894
0.2449085
0.2449085
0.0178051
0.1467894
Case #38: 
0.8180222
0.0212511
0.8180222
0.1173179
0.1173179
0.1173179
0.8180222
Case #39: 
0.0253356
0.1850504
0.0518996
0.0253356
0.0253356
0.0253356
0.0253356
0.0518996
Case #40: 
0.0055086
0.3527872
0.0055086
0.0055086
0.0055086
0.3527872
Case #41: 
0.0802047
0.0802047
0.1803363
0.1803363
0.1803363
0.1803363
0.1803363
Case #42: 
0.0942458
0.0260219
0.0942458
0.0260219
0.0942458
Case #43: 
0.1732755
0.1732755
0.1732755
0.1414330
0.1732755
Case #44: 
0.1211765
0.0020931
0.0020931
0.0879683
0.0981820
0.1211765
0.0981820
0.1211765
Case #45: 
0.1328996
0.1328996
0.0822097
0.1328996
0.1328996
0.1328996
0.1328996
0.0822097
0.1328996
Case #46: 
0.0079447
0.2679177
0.0147357
0.0079447
0.0147357
Case #47: 
0.6461440
0.6461440
0.6461440
0.6461440
0.6461440
0.6461440
0.6461440
0.2035207
0.6461440
0.2035207
Case #48: 
0.2548134
0.2548134
0.2548134
0.2548134
0.0069071
0.0572265
0.2548134
0.2548134
Case #49: 
0.0684759
0.2566575
0.2566575
0.1502363
0.0153851
Case #50: 
0.0011789
0.0000569
0.0002418
0.0011789
0.0000569
0.0011789
0.0011789
0.0000569
0.0011789
Case #51: 
0.0439908
0.1571615
0.0942475
0.0942475
0.1571615
0.1571615
Case #52: 
0.0977376
0.6459717
0.6459717
0.0977376
0.6459717
0.6459717
Case #53: 
0.0384104
0.0506670
0.0384104
0.0187958
0.0384104
0.0384104
0.0506670
0.0384104
0.0506670
0.0187958
Case #54: 
0.0003694
0.0003694
0.0117385
0.0003694
0.0117385
0.0003694
0.0845007
0.0117385
0.0003694
Case #55: 
0.0135452
0.0114661
0.0039418
0.0065879
0.0114661
Case #56: 
0.0568843
0.2145450
0.2145450
0.2145450
0.2145450
0.2145450
0.2145450
Case #57: 
0.1972762
0.0099940
0.1532510
0.1972762
0.1972762
0.1972762
Case #58: 
0.0594798
0.0148533
0.0594798
0.0148533
0.0148533
0.0148533
0.0148533
0.0148533
0.0148533
0.0193647
Case #59: 
0.0373153
0.0357646
0.2494773
0.0357646
0.2494773
0.0357646
0.0373153
0.2494773
Case #60: 
0.0916349
0.0916349
0.0916349
0.0916349
0.0916349
0.0916349
0.0404685
0.0916349
Case #61: 
0.2493178
0.2493178
0.0031411
0.2493178
0.0231714
0.0031411
0.0031411
0.2493178
0.0231714
Case #62: 
0.1811787
0.0016124
0.1811787
0.1811787
0.0016124
0.0107182
0.0107182
0.1811787
0.0016124
0.0107182
Case #63: 
0.3484099
0.3484099
0.1112067
0.0225125
0.3484099
0.0225125
Case #64: 
0.0185034
0.0185034
0.0000700
0.0185034
0.0185034
0.0001315
0.0000700
0.0511980
0.0185034
0.0511980
Case #65: 
0.0952205
0.1318373
0.3676920
0.3676920
0.1318373
0.3676920
0.0952205
0.0952205
Case #66: 
0.0299659
0.0299659
0.1301071
0.0299659
0.0299659
0.0952629
0.1301071
Case #67: 
0.0189719
0.0189719
0.0601523
0.0189719
0.0601523
0.0601523
0.0189719
0.1112115
Case #68: 
0.1720569
0.2323827
0.2323827
0.2323827
0.1720569
Case #69: 
0.3542582
0.0600044
0.3542582
0.3542582
0.0600044
0.0600044
0.0600044
0.3542582
0.3542582
0.0600044
Case #70: 
0.0803993
0.0803993
0.0803993
0.0398268
0.0803993
0.0803993
0.0803993
0.0803993
Case #71: 
0.0041938
0.0380298
0.0041938
0.1314694
0.1314694
0.0041938
0.0380298
0.0041938
Case #72: 
0.0003068
0.2808493
0.0003068
0.0003453
0.0003068
0.2808493
0.2808493
Case #73: 
0.3106669
0.4522963
0.4522963
0.4522963
0.3509416
0.3106669
0.3106669
0.4522963
0.4522963
Case #74: 
0.3192696
0.2014030
0.3192696
0.3309504
0.3192696
0.2014030
Case #75: 
0.0006727
0.0025845
0.0025845
0.0006727
0.0006727
0.0025845
0.0006727
0.0284638
0.0523547
0.0006727
Case #76: 
0.7286064
0.2222218
0.7286064
0.7286064
0.7286064
0.2222218
0.7286064
0.0439633
0.2222218
Case #77: 
0.0026673
0.0229512
0.0229512
0.0229512
0.0031542
0.0031542
0.0229512
0.0229512
0.0216519
Case #78: 
0.0384683
0.0384683
0.0384683
0.0762132
0.0762132
0.2623340
Case #79: 
0.0884976
0.2393479
0.2393479
0.2393479
0.0295722
0.2393479
0.0295722
0.0295722
Case #80: 
0.0080606
0.0498408
0.0080606
0.0080606
0.0498408
0.0498408
0.0498408
0.0498408
0.0498408
Case #81: 
0.4569724
0.4569724
0.4569724
0.4569724
0.4569724
0.0320564
0.4569724
0.4569724
0.4569724
Case #82: 
0.0634612
0.0092809
0.0092809
0.0092809
0.0634612
0.0634612
0.0092809
Case #83: 
0.2198642
0.0181998
0.2198642
0.2198642
0.0063509
0.0181998
0.0063509
0.0063509
0.2198642
0.0063509
Case #84: 
0.0069882
0.0036266
0.0036266
0.0036266
0.0036266
0.0069882
0.0036266
Case #85: 
0.1635941
0.1103598
0.1635941
0.1498767
0.1498767
0.1498767
Case #86: 
0.2656583
0.5611411
0.5611411
0.2656583
0.5611411
Case #87: 
0.0200000
0.0200000
0.0210000
0.0210000
0.0200000
0.0200000
0.0060000
0.0200000
0.0200000
0.0200000
Case #88: 
0.0848491
0.0848491
0.0358513
0.0358513
0.0848491
0.5141842
0.0358513
0.0358513
Case #89: 
0.5021100
0.7168724
0.7168724
0.5021100
0.0082235
0.5021100
0.0555901
0.7168724
0.7168724
0.7168724
Case #90: 
0.7000000
0.7000000
Case #91: 
0.2330126
0.2330126
0.1165179
0.0661072
0.2330126
0.0661072
Case #92: 
0.3399373
0.3399373
0.6335978
0.6799019
0.3399373
0.3399373
0.6799019
0.3399373
Case #93: 
0.0280606
0.0997452
0.0469554
0.0997452
0.0997452
0.0469554
Case #94: 
0.0971607
0.1686439
0.1686439
0.1686439
0.1686439
0.1686439
0.1388127
Case #95: 
0.1330717
0.1330717
0.2550800
0.1330717
0.2550800
0.1869662
0.2550800
Case #96: 
0.0820114
0.0276133
0.3071211
0.3071211
0.0820114
0.0276133
0.3071211
0.3071211
0.0276133
Case #97: 
0.1289004
0.0807608
0.1993105
0.1289004
0.1993105
Case #98: 
0.0200823
0.0419367
0.0061152
0.0419367
0.0419367
0.0200823
Case #99: 
0.1721870
0.0255755
0.2508183
0.1721870
0.1721870
0.1721870
0.1721870
0.1721870
Case #100: 
0.1611254
0.8707445
0.8707445
0.3268175
0.1611254
