1
2
0 3 0 2 10 2 3 -2
10 3 2 3 8 7 2 0

3
697
55558 668 344008 344009 168760 2 1 -170
56472 211 100768 100769 415314 2 0 441
54910 992 100768 100769 420392 2 0 204
56800 47 100768 100769 99984 2 0 296
55212 841 100768 100769 6679 2 0 329
55812 541 100768 100769 298384 2 0 -237
56272 311 100768 100769 187494 2 0 -432
56824 35 100768 100769 450144 2 0 449
55052 921 100768 100769 204060 2 0 84
56210 342 100768 100769 480964 2 0 429
56370 262 100768 100769 308587 2 0 462
55524 685 100768 100769 269003 2 0 -116
56592 151 100768 100769 221672 2 0 263
56526 184 100768 100769 223123 2 0 29
56516 189 100768 100769 105844 2 0 -328
55124 885 100768 100769 257139 2 0 -93
55984 455 100768 100769 171204 2 0 217
56304 295 100768 100769 362775 2 0 -208
56872 11 100768 100769 361728 2 0 -488
56834 30 100768 100769 189506 2 0 126
56040 427 100768 100769 436356 2 0 -434
56244 325 100768 100769 2413 2 0 494
55382 756 100768 100769 185492 2 0 170
56086 404 100768 100769 355163 2 0 -20
56866 14 100768 100769 89490 2 0 -447
56090 402 100768 100769 418170 2 0 -352
56578 158 100768 100769 406472 2 0 -342
54896 999 285751 344675 1000000 2 58925 100000
56298 298 100768 100769 183321 2 0 366
55670 612 100768 100769 246901 2 0 -118
55502 696 100768 100769 280743 2 0 -401
54964 965 100768 100769 206329 2 0 110
55250 822 100768 100769 223193 2 0 16
56816 39 100768 100769 25695 2 0 427
56870 12 100768 100769 471785 2 0 -130
56864 15 100768 100769 484701 2 0 249
55736 579 100768 100769 493145 2 0 321
56250 322 100768 100769 277927 2 0 452
56796 49 100768 100769 410272 2 0 -127
55192 851 100768 100769 109482 2 0 244
56864 15 100768 100769 21523 2 0 410
55568 663 100768 100769 473923 2 0 -368
55118 888 100768 100769 325693 2 0 304
55860 517 100768 100769 406537 2 0 179
55202 846 100768 100769 220107 2 0 55
56038 428 100768 100769 493632 2 0 -414
56090 402 100768 100769 184069 2 0 420
55588 653 100768 100769 418799 2 0 -339
56746 74 100768 100769 270902 2 0 98
55366 764 100768 100769 278516 2 0 153
55530 682 100768 100769 426785 2 0 -480
55894 500 100768 100769 394715 2 0 285
56014 440 100768 100769 250330 2 0 334
56020 437 100768 100769 187498 2 0 -169
56382 256 100768 100769 352532 2 0 48
55988 453 100768 100769 387457 2 0 -486
56512 191 100768 100769 492621 2 0 -153
55364 765 100768 100769 249847 2 0 -285
55990 452 100768 100769 132328 2 0 225
55918 488 100768 100769 64913 2 0 320
56140 377 100768 100769 248474 2 0 -475
55896 499 100768 100769 176227 2 0 -185
55990 452 100768 100769 395516 2 0 -207
55794 550 100768 100769 477916 2 0 -430
55820 537 100768 100769 174694 2 0 134
55264 815 100768 100769 394815 2 0 -261
55062 916 100768 100769 494712 2 0 6
55960 467 100768 100769 301260 2 0 -315
55916 489 100768 100769 465145 2 0 259
54964 965 100768 100769 496982 2 0 117
56260 317 100768 100769 479997 2 0 472
55184 855 100768 100769 439139 2 0 -46
55640 627 100768 100769 417329 2 0 277
55782 556 100768 100769 24781 2 0 -30
56150 372 100768 100769 156000 2 0 444
55246 824 100768 100769 443386 2 0 353
56224 335 100768 100769 14861 2 0 76
56644 125 100768 100769 22071 2 0 105
55942 476 100768 100769 350780 2 0 -477
56076 409 100768 100769 177753 2 0 -50
56414 240 100768 100769 206545 2 0 279
56578 158 100768 100769 308858 2 0 -499
55078 908 100768 100769 35563 2 0 212
55536 679 100768 100769 464095 2 0 -496
55002 946 100768 100769 322020 2 0 -108
55864 515 100768 100769 248387 2 0 -343
56632 131 100768 100769 89411 2 0 443
56622 136 100768 100769 213843 2 0 -127
56334 280 100768 100769 42652 2 0 470
55026 934 100768 100769 118337 2 0 101
55648 623 100768 100769 412583 2 0 12
56878 8 100768 100769 195654 2 0 73
56030 432 100768 100769 331928 2 0 -500
56040 427 100768 100769 13352 2 0 457
55076 909 100768 100769 213422 2 0 42
54958 968 100768 100769 160558 2 0 181
56412 241 100768 100769 184271 2 0 285
55244 825 100768 100769 141869 2 0 486
55322 786 100768 100769 428370 2 0 58
56732 81 100768 100769 55651 2 0 -153
55316 789 100768 100769 72738 2 0 492
55984 455 100768 100769 158897 2 0 194
55022 936 100768 100769 131626 2 0 305
55360 767 100768 100769 465375 2 0 -158
56874 10 100768 100769 161426 2 0 -211
56280 307 100768 100769 343071 2 0 -433
55714 590 100768 100769 431535 2 0 277
56204 345 100768 100769 416603 2 0 390
55328 783 100768 100769 471772 2 0 -303
56058 418 100768 100769 247226 2 0 301
55388 753 100768 100769 350519 2 0 133
56146 374 100768 100769 318028 2 0 -59
55040 927 100768 100769 189681 2 0 43
56870 12 100768 100769 6999 2 0 -206
56790 52 100768 100769 252968 2 0 297
55150 872 100768 100769 293351 2 0 -69
55136 879 100768 100769 96676 2 0 335
55826 534 100768 100769 280993 2 0 -89
56174 360 100768 100769 325591 2 0 382
56578 158 100768 100769 248443 2 0 -17
55254 820 100768 100769 410806 2 0 -114
54930 982 100768 100769 370679 2 0 472
55860 517 100768 100769 447330 2 0 71
56392 251 100768 100769 415993 2 0 131
55374 760 100768 100769 237882 2 0 278
56044 425 100768 100769 357252 2 0 79
55752 571 100768 100769 91648 2 0 484
56188 353 100768 100769 143837 2 0 398
56396 249 100768 100769 176121 2 0 -365
56182 356 100768 100769 178321 2 0 -493
56028 433 100768 100769 456213 2 0 22
56116 389 100768 100769 57709 2 0 -91
55274 810 100768 100769 235606 2 0 -248
56158 368 100768 100769 209149 2 0 -435
55880 507 100768 100769 435560 2 0 -237
56550 172 100768 100769 191346 2 0 495
56842 26 100768 100769 378070 2 0 -20
55996 449 100768 100769 378031 2 0 -308
55158 868 100768 100769 432461 2 0 -293
55278 808 100768 100769 454886 2 0 -301
55162 866 100768 100769 286342 2 0 135
55654 620 100768 100769 33009 2 0 -35
55828 533 100768 100769 279476 2 0 -13
55310 792 100768 100769 200613 2 0 334
54928 983 100768 100769 494149 2 0 -256
55726 584 100768 100769 385800 2 0 435
56864 15 100768 100769 212352 2 0 469
55172 861 100768 100769 371515 2 0 3
55954 470 100768 100769 120970 2 0 44
56146 374 100768 100769 216513 2 0 -456
56154 370 100768 100769 1652 2 0 307
56316 289 100768 100769 138267 2 0 337
55478 708 100768 100769 280431 2 0 195
55122 886 100768 100769 499764 2 0 -473
55112 891 100768 100769 318477 2 0 -268
55256 819 100768 100769 278864 2 0 457
56272 311 100768 100769 475708 2 0 195
55268 813 100768 100769 389014 2 0 -326
56552 171 100768 100769 175732 2 0 -27
55072 911 100768 100769 315473 2 0 -316
55852 521 100768 100769 421049 2 0 -271
55686 604 100768 100769 108287 2 0 -17
56294 300 100768 100769 211865 2 0 -347
55530 682 100768 100769 287446 2 0 -392
54952 971 100768 100769 295871 2 0 -257
55282 806 100768 100769 383514 2 0 4
55188 853 100768 100769 465134 2 0 -309
54900 997 100768 100769 499587 2 0 -474
56386 254 100768 100769 367180 2 0 249
55454 720 100768 100769 277710 2 0 -333
56582 156 100768 100769 283002 2 0 161
55952 471 100768 100769 308725 2 0 -273
55512 691 100768 100769 204942 2 0 -266
55516 689 100768 100769 395087 2 0 -274
55666 614 100768 100769 56892 2 0 290
56842 26 100768 100769 495782 2 0 -76
55646 624 100768 100769 392082 2 0 30
55636 629 100768 100769 260046 2 0 406
56418 238 100768 100769 311595 2 0 -228
56004 445 100768 100769 262171 2 0 -431
56186 354 100768 100769 270687 2 0 -333
55678 608 100768 100769 291247 2 0 137
56724 85 100768 100769 348499 2 0 -207
56068 413 100768 100769 202667 2 0 -185
55204 845 100768 100769 413722 2 0 -93
54942 976 100768 100769 496058 2 0 -97
56430 232 100768 100769 492053 2 0 487
55880 507 100768 100769 400340 2 0 -388
56614 140 100768 100769 109192 2 0 -88
56090 402 100768 100769 120914 2 0 118
56058 418 100768 100769 449163 2 0 -371
55574 660 100768 100769 440045 2 0 410
56884 5 100768 100769 132730 2 0 -481
56756 69 100768 100769 409631 2 0 222
55506 694 100768 100769 364476 2 0 20
54942 976 100768 100769 330991 2 0 379
55146 874 100768 100769 476100 2 0 -446
55098 898 100768 100769 437836 2 0 -385
54950 972 100768 100769 268146 2 0 368
55934 480 100768 100769 416015 2 0 -39
55658 618 100768 100769 411016 2 0 103
55936 479 100768 100769 410153 2 0 -469
56290 302 100768 100769 356490 2 0 -316
55574 660 100768 100769 105598 2 0 -1
56560 167 100768 100769 474135 2 0 363
55062 916 100768 100769 432540 2 0 -12
56820 37 100768 100769 379920 2 0 -270
56608 143 100768 100769 283154 2 0 -469
55806 544 100768 100769 212602 2 0 94
56344 275 100768 100769 479011 2 0 422
55720 587 100768 100769 470109 2 0 44
56396 249 100768 100769 80695 2 0 -320
56426 234 100768 100769 349155 2 0 -496
55550 672 100768 100769 356806 2 0 -483
55570 662 100768 100769 394611 2 0 -84
56738 78 100768 100769 270234 2 0 337
54896 999 100768 100769 472166 2 0 -469
55108 893 100768 100769 335722 2 0 488
55724 585 100768 100769 423561 2 0 -108
55914 490 100768 100769 375656 2 0 -307
55602 646 100768 100769 81214 2 0 484
56186 354 100768 100769 458001 2 0 127
55890 502 100768 100769 269840 2 0 269
55592 651 100768 100769 483088 2 0 344
56050 422 100768 100769 155641 2 0 -90
56504 195 100768 100769 309247 2 0 -335
55642 626 100768 100769 302532 2 0 -245
55600 647 100768 100769 443982 2 0 124
56710 92 100768 100769 479182 2 0 -479
54996 949 100768 100769 463794 2 0 -369
55938 478 100768 100769 472873 2 0 309
56772 61 100768 100769 489609 2 0 -355
55336 779 100768 100769 120389 2 0 27
55334 780 100768 100769 67168 2 0 -64
56748 73 100768 100769 227844 2 0 -192
55002 946 100768 100769 258693 2 0 364
55504 695 100768 100769 399203 2 0 -500
56676 109 100768 100769 487129 2 0 386
56014 440 100768 100769 241198 2 0 -353
55714 590 100768 100769 334421 2 0 12
55424 735 100768 100769 286998 2 0 -316
56842 26 100768 100769 28913 2 0 392
55218 838 100768 100769 344122 2 0 -97
54958 968 100768 100769 294024 2 0 -112
56796 49 100768 100769 87192 2 0 346
55192 851 100768 100769 254470 2 0 51
56098 398 100768 100769 410747 2 0 -12
56800 47 100768 100769 199872 2 0 375
56704 95 100768 100769 54987 2 0 18
56226 334 100768 100769 231959 2 0 -187
55820 537 100768 100769 143989 2 0 130
55412 741 100768 100769 72654 2 0 -2
55520 687 100768 100769 307482 2 0 -144
56114 390 100768 100769 416739 2 0 -412
56112 391 100768 100769 108394 2 0 303
56678 108 100768 100769 194024 2 0 -59
55726 584 100768 100769 347763 2 0 468
56158 368 100768 100769 369002 2 0 306
55386 754 100768 100769 62563 2 0 38
56840 27 100768 100769 344152 2 0 -16
55558 668 100768 100769 169330 2 0 214
56430 232 100768 100769 343026 2 0 -82
56718 88 100768 100769 75917 2 0 230
56002 446 100768 100769 381493 2 0 96
56872 11 100768 100769 405263 2 0 -208
55870 512 100768 100769 60582 2 0 -47
55408 743 100768 100769 398331 2 0 276
56780 57 100768 100769 349210 2 0 -259
54950 972 100768 100769 486900 2 0 -475
56530 182 100768 100769 65392 2 0 206
55602 646 100768 100769 213505 2 0 430
55480 707 100768 100769 327368 2 0 -305
55774 560 100768 100769 153875 2 0 359
55224 835 100768 100769 482415 2 0 457
56842 26 100768 100769 255512 2 0 385
55678 608 100768 100769 248861 2 0 -340
56818 38 100768 100769 458520 2 0 -336
56048 423 100768 100769 163153 2 0 -321
56880 7 100768 100769 88936 2 0 60
56630 132 100768 100769 174804 2 0 21
55382 756 100768 100769 344196 2 0 -436
55104 895 100768 100769 266253 2 0 -36
55150 872 100768 100769 191838 2 0 116
56010 442 100768 100769 440598 2 0 -459
56326 284 100768 100769 317737 2 0 225
55666 614 100768 100769 253139 2 0 -342
55092 901 100768 100769 166068 2 0 83
55160 867 100768 100769 113156 2 0 432
56228 333 100768 100769 397613 2 0 235
55584 655 100768 100769 334770 2 0 -282
56404 245 100768 100769 221170 2 0 -482
56190 352 100768 100769 139907 2 0 408
56418 238 100768 100769 143761 2 0 146
55526 684 100768 100769 192631 2 0 -43
56594 150 100768 100769 342810 2 0 433
55694 600 100768 100769 318780 2 0 -62
56504 195 100768 100769 176077 2 0 143
56406 244 100768 100769 112625 2 0 -284
55582 656 100768 100769 26332 2 0 487
56560 167 100768 100769 292297 2 0 89
55338 778 100768 100769 437271 2 0 -496
55588 653 100768 100769 418440 2 0 -444
55148 873 100768 100769 468277 2 0 -329
56220 337 100768 100769 251204 2 0 -91
55920 487 100768 100769 104684 2 0 66
55098 898 100768 100769 300034 2 0 -286
56302 296 100768 100769 116431 2 0 196
55846 524 100768 100769 215979 2 0 -352
55548 673 100768 100769 313394 2 0 -221
56290 302 100768 100769 34184 2 0 118
56878 8 100768 100769 318257 2 0 464
55334 780 100768 100769 364999 2 0 -293
56502 196 100768 100769 156197 2 0 147
56432 231 100768 100769 382896 2 0 54
56450 222 100768 100769 325453 2 0 -130
55936 479 100768 100769 304083 2 0 -465
56500 197 100768 100769 302047 2 0 -230
56650 122 100768 100769 154610 2 0 -158
55500 697 100768 100769 493611 2 0 269
55836 529 100768 100769 457412 2 0 -464
56638 128 100768 100769 379464 2 0 259
55010 942 100768 100769 424891 2 0 -200
56428 233 100768 100769 128183 2 0 253
56164 365 100768 100769 479710 2 0 -323
55644 625 100768 100769 429725 2 0 -67
55426 734 100768 100769 277373 2 0 -258
54966 964 100768 100769 19485 2 0 41
55254 820 100768 100769 189461 2 0 193
54940 977 100768 100769 389192 2 0 -248
54952 971 100768 100769 399505 2 0 11
56218 338 100768 100769 309489 2 0 270
55386 754 100768 100769 10195 2 0 187
55648 623 100768 100769 374770 2 0 -483
55770 562 100768 100769 411975 2 0 -20
56010 442 100768 100769 495124 2 0 -341
55970 462 100768 100769 64446 2 0 2
55272 811 100768 100769 340546 2 0 -43
55418 738 100768 100769 481089 2 0 -437
56220 337 100768 100769 317206 2 0 130
55928 483 100768 100769 121839 2 0 121
56112 391 100768 100769 122472 2 0 225
56206 344 100768 100769 342844 2 0 -351
56368 263 100768 100769 258502 2 0 192
55720 587 100768 100769 413836 2 0 -357
55744 575 100768 100769 406749 2 0 -30
55222 836 100768 100769 71332 2 0 446
56060 417 100768 100769 423985 2 0 -229
55352 771 100768 100769 330872 2 0 -221
56276 309 100768 100769 382570 2 0 -460
55962 466 100768 100769 164527 2 0 265
55592 651 100768 100769 419171 2 0 156
56020 437 100768 100769 319533 2 0 309
56080 407 100768 100769 249650 2 0 -433
56424 235 100768 100769 249857 2 0 -108
56588 153 100768 100769 62670 2 0 302
56128 383 100768 100769 184910 2 0 -360
54958 968 100768 100769 492972 2 0 65
55956 469 100768 100769 201767 2 0 -328
55786 554 100768 100769 53286 2 0 12
56300 297 100768 100769 397442 2 0 80
56016 439 100768 100769 488371 2 0 -151
55112 891 100768 100769 329993 2 0 412
56090 402 100768 100769 70949 2 0 348
56066 414 100768 100769 492559 2 0 409
55286 804 100768 100769 449868 2 0 -481
55206 844 100768 100769 323704 2 0 278
55144 875 100768 100769 427352 2 0 440
55664 615 100768 100769 395057 2 0 -333
55028 933 100768 100769 471886 2 0 -353
55768 563 100768 100769 460953 2 0 -416
55996 449 100768 100769 332313 2 0 -239
56248 323 100768 100769 245399 2 0 356
55080 907 100768 100769 267045 2 0 394
56768 63 100768 100769 492119 2 0 -38
56372 261 100768 100769 308486 2 0 -468
55228 833 100768 100769 384754 2 0 -423
55098 898 100768 100769 287733 2 0 448
56834 30 100768 100769 327480 2 0 -118
54984 955 100768 100769 241461 2 0 -251
55776 559 100768 100769 240823 2 0 -128
55904 495 100768 100769 250058 2 0 153
54980 957 100768 100769 253356 2 0 134
56200 347 100768 100769 399931 2 0 -384
55092 901 100768 100769 116956 2 0 170
56510 192 100768 100769 410407 2 0 241
55896 499 100768 100769 364622 2 0 93
55624 635 100768 100769 102508 2 0 -142
55872 511 100768 100769 216229 2 0 18
56256 319 100768 100769 223812 2 0 356
56516 189 100768 100769 90137 2 0 -153
55280 807 100768 100769 80610 2 0 -98
56674 110 100768 100769 311122 2 0 -160
56032 431 100768 100769 37261 2 0 294
55772 561 100768 100769 123767 2 0 334
55848 523 100768 100769 306625 2 0 -489
56424 235 100768 100769 186260 2 0 -498
55382 756 100768 100769 127143 2 0 237
55396 749 100768 100769 433227 2 0 -173
55196 849 100768 100769 318186 2 0 -373
55518 688 100768 100769 440849 2 0 -3
56272 311 100768 100769 152402 2 0 -60
56300 297 100768 100769 277922 2 0 61
56170 362 100768 100769 295513 2 0 109
55756 569 100768 100769 304389 2 0 239
55470 712 100768 100769 95213 2 0 -61
54944 975 100768 100769 84252 2 0 233
55388 753 100768 100769 277306 2 0 -299
55676 609 100768 100769 237753 2 0 -310
56886 4 100768 100769 447629 2 0 294
56776 59 100768 100769 93154 2 0 -82
55856 519 100768 100769 482351 2 0 111
55898 498 100768 100769 326774 2 0 40
56862 16 100768 100769 209431 2 0 247
55164 865 100768 100769 105354 2 0 80
55394 750 100768 100769 489692 2 0 53
55776 559 100768 100769 271716 2 0 -68
55462 716 100768 100769 111718 2 0 48
56126 384 100768 100769 344673 2 0 -20
56052 421 100768 100769 55216 2 0 262
56826 34 100768 100769 176535 2 0 -189
55750 572 100768 100769 321291 2 0 495
55734 580 100768 100769 337656 2 0 232
55904 495 100768 100769 274542 2 0 -3
56888 3 100768 100769 322698 2 0 71
56614 140 100768 100769 336215 2 0 -173
56860 17 100768 100769 448344 2 0 -334
56420 237 100768 100769 413302 2 0 -401
55104 895 100768 100769 384523 2 0 475
56660 117 100768 100769 239440 2 0 -238
56020 437 100768 100769 273307 2 0 -91
55026 934 100768 100769 457397 2 0 131
55334 780 100768 100769 155028 2 0 -3
56724 85 100768 100769 237495 2 0 24
56304 295 100768 100769 272778 2 0 -475
55494 700 100768 100769 243839 2 0 386
55302 796 100768 100769 41765 2 0 367
55652 621 100768 100769 284201 2 0 -49
55988 453 100768 100769 139140 2 0 266
55380 757 100768 100769 244123 2 0 -290
55646 624 100768 100769 124122 2 0 430
55872 511 100768 100769 351526 2 0 -486
55640 627 100768 100769 220632 2 0 -26
55948 473 100768 100769 197264 2 0 -8
55138 878 100768 100769 103880 2 0 149
55910 492 100768 100769 54163 2 0 193
56450 222 100768 100769 451944 2 0 450
56022 436 100768 100769 214888 2 0 90
56480 207 100768 100769 101320 2 0 383
54978 958 100768 100769 341406 2 0 304
55180 857 100768 100769 286389 2 0 280
55710 592 100768 100769 145743 2 0 124
55836 529 100768 100769 171021 2 0 449
56022 436 100768 100769 207575 2 0 434
56720 87 100768 100769 352317 2 0 214
55128 883 100768 100769 313292 2 0 240
55040 927 100768 100769 245016 2 0 181
55984 455 100768 100769 343917 2 0 -382
55952 471 100768 100769 389767 2 0 -252
55252 821 100768 100769 447773 2 0 484
55046 924 100768 100769 364715 2 0 245
56376 259 100768 100769 243957 2 0 456
55386 754 100768 100769 298881 2 0 -120
55488 703 100768 100769 62191 2 0 20
56206 344 100768 100769 232675 2 0 -462
56094 400 100768 100769 275068 2 0 360
55386 754 100768 100769 9487 2 0 202
55912 491 100768 100769 67064 2 0 344
56852 21 100768 100769 145438 2 0 439
56482 206 100768 100769 288171 2 0 -446
55696 599 100768 100769 156213 2 0 112
54902 996 100768 100769 15486 2 0 175
56756 69 100768 100769 246809 2 0 430
56442 226 100768 100769 305361 2 0 328
55956 469 100768 100769 305159 2 0 284
55002 946 100768 100769 423736 2 0 -426
55460 717 100768 100769 275715 2 0 368
56810 42 100768 100769 27825 2 0 102
56130 382 100768 100769 256725 2 0 455
56344 275 100768 100769 445318 2 0 9
54896 999 100768 100769 363231 2 0 -55
55714 590 100768 100769 485384 2 0 -309
56458 218 100768 100769 473230 2 0 -268
55134 880 100768 100769 351363 2 0 -12
56140 377 100768 100769 331153 2 0 3
55582 656 100768 100769 419767 2 0 -297
56666 114 100768 100769 109310 2 0 -474
56288 303 100768 100769 406861 2 0 -404
56672 111 100768 100769 104951 2 0 -139
55020 937 100768 100769 259294 2 0 14
55944 475 100768 100769 278532 2 0 -384
56122 386 100768 100769 416253 2 0 -447
56504 195 100768 100769 90450 2 0 499
56438 228 100768 100769 94599 2 0 422
56014 440 100768 100769 390292 2 0 -342
55114 890 100768 100769 97714 2 0 136
54936 979 100768 100769 322243 2 0 370
56508 193 100768 100769 470196 2 0 -370
55428 733 100768 100769 102384 2 0 53
56192 351 100768 100769 312013 2 0 152
56096 399 100768 100769 305583 2 0 351
56232 331 100768 100769 462197 2 0 360
55496 699 100768 100769 40802 2 0 233
55960 467 100768 100769 401157 2 0 404
55782 556 100768 100769 127333 2 0 70
55856 519 100768 100769 422130 2 0 119
55366 764 100768 100769 473668 2 0 195
55646 624 100768 100769 421105 2 0 241
55774 560 100768 100769 79422 2 0 209
55900 497 100768 100769 437084 2 0 -164
56394 250 100768 100769 259451 2 0 -338
55072 911 100768 100769 125 2 0 350
56722 86 100768 100769 179128 2 0 -321
55958 468 100768 100769 444536 2 0 323
56610 142 100768 100769 144940 2 0 -212
55266 814 100768 100769 383384 2 0 -333
55944 475 100768 100769 346825 2 0 -481
56384 255 100768 100769 113918 2 0 -104
56662 116 100768 100769 89607 2 0 483
55020 937 100768 100769 86195 2 0 417
56512 191 100768 100769 358685 2 0 -94
55714 590 100768 100769 411406 2 0 -191
56250 322 100768 100769 15835 2 0 398
55418 738 100768 100769 119532 2 0 -16
56556 169 100768 100769 394405 2 0 -409
55372 761 100768 100769 398548 2 0 353
55640 627 100768 100769 229514 2 0 362
55894 500 100768 100769 419074 2 0 -215
54986 954 100768 100769 181321 2 0 183
56176 359 100768 100769 397972 2 0 -347
56490 202 100768 100769 172440 2 0 463
55486 704 100768 100769 293488 2 0 -10
56810 42 100768 100769 31277 2 0 -153
55094 900 100768 100769 125607 2 0 305
55850 522 100768 100769 202035 2 0 65
54996 949 100768 100769 308091 2 0 -238
56058 418 100768 100769 278090 2 0 -244
56324 285 100768 100769 62238 2 0 -49
55044 925 100768 100769 207091 2 0 -190
56234 330 100768 100769 413808 2 0 331
55330 782 100768 100769 429548 2 0 -366
56546 174 100768 100769 346642 2 0 -156
56414 240 100768 100769 375361 2 0 -425
56456 219 100768 100769 76373 2 0 228
54908 993 100768 100769 499839 2 0 -383
56132 381 100768 100769 208652 2 0 -391
56828 33 100768 100769 177615 2 0 -299
55958 468 100768 100769 436018 2 0 -58
54920 987 100768 100769 207667 2 0 365
55894 500 100768 100769 173658 2 0 68
56086 404 100768 100769 424543 2 0 468
55834 530 100768 100769 300582 2 0 280
56010 442 100768 100769 240046 2 0 281
56738 78 100768 100769 304365 2 0 -52
56360 267 100768 100769 133996 2 0 46
54970 962 100768 100769 184478 2 0 372
55218 838 100768 100769 292618 2 0 151
56404 245 100768 100769 319822 2 0 -134
55268 813 100768 100769 432834 2 0 35
56608 143 100768 100769 267281 2 0 -326
55686 604 100768 100769 103493 2 0 165
56864 15 100768 100769 96819 2 0 -78
55202 846 100768 100769 305527 2 0 -238
54900 997 100768 100769 173220 2 0 295
55066 914 100768 100769 312113 2 0 301
56160 367 100768 100769 55661 2 0 436
55004 945 100768 100769 387403 2 0 73
56230 332 100768 100769 352023 2 0 -128
56886 4 100768 100769 230864 2 0 136
55156 869 100768 100769 444657 2 0 325
55572 661 100768 100769 448691 2 0 288
55324 785 100768 100769 499386 2 0 51
56104 395 100768 100769 253730 2 0 103
56390 252 100768 100769 306894 2 0 356
56184 355 100768 100769 350524 2 0 -109
56120 387 100768 100769 364174 2 0 290
55630 632 100768 100769 210390 2 0 194
55416 739 100768 100769 329813 2 0 -198
56482 206 100768 100769 383960 2 0 -45
55658 618 100768 100769 294642 2 0 273
56416 239 100768 100769 57329 2 0 340
54970 962 100768 100769 148435 2 0 215
55896 499 100768 100769 338068 2 0 -387
56830 32 100768 100769 307332 2 0 -353
56816 39 100768 100769 101422 2 0 97
55364 765 100768 100769 384857 2 0 120
56204 345 100768 100769 355028 2 0 -142
56438 228 100768 100769 332714 2 0 323
56874 10 100768 100769 454351 2 0 -32
56578 158 100768 100769 247155 2 0 -402
56152 371 100768 100769 296168 2 0 -412
54964 965 100768 100769 378891 2 0 105
56550 172 100768 100769 189448 2 0 -21
56462 216 100768 100769 457161 2 0 -73
54972 961 100768 100769 474256 2 0 -116
56724 85 100768 100769 444129 2 0 -311
55024 935 100768 100769 492970 2 0 -212
55084 905 100768 100769 237541 2 0 -174
55358 768 100768 100769 264256 2 0 181
55018 938 100768 100769 238230 2 0 30
56642 126 100768 100769 474718 2 0 -365
56038 428 100768 100769 436438 2 0 161
56746 74 100768 100769 89703 2 0 -491
55854 520 100768 100769 474598 2 0 -356
56832 31 100768 100769 429407 2 0 42
56038 428 100768 100769 220466 2 0 -473
56378 258 100768 100769 419435 2 0 10
55570 662 100768 100769 390290 2 0 -399
56560 167 100768 100769 103625 2 0 420
55262 816 100768 100769 23802 2 0 112
55630 632 100768 100769 476800 2 0 299
55380 757 100768 100769 385995 2 0 -284
55340 777 100768 100769 489459 2 0 -415
56634 130 100768 100769 273699 2 0 -323
56614 140 100768 100769 203860 2 0 -104
56560 167 100768 100769 329765 2 0 233
56400 247 100768 100769 129976 2 0 46
55926 484 100768 100769 444237 2 0 215
56106 394 100768 100769 76648 2 0 449
56382 256 100768 100769 251532 2 0 -86
55612 641 100768 100769 444969 2 0 291
56662 116 100768 100769 401839 2 0 311
56454 220 100768 100769 450884 2 0 263
55270 812 100768 100769 317158 2 0 479
56230 332 100768 100769 351745 2 0 321
55830 532 100768 100769 349609 2 0 -135
56396 249 100768 100769 115737 2 0 -419
55658 618 100768 100769 263285 2 0 -104
55318 788 100768 100769 344778 2 0 5
56862 16 100768 100769 32152 2 0 123
55784 555 100768 100769 71933 2 0 161
55068 913 100768 100769 393819 2 0 -378
55302 796 100768 100769 465427 2 0 -370
55638 628 100768 100769 492117 2 0 -357
55326 784 100768 100769 405614 2 0 -425
55242 826 100768 100769 252116 2 0 68
56080 407 100768 100769 139948 2 0 188
56106 394 100768 100769 460460 2 0 46
55214 840 100768 100769 169638 2 0 171
55044 925 100768 100769 360896 2 0 -297
56476 209 100768 100769 159871 2 0 304
55248 823 100768 100769 403540 2 0 -390
56828 33 100768 100769 234429 2 0 -351
56220 337 100768 100769 158113 2 0 243
54990 952 100768 100769 229869 2 0 -39
56550 172 100768 100769 167236 2 0 -255
55184 855 100768 100769 226702 2 0 -89
55794 550 100768 100769 434686 2 0 -482
56878 8 100768 100769 115501 2 0 -226
55694 600 100768 100769 488306 2 0 119
55284 805 100768 100769 405752 2 0 -92
55598 648 100768 100769 237551 2 0 -215
55462 716 100768 100769 456316 2 0 446
56142 376 100768 100769 158871 2 0 117
55270 812 100768 100769 432535 2 0 235
56800 47 100768 100769 167982 2 0 298
56376 259 100768 100769 314704 2 0 -113
56774 60 100768 100769 161806 2 0 304
55566 664 100768 100769 288100 2 0 295
56800 47 100768 100769 229035 2 0 71
56040 427 100768 100769 30831 2 0 102
55754 570 100768 100769 201852 2 0 -123
56272 311 100768 100769 467053 2 0 -247
56450 222 100768 100769 305637 2 0 -256
55796 549 100768 100769 481713 2 0 -253
56000 447 100768 100769 288713 2 0 -244
56094 400 100768 100769 326903 2 0 -70
56280 307 100768 100769 431439 2 0 -369
55214 840 100768 100769 309273 2 0 252
56416 239 100768 100769 239486 2 0 182
56430 232 100768 100769 133514 2 0 -243
56094 400 100768 100769 354859 2 0 215
56772 61 100768 100769 466671 2 0 268
55662 616 100768 100769 263859 2 0 61
56718 88 100768 100769 357231 2 0 255
56166 364 100768 100769 398753 2 0 318
56614 140 100768 100769 437495 2 0 -172
55010 942 100768 100769 193682 2 0 -132
55066 914 100768 100769 110127 2 0 470
56600 147 100768 100769 75747 2 0 299
55812 541 100768 100769 230612 2 0 -335
56754 70 100768 100769 209786 2 0 -248
56602 146 100768 100769 289125 2 0 -214
56382 256 100768 100769 388415 2 0 -149
56002 446 100768 100769 98288 2 0 11
56276 309 100768 100769 288623 2 0 -286
55586 654 100768 100769 254719 2 0 393
56782 56 100768 100769 296419 2 0 -399
56158 368 100768 100769 453967 2 0 -363
56260 317 100768 100769 476570 2 0 -278
56690 102 100768 100769 236519 2 0 -15
56600 147 100768 100769 105659 2 0 438
56418 238 100768 100769 154443 2 0 -196
55364 765 100768 100769 330783 2 0 -416
55454 720 100768 100769 79539 2 0 108
55322 786 100768 100769 478071 2 0 -320
56472 211 100768 100769 194597 2 0 -181
56656 119 100768 100769 369490 2 0 248
131
2125 540 440237 440238 480003 7 1 440
79758 524 622676 622677 312209 406 0 -158
99512 273 622676 622677 266498 375 0 282
11177 185 622676 622677 138205 163 0 -392
180570 422 622676 622677 220380 961 0 243
124298 599 622676 622677 307844 112 0 -89
47220 314 622676 622677 172628 242 0 -237
6947 911 622676 622677 458601 481 0 -207
686 547 622676 622677 482553 4 0 -390
2158 138 622676 622677 148085 70 0 -278
19326 302 622676 622677 145966 146 0 236
299009 685 622676 622677 90163 256 0 23
146954 485 622676 622677 345153 773 0 499
9983 519 622676 622677 392623 60 0 119
215207 582 622676 622677 130839 4 0 52
145838 25 622676 622677 228903 11338 0 -498
65009 157 622676 622677 216913 28 0 -262
100428 209 622676 622677 200929 2441 0 -71
2520 83 622676 622677 258500 4802 0 -81
53851 100 622676 622677 457362 782 0 -298
28492 272 622676 622677 266329 965 0 3
125282 553 622676 622677 445954 39 0 202
506 236 622676 622677 240492 3 0 489
184176 889 622676 622677 426627 231 0 -128
53501 243 622676 622677 365299 53 0 367
36 258 622676 622677 190661 1811 0 33
22068 21 622676 622677 93868 20993 0 -174
454653 49 622676 622677 310660 2444 0 270
19006 457 622676 622677 377803 204 0 103
344880 629 622676 622677 299126 10 0 323
49565 531 622676 622677 123702 487 0 -222
13243 996 622676 622677 249498 260 0 -163
126026 152 622676 622677 138838 324 0 361
187623 155 622676 622677 374534 1489 0 418
69885 532 622676 622677 428791 82 0 184
73923 925 622676 622677 126944 15 0 11
45188 753 622676 622677 344219 681 0 -388
56688 846 622676 622677 496368 280 0 -168
168855 188 622676 622677 336480 273 0 89
82456 652 622676 622677 372169 383 0 81
1381 335 622676 622677 223429 368 0 180
192805 841 622676 622677 269753 324 0 -63
21 336 622676 622677 384948 1755 0 50
67146 171 622676 622677 466534 1198 0 -171
791 360 622676 622677 309572 118 0 475
154302 918 622676 622677 271392 206 0 188
32007 547 622676 622677 64098 353 0 168
3219 868 622676 622677 455704 556 0 -350
203945 478 622676 622677 194335 217 0 -19
57777 629 622676 622677 253593 186 0 -3
2401 319 622676 622677 436458 2 0 377
20707 749 622676 622677 265311 496 0 231
81192 181 622676 622677 206449 315 0 411
8527 906 622676 622677 47887 23 0 -30
300740 990 622676 622677 418847 2 0 -43
36422 776 622676 622677 286000 246 0 144
148602 163 622676 622677 107816 379 0 355
258128 10 622676 622677 215484 8206 0 -359
149582 176 622676 622677 125978 719 0 168
208375 620 622676 622677 224936 207 0 -254
58193 990 622676 622677 497305 14 0 -497
16780 707 622676 622677 177707 479 0 -224
126258 967 622676 622677 367 330 0 149
2733 494 622676 622677 37337 168 0 79
47943 861 622676 622677 387883 110 0 -317
3096 499 622676 622677 211961 29 0 174
22572 418 622676 622677 156850 31 0 273
263566 966 622676 622677 423566 85 0 -72
82552 696 622676 622677 23775 77 0 348
39756 957 622676 622677 468169 303 0 63
24302 617 622676 622677 453050 17 0 139
4648 382 622676 622677 393345 1053 0 322
95103 798 622676 622677 335798 89 0 169
48678 304 622676 622677 382786 109 0 -223
88555 904 622676 622677 348923 177 0 314
148106 509 622676 622677 307432 197 0 -451
689 221 622676 622677 459929 437 0 339
485501 450 622676 622677 412332 298 0 58
95351 728 622676 622677 301686 320 0 -369
260239 50 622676 622677 442095 1448 0 -193
91961 78 622676 622677 493615 2165 0 402
20309 47 622676 622677 349640 731 0 -437
17127 799 622676 622677 215414 224 0 -44
1304 610 622676 622677 55058 98 0 239
26069 952 622676 622677 438994 422 0 -420
385041 140 622676 622677 213534 21 0 488
175777 385 622676 622677 318689 1175 0 389
144855 467 622676 622677 365316 78 0 93
58513 501 622676 622677 43962 591 0 -38
84455 913 622676 622677 136909 394 0 465
97990 86 622676 622677 351968 940 0 274
33510 491 622676 622677 173040 81 0 -337
3626 619 622676 622677 36885 60 0 220
89494 404 622676 622677 292839 200 0 290
254243 336 622676 622677 358541 144 0 358
25205 831 622676 622677 481125 10 0 356
18283 254 622676 622677 493875 1762 0 -43
196144 753 622676 622677 404671 364 0 -377
115978 148 622676 622677 112254 263 0 -400
108645 301 622676 622677 459825 466 0 406
268479 62 622676 622677 142845 3271 0 354
160559 764 622676 622677 235705 376 0 -220
50117 682 622676 622677 300885 71 0 202
69847 859 622676 622677 136667 91 0 180
4454 68 622676 622677 470143 1061 0 -378
6263 585 622676 622677 185945 198 0 320
14230 719 622676 622677 430263 68 0 -463
42267 640 622676 622677 464342 832 0 -302
7822 386 622676 622677 183969 159 0 -107
22605 446 622676 622677 341994 35 0 -202
190851 42 622676 622677 341690 2318 0 274
66115 815 622676 622677 431821 268 0 -491
218 492 622676 622677 243774 173 0 262
22140 192 622676 622677 236665 2909 0 24
39612 425 622676 622677 424289 218 0 185
444687 796 622676 622677 488648 91 0 233
51693 331 622676 622677 497654 710 0 -487
231131 161 622676 622677 49313 2299 0 160
53723 614 622676 622677 59139 13 0 75
13184 183 622676 622677 190272 292 0 -241
18165 73 622676 622677 312371 359 0 -137
933 699 622676 622677 474287 17 0 -216
11606 673 622676 622677 430379 764 0 251
65 691 396916 440776 1000000 54 43861 100000
197250 454 622676 622677 165089 847 0 -340
35241 360 622676 622677 494034 1301 0 -416
35067 874 622676 622677 488635 15 0 -131
77231 708 622676 622677 343020 48 0 45
313145 465 622676 622677 37056 538 0 416
119257 21 622676 622677 128565 5200 0 184
170794 8 622676 622677 312268 39600 0 -1

1000
18926 1000 -9142 -9137 931899 135 6000 4401
342131 1000 -9136 -9131 676730 309 6000 89597
1799 1000 -9130 -9125 322795 95 6000 2169
36347 1000 -9124 -9119 24030 250 6000 92743
87536 1000 -9118 -9113 934737 85 6000 51436
3676 1000 -9112 -9107 531589 25 6000 959
21449 1000 -9106 -9101 108897 224 6000 5332
441134 1000 -9100 -9095 760179 87 6000 79924
5807 1000 -9094 -9089 184426 285 6000 59573
29424 1000 -9088 -9083 718014 129 6000 52392
300 1000 -9082 -9077 374307 8 6000 76939
142268 1000 -9076 -9071 558916 34 6000 69821
5078 1000 -9070 -9065 318296 195 6000 14932
66535 1000 -9064 -9059 402803 372 6000 54468
110580 1000 -9058 -9053 820525 325 6000 97625
210508 1000 -9052 -9047 847377 57 6000 85
39029 1000 -9046 -9041 817290 40 6000 28796
81391 1000 -9040 -9035 61038 446 6000 89183
371027 1000 -9034 -9029 737922 19 6000 36152
322678 1000 -9028 -9023 902664 234 6000 23065
196075 1000 -9022 -9017 663422 227 6000 40933
75388 1000 -9016 -9011 867145 36 6000 84831
95714 1000 -9010 -9005 988905 167 6000 23243
3140 1000 -9004 -8999 537762 3 6000 28382
121993 1000 -8998 -8993 513042 147 6000 77850
274474 1000 -8992 -8987 732370 286 6000 98130
245555 1000 -8986 -8981 420883 339 6000 72789
38743 1000 -8980 -8975 781074 72 6000 1870
33200 1000 -8974 -8969 688714 39 6000 71146
118888 1000 -8968 -8963 64196 101 6000 25403
7419 1000 -8962 -8957 304537 80 6000 33282
31014 1000 -8956 -8951 298660 80 6000 71795
113572 1000 -8950 -8945 954179 161 6000 16397
143769 1000 -8944 -8939 298910 77 6000 95657
257458 1000 -8938 -8933 481766 339 6000 42517
16172 1000 -8932 -8927 883257 144 6000 41364
132634 1000 -8926 -8921 635826 340 6000 43975
118121 1000 -8920 -8915 954505 13 6000 31329
2517 1000 -8914 -8909 414723 654 6000 91563
31252 1000 -8908 -8903 316560 220 6000 51648
2177 1000 -8902 -8897 785042 490 6000 42485
195803 1000 -8896 -8891 333613 19 6000 23428
40402 1000 -8890 -8885 340215 461 6000 17340
73497 1000 -8884 -8879 982103 89 6000 3609
101012 1000 -8878 -8873 854061 380 6000 84252
102533 1000 -8872 -8867 93664 197 6000 58256
47844 1000 -8866 -8861 476371 45 6000 56728
105512 1000 -8860 -8855 798923 279 6000 81226
127070 1000 -8854 -8849 789022 207 6000 91257
260227 1000 -8848 -8843 641148 49 6000 26902
123860 1000 -8842 -8837 299406 452 6000 96218
18144 1000 -8836 -8831 452973 141 6000 17450
32183 1000 -8830 -8825 311804 43 6000 96075
89807 1000 -8824 -8819 78461 319 6000 8024
49385 1000 -8818 -8813 418244 106 6000 10490
22 1000 -8812 -8807 172791 1 6000 56664
265198 1000 -8806 -8801 962450 327 6000 10448
316011 1000 -8800 -8795 927709 48 6000 69477
33174 1000 -8794 -8789 176588 86 6000 7004
115963 1000 -8788 -8783 850092 355 6000 17888
243577 1000 -8782 -8777 993109 283 6000 3325
40889 1000 -8776 -8771 189245 286 6000 9403
12128 1000 -8770 -8765 854581 207 6000 6423
135952 1000 -8764 -8759 418527 59 6000 34406
127631 1000 -8758 -8753 604501 227 6000 67738
36291 1000 -8752 -8747 432889 80 6000 31294
205716 1000 -8746 -8741 621077 100 6000 31187
111 1000 -8740 -8735 876138 74 6000 3375
1124 1000 -8734 -8729 880737 2 6000 -863
21253 1000 -8728 -8723 696408 197 6000 14513
69635 1000 -8722 -8717 386618 327 6000 73685
5047 1000 -8716 -8711 951867 61 6000 64830
4792 1000 -8710 -8705 894103 254 6000 52496
37100 1000 -8704 -8699 170231 79 6000 13149
214790 1000 -8698 -8693 826385 351 6000 8006
52013 1000 -8692 -8687 619839 125 6000 51984
2492 1000 -8686 -8681 1077 158 6000 8795
25385 1000 -8680 -8675 807471 124 6000 73999
40874 1000 -8674 -8669 834251 128 6000 53243
6532 1000 -8668 -8663 17759 351 6000 14125
54540 1000 -8662 -8657 322670 219 6000 70940
7622 1000 -8656 -8651 379657 203 6000 84779
95778 1000 -8650 -8645 373508 457 6000 96392
13731 1000 -8644 -8639 913628 12 6000 30003
43412 1000 -8638 -8633 247391 56 6000 395
110044 1000 -8632 -8627 933929 72 6000 6769
41434 1000 -8626 -8621 479233 21 6000 16920
4564 1000 -8620 -8615 20074 1 6000 59441
30729 1000 -8614 -8609 802370 353 6000 6519
1139 1000 -8608 -8603 481025 593 6000 30144
38295 1000 -8602 -8597 729128 282 6000 5240
108 1000 -8596 -8591 966747 1 6000 28086
472 1000 -8590 -8585 428446 69 6000 45129
36161 1000 -8584 -8579 104362 72 6000 31482
118618 1000 -8578 -8573 518714 63 6000 10717
132524 1000 -8572 -8567 219947 226 6000 19195
1194 1000 -8566 -8561 128267 40 6000 93255
43803 1000 -8560 -8555 822130 235 6000 85398
43351 1000 -8554 -8549 410896 178 6000 93355
77144 1000 -8548 -8543 205621 214 6000 86174
155616 1000 -8542 -8537 864291 220 6000 61144
9683 1000 -8536 -8531 329294 58 6000 69444
8642 1000 -8530 -8525 580844 18 6000 65770
4989 1000 -8524 -8519 753858 1 6000 49094
4555 1000 -8518 -8513 539674 92 6000 2087
83015 1000 -8512 -8507 48965 188 6000 89429
465834 1000 -8506 -8501 854245 116 6000 62980
22237 1000 -8500 -8495 36005 183 6000 23977
396 1000 -8494 -8489 308428 225 6000 19827
104320 1000 -8488 -8483 63887 143 6000 6709
70466 1000 -8482 -8477 299487 399 6000 2681
44598 1000 -8476 -8471 224023 210 6000 13428
10690 1000 -8470 -8465 920438 297 6000 31105
125591 1000 -8464 -8459 448028 337 6000 86196
34675 1000 -8458 -8453 300409 47 6000 14454
15307 1000 -8452 -8447 26619 122 6000 18437
21760 1000 -8446 -8441 348698 6 6000 65540
198231 1000 -8440 -8435 26723 112 6000 55662
21409 1000 -8434 -8429 705282 224 6000 16992
55809 1000 -8428 -8423 831254 132 6000 4211
80606 1000 -8422 -8417 52462 41 6000 85608
140817 1000 -8416 -8411 550756 2 6000 28634
16691 1000 -8410 -8405 414430 83 6000 11382
2226 1000 -8404 -8399 707897 59 6000 57310
1441 1000 -8398 -8393 245627 289 6000 9299
61260 1000 -8392 -8387 586998 109 6000 63981
20382 1000 -8386 -8381 92617 31 6000 91765
164280 1000 -8380 -8375 491367 389 6000 9143
136581 1000 -8374 -8369 375673 67 6000 77464
911 1000 -8368 -8363 381386 32 6000 47557
43163 1000 -8362 -8357 148543 9 6000 68322
59752 1000 -8356 -8351 359282 394 6000 69516
335478 1000 -8350 -8345 763919 92 6000 55102
235210 1000 -8344 -8339 945282 231 6000 65784
128106 1000 -8338 -8333 685085 18 6000 30547
134358 1000 -8332 -8327 269654 30 6000 93015
207119 1000 -8326 -8321 693752 96 6000 65249
31536 1000 -8320 -8315 162753 124 6000 64970
41523 1000 -8314 -8309 444170 2 6000 75488
19528 1000 -8308 -8303 349538 64 6000 9068
3287 1000 -8302 -8297 160933 47 6000 87527
6693 1000 -8296 -8291 753411 109 6000 99381
154359 1000 -8290 -8285 784556 63 6000 51687
71 1000 -8284 -8279 303603 216 6000 1774
61794 1000 -8278 -8273 739672 13 6000 4476
72053 1000 -8272 -8267 873310 102 6000 21681
114191 1000 -8266 -8261 92994 19 6000 16552
9016 1000 -8260 -8255 903955 292 6000 6886
15349 1000 -8254 -8249 618596 591 6000 16989
68534 1000 -8248 -8243 881611 290 6000 44975
20384 1000 -8242 -8237 662769 61 6000 44279
5552 1000 -8236 -8231 78226 401 6000 64919
151713 1000 -8230 -8225 490175 361 6000 59865
23259 1000 -8224 -8219 464702 448 6000 87001
5773 1000 -8218 -8213 148628 116 6000 52395
10958 1000 -8212 -8207 142641 572 6000 20753
78548 1000 -8206 -8201 306274 42 6000 70347
4197 1000 -8200 -8195 81610 158 6000 18826
22725 1000 -8194 -8189 696329 631 6000 28886
32630 1000 -8188 -8183 806556 158 6000 51411
1739 1000 -8182 -8177 588701 98 6000 72159
64026 1000 -8176 -8171 842714 167 6000 7388
25735 1000 -8170 -8165 912457 327 6000 65517
197415 1000 -8164 -8159 94105 245 6000 61592
5285 1000 -8158 -8153 114402 149 6000 89559
221057 1000 -8152 -8147 871733 160 6000 31270
7934 1000 -8146 -8141 645481 96 6000 44783
13691 1000 -8140 -8135 652190 314 6000 43592
93191 1000 -8134 -8129 227937 121 6000 26304
236891 1000 -8128 -8123 106998 394 6000 40228
55413 1000 -8122 -8117 968131 346 6000 27276
74017 1000 -8116 -8111 204625 27 6000 19234
12658 1000 -8110 -8105 182691 102 6000 82344
183921 1000 -8104 -8099 920732 12 6000 19497
54861 1000 -8098 -8093 708447 490 6000 60888
41 1000 -8092 -8087 352018 1 6000 45819
7667 1000 -8086 -8081 407152 19 6000 45227
116863 1000 -8080 -8075 15841 137 6000 21984
12623 1000 -8074 -8069 459898 288 6000 70096
135354 1000 -8068 -8063 887661 18 6000 94478
26873 1000 -8062 -8057 85662 63 6000 90984
64162 1000 -8056 -8051 388469 130 6000 94105
20977 1000 -8050 -8045 264849 443 6000 22163
71309 1000 -8044 -8039 903797 303 6000 40641
6072 1000 -8038 -8033 676050 225 6000 68903
3392 1000 -8032 -8027 387850 311 6000 28780
84211 1000 -8026 -8021 297434 41 6000 43465
164115 1000 -8020 -8015 474082 113 6000 94643
215408 1000 -8014 -8009 434208 181 6000 88688
3938 1000 -8008 -8003 396143 98 6000 37265
17710 1000 -8002 -7997 640599 13 6000 86275
55343 1000 -7996 -7991 958302 423 6000 82849
5655 1000 -7990 -7985 979891 36 6000 37519
17248 1000 -7984 -7979 404359 33 6000 42474
263254 1000 -7978 -7973 602588 44 6000 89250
33326 1000 -7972 -7967 51086 94 6000 68268
62584 1000 -7966 -7961 88410 100 6000 62927
20421 1000 -7960 -7955 456392 56 6000 15612
62601 1000 -7954 -7949 781798 63 6000 -705
21703 1000 -7948 -7943 364545 61 6000 35171
1478 1000 -7942 -7937 407983 14 6000 38736
57684 1000 -7936 -7931 837441 115 6000 65219
114581 1000 -7930 -7925 381869 93 6000 13964
2677 1000 -7924 -7919 222540 123 6000 8622
3618 1000 -7918 -7913 224834 6 6000 74615
16920 1000 -7912 -7907 477231 396 6000 52840
46002 1000 -7906 -7901 403842 596 6000 30199
137 1000 -7900 -7895 431684 76 6000 92620
17050 1000 -7894 -7889 928174 108 6000 40748
865 1000 -7888 -7883 342019 532 6000 76946
85077 1000 -7882 -7877 646561 6 6000 72272
114236 1000 -7876 -7871 256010 456 6000 9843
3605 1000 -7870 -7865 351159 220 6000 6812
8574 1000 -7864 -7859 606729 8 6000 20902
45008 1000 -7858 -7853 591091 340 6000 83936
116521 1000 -7852 -7847 543133 413 6000 76920
39797 1000 -7846 -7841 760668 71 6000 21637
88562 1000 -7840 -7835 741489 243 6000 5486
210494 1000 -7834 -7829 729095 341 6000 1614
2257 1000 -7828 -7823 477112 330 6000 39480
338930 1000 -7822 -7817 101210 11 6000 62224
359652 1000 -7816 -7811 337861 51 6000 36960
5556 1000 -7810 -7805 426873 521 6000 28235
254086 1000 -7804 -7799 888784 171 6000 61754
55736 1000 -7798 -7793 642586 232 6000 64900
75222 1000 -7792 -7787 536689 73 6000 -407
11893 1000 -7786 -7781 660906 304 6000 84526
144867 1000 -7780 -7775 542616 151 6000 72598
22581 1000 -7774 -7769 891219 125 6000 37505
201980 1000 -7768 -7763 995451 312 6000 -941
243 1000 -7762 -7757 157617 42 6000 50800
15859 1000 -7756 -7751 518381 203 6000 44726
83672 1000 -7750 -7745 359639 22 6000 18345
159839 1000 -7744 -7739 579320 291 6000 9651
218873 1000 -7738 -7733 223897 182 6000 66936
60861 1000 -7732 -7727 561161 62 6000 98417
83063 1000 -7726 -7721 47773 123 6000 43064
28874 1000 -7720 -7715 830159 76 6000 21810
157441 1000 -7714 -7709 187066 4 6000 65184
261772 1000 -7708 -7703 348192 55 6000 41895
18368 1000 -7702 -7697 505242 652 6000 22491
118068 1000 -7696 -7691 118798 163 6000 67097
2551 1000 -7690 -7685 931316 112 6000 53152
5192 1000 -7684 -7679 733710 15 6000 99969
210669 1000 -7678 -7673 366258 37 6000 33422
25610 1000 -7672 -7667 341842 388 6000 12325
32432 1000 -7666 -7661 111709 30 6000 76234
58863 1000 -7660 -7655 442160 11 6000 58659
107804 1000 -7654 -7649 638592 73 6000 8877
10068 1000 -7648 -7643 78580 257 6000 16152
315189 1000 -7642 -7637 596411 218 6000 19055
2671 1000 -7636 -7631 706096 215 6000 5586
11132 1000 -7630 -7625 538764 143 6000 49787
117308 1000 -7624 -7619 637331 285 6000 34646
54623 1000 -7618 -7613 292195 17 6000 12573
59489 1000 -7612 -7607 73981 15 6000 45667
22749 1000 -7606 -7601 256521 428 6000 19257
27362 1000 -7600 -7595 583 127 6000 43695
70509 1000 -7594 -7589 891194 527 6000 53073
66107 1000 -7588 -7583 47368 47 6000 64680
217796 1000 -7582 -7577 385436 323 6000 42532
169047 1000 -7576 -7571 299825 76 6000 72331
18599 1000 -7570 -7565 767933 5 6000 35670
23256 1000 -7564 -7559 5492 53 6000 13958
40244 1000 -7558 -7553 775685 412 6000 -86
36388 1000 -7552 -7547 787512 282 6000 21974
151633 1000 -7546 -7541 242314 424 6000 45521
5792 1000 -7540 -7535 78057 90 6000 83317
5008 1000 -7534 -7529 548361 141 6000 57570
52316 1000 -7528 -7523 543906 27 6000 10891
67838 1000 -7522 -7517 219410 255 6000 96119
145076 1000 -7516 -7511 674991 143 6000 6435
9918 1000 -7510 -7505 329167 56 6000 70937
34372 1000 -7504 -7499 219265 570 6000 89399
6476 1000 -7498 -7493 446866 237 6000 94635
2592 1000 -7492 -7487 514810 196 6000 10731
54597 1000 -7486 -7481 692843 11 6000 31697
226165 1000 -7480 -7475 366446 64 6000 56545
66985 1000 -7474 -7469 112118 110 6000 15052
3159 1000 -7468 -7463 385798 468 6000 13528
15877 1000 -7462 -7457 974512 330 6000 1842
194780 1000 -7456 -7451 346454 125 6000 35777
18998 1000 -7450 -7445 703916 429 6000 65676
448246 1000 -7444 -7439 553401 94 6000 44285
5335 1000 -7438 -7433 176898 293 6000 37671
3126 1000 -7432 -7427 129830 182 6000 94616
16918 1000 -7426 -7421 233693 10 6000 13348
13591 1000 -7420 -7415 909238 218 6000 49392
27233 1000 -7414 -7409 517394 342 6000 52408
80789 1000 -7408 -7403 301719 96 6000 8521
115407 1000 -7402 -7397 432135 51 6000 93484
321049 1000 -7396 -7391 315060 62 6000 84822
969 1000 -7390 -7385 668163 201 6000 3929
30608 1000 -7384 -7379 104251 105 6000 93776
32135 1000 -7378 -7373 571945 9 6000 12098
16205 1000 -7372 -7367 211361 43 6000 35789
39709 1000 -7366 -7361 700357 253 6000 44033
5226 1000 -7360 -7355 318779 90 6000 63531
97156 1000 -7354 -7349 19325 19 6000 92274
38628 1000 -7348 -7343 175047 273 6000 33181
217042 1000 -7342 -7337 969486 31 6000 64220
14771 1000 -7336 -7331 592532 240 6000 63575
9806 1000 -7330 -7325 146697 199 6000 29461
89406 1000 -7324 -7319 284538 160 6000 63081
21013 1000 -7318 -7313 667271 60 6000 52758
214476 1000 -7312 -7307 146849 71 6000 29525
188081 1000 -7306 -7301 439785 174 6000 93083
31103 1000 -7300 -7295 224382 187 6000 71649
11446 1000 -7294 -7289 661915 39 6000 55941
234449 1000 -7288 -7283 925227 18 6000 17220
98594 1000 -7282 -7277 855681 100 6000 72569
27602 1000 -7276 -7271 817314 42 6000 84593
2862 1000 -7270 -7265 731402 511 6000 26575
15229 1000 -7264 -7259 478809 345 6000 26923
80603 1000 -7258 -7253 8271 54 6000 56553
13911 1000 -7252 -7247 946951 6 6000 48635
27174 1000 -7246 -7241 995733 425 6000 89515
9542 1000 -7240 -7235 217935 56 6000 99955
34629 1000 -7234 -7229 596751 271 6000 25790
6802 1000 -7228 -7223 843519 35 6000 1071
3053 1000 -7222 -7217 607230 355 6000 34478
35663 1000 -7216 -7211 881927 86 6000 25016
90123 1000 -7210 -7205 970777 205 6000 46171
74248 1000 -7204 -7199 191961 235 6000 25186
55473 1000 -7198 -7193 471941 119 6000 61931
11425 1000 -7192 -7187 903550 171 6000 71765
288183 1000 -7186 -7181 290774 77 6000 98416
31191 1000 -7180 -7175 402158 148 6000 52101
218531 1000 -7174 -7169 856956 29 6000 4094
69639 1000 -7168 -7163 291402 234 6000 43681
55877 1000 -7162 -7157 571823 366 6000 40742
15857 1000 -7156 -7151 879983 613 6000 82648
312067 1000 -7150 -7145 333333 305 6000 5138
44937 1000 -7144 -7139 746984 5 6000 49459
251342 1000 -7138 -7133 118890 195 6000 44864
523 1000 -7132 -7127 712605 219 6000 10704
51053 1000 -7126 -7121 99369 229 6000 83741
64077 1000 -7120 -7115 291634 242 6000 7517
136191 1000 -7114 -7109 256337 515 6000 33614
19661 1000 -7108 -7103 739835 75 6000 32251
108445 1000 -7102 -7097 600784 176 6000 77724
165078 1000 -7096 -7091 574399 367 6000 31044
74854 1000 -7090 -7085 882747 120 6000 60600
217785 1000 -7084 -7079 731108 93 6000 -29
3789 1000 -7078 -7073 894523 157 6000 63398
120335 1000 -7072 -7067 641927 119 6000 26570
111416 1000 -7066 -7061 517485 85 6000 37581
78073 1000 -7060 -7055 70899 99 6000 35010
82964 1000 -7054 -7049 656826 361 6000 92048
18035 1000 -7048 -7043 299401 36 6000 76263
171763 1000 -7042 -7037 963883 151 6000 36999
55481 1000 -7036 -7031 20335 130 6000 16481
497775 1000 -7030 -7025 162034 26 6000 23915
99912 1000 -7024 -7019 170395 383 6000 50879
283846 1000 -7018 -7013 795565 50 6000 58930
17078 1000 -7012 -7007 146649 280 6000 54688
353990 1000 -7006 -7001 72113 54 6000 88759
58497 1000 -7000 -6995 843405 395 6000 12020
8533 1000 -6994 -6989 734604 27 6000 70491
42254 1000 -6988 -6983 213060 193 6000 14281
1803 1000 -6982 -6977 36270 68 6000 58644
57353 1000 -6976 -6971 613971 123 6000 38642
236637 1000 -6970 -6965 932396 110 6000 51296
290878 1000 -6964 -6959 441572 34 6000 40559
101 1000 -6958 -6953 58250 99 6000 59734
557878 1000 -6952 -6947 883437 66 6000 80483
56445 1000 -6946 -6941 789978 545 6000 4015
148047 1000 -6940 -6935 603884 149 6000 17315
117618 1000 -6934 -6929 734240 56 6000 22190
326350 1000 -6928 -6923 888884 57 6000 88074
4623 1000 -6922 -6917 721508 13 6000 52938
364069 1000 -6916 -6911 481651 195 6000 18000
5682 1000 -6910 -6905 793580 75 6000 29107
1589 1000 -6904 -6899 266980 8 6000 91283
26970 1000 -6898 -6893 119191 110 6000 45013
13775 1000 -6892 -6887 157308 95 6000 34100
3488 1000 -6886 -6881 890527 151 6000 48028
6965 1000 -6880 -6875 264715 6 6000 495
114688 1000 -6874 -6869 11646 189 6000 47621
50124 1000 -6868 -6863 412142 107 6000 42895
12620 1000 -6862 -6857 447260 66 6000 59103
181749 1000 -6856 -6851 610529 137 6000 4315
1101 1000 -6850 -6845 236348 260 6000 20569
159917 1000 -6844 -6839 226249 128 6000 93278
136768 1000 -6838 -6833 544189 191 6000 92439
233723 1000 -6832 -6827 55891 21 6000 25106
21453 1000 -6826 -6821 669164 45 6000 23726
35316 1000 -6820 -6815 577818 112 6000 86914
46149 1000 -6814 -6809 381097 277 6000 76127
267222 1000 -6808 -6803 509425 307 6000 54044
28836 1000 -6802 -6797 880337 262 6000 84374
15553 1000 -6796 -6791 211248 77 6000 25024
234425 1000 -6790 -6785 475011 350 6000 62113
63925 1000 -6784 -6779 593784 281 6000 31954
374862 1000 -6778 -6773 182249 33 6000 68802
39189 1000 -6772 -6767 593553 68 6000 17702
17364 1000 -6766 -6761 857003 29 6000 99841
13463 1000 -6760 -6755 422246 327 6000 92251
50879 1000 -6754 -6749 455492 30 6000 45876
133516 1000 -6748 -6743 619438 90 6000 64396
138978 1000 -6742 -6737 282126 124 6000 66107
36268 1000 -6736 -6731 783878 318 6000 83918
9621 1000 -6730 -6725 731370 63 6000 34221
112054 1000 -6724 -6719 932533 228 6000 43893
26854 1000 -6718 -6713 243491 290 6000 48641
1868 1000 -6712 -6707 168253 2 6000 31715
184245 1000 -6706 -6701 145689 101 6000 87309
182640 1000 -6700 -6695 931690 97 6000 65645
11362 1000 -6694 -6689 373963 17 6000 84873
16554 1000 -6688 -6683 144357 425 6000 59383
46249 1000 -6682 -6677 568399 10 6000 74061
9832 1000 -6676 -6671 222720 202 6000 81806
40059 1000 -6670 -6665 941992 73 6000 329
355398 1000 -6664 -6659 555751 183 6000 94538
1011 1000 -6658 -6653 811960 6 6000 58812
219741 1000 -6652 -6647 915664 422 6000 86133
293993 1000 -6646 -6641 369016 336 6000 48662
44028 1000 -6640 -6635 563875 231 6000 15364
58492 1000 -6634 -6629 579735 137 6000 40109
82292 1000 -6628 -6623 249851 260 6000 94074
153542 1000 -6622 -6617 975363 32 6000 58808
1339 1000 -6616 -6611 502553 16 6000 22378
106447 1000 -6610 -6605 316104 378 6000 83756
240206 1000 -6604 -6599 260252 53 6000 95765
325582 1000 -6598 -6593 478215 176 6000 86849
35748 1000 -6592 -6587 764779 190 6000 21529
1388 1000 -6586 -6581 142518 123 6000 32845
27076 1000 -6580 -6575 509014 311 6000 34038
26463 1000 -6574 -6569 150964 548 6000 78005
167 1000 -6568 -6563 518992 11 6000 81994
125062 1000 -6562 -6557 276952 214 6000 87351
4700 1000 -6556 -6551 575509 63 6000 62349
60363 1000 -6550 -6545 171195 233 6000 37018
180039 1000 -6544 -6539 783353 211 6000 19124
8638 1000 -6538 -6533 672789 312 6000 38584
13084 1000 -6532 -6527 611155 234 6000 67877
195986 1000 -6526 -6521 969808 176 6000 39213
49744 1000 -6520 -6515 287702 386 6000 43735
314143 1000 -6514 -6509 66449 46 6000 79120
56657 1000 -6508 -6503 494478 49 6000 92210
164238 1000 -6502 -6497 471062 64 6000 95261
346256 1000 -6496 -6491 628277 82 6000 26105
187433 1000 -6490 -6485 283754 108 6000 17687
8156 1000 -6484 -6479 735089 121 6000 62509
63469 1000 -6478 -6473 757553 216 6000 89948
158489 1000 -6472 -6467 916141 214 6000 32736
3530 1000 -6466 -6461 725735 590 6000 11856
55702 1000 -6460 -6455 198972 41 6000 12924
9572 1000 -6454 -6449 668031 138 6000 74413
19723 1000 -6448 -6443 166358 504 6000 27615
749 1000 -6442 -6437 534028 171 6000 46859
65622 1000 -6436 -6431 25969 25 6000 10230
282 1000 -6430 -6425 409720 275 6000 86975
215 1000 -6424 -6419 826747 259 6000 9654
16332 1000 -6418 -6413 898625 119 6000 94693
4743 1000 -6412 -6407 539333 568 6000 31675
158827 1000 -6406 -6401 617480 86 6000 15830
183342 1000 -6400 -6395 501766 95 6000 17287
60624 1000 -6394 -6389 341898 219 6000 19538
10658 1000 -6388 -6383 854451 391 6000 30437
21001 1000 -6382 -6377 527934 72 6000 24911
28647 1000 -6376 -6371 652455 288 6000 87011
219602 1000 -6370 -6365 299239 265 6000 59872
165503 1000 -6364 -6359 669097 114 6000 87871
8147 1000 -6358 -6353 870750 144 6000 33597
190340 1000 -6352 -6347 863588 182 6000 47509
134233 1000 -6346 -6341 131468 293 6000 11591
5 1000 -6340 -6335 464112 6 6000 67757
75530 1000 -6334 -6329 758726 411 6000 13317
22042 1000 -6328 -6323 54356 45 6000 65273
40274 1000 -6322 -6317 130581 11 6000 80503
65782 1000 -6316 -6311 545536 14 6000 98578
126023 1000 -6310 -6305 798297 20 6000 56342
17013 1000 -6304 -6299 167793 174 6000 30692
26536 1000 -6298 -6293 321155 83 6000 97274
7223 1000 -6292 -6287 276643 32 6000 86979
122069 1000 -6286 -6281 829834 32 6000 25530
353428 1000 -6280 -6275 102757 12 6000 60180
57155 1000 -6274 -6269 817523 348 6000 74539
156800 1000 -6268 -6263 133340 235 6000 20300
206875 1000 -6262 -6257 125809 104 6000 64150
170626 1000 -6256 -6251 130049 362 6000 89820
55414 1000 -6250 -6245 923483 171 6000 27161
68187 1000 -6244 -6239 835464 338 6000 75534
2840 1000 -6238 -6233 403518 141 6000 35215
375433 1000 -6232 -6227 339558 150 6000 50102
398 1000 -6226 -6221 520507 27 6000 37981
342257 1000 -6220 -6215 319159 57 6000 12278
53776 1000 -6214 -6209 969395 33 6000 64771
86180 1000 -6208 -6203 495996 447 6000 71817
287588 1000 -6202 -6197 546195 98 6000 5713
86646 1000 -6196 -6191 139638 240 6000 84843
445 1000 -6190 -6185 220236 3 6000 32013
163196 1000 -6184 -6179 505100 323 6000 18645
16838 1000 -6178 -6173 532750 257 6000 93301
350457 1000 -6172 -6167 244531 253 6000 14914
105955 1000 -6166 -6161 153867 404 6000 7981
9029 1000 -6160 -6155 434335 555 6000 33418
29508 1000 -6154 -6149 487240 99 6000 62924
101192 1000 -6148 -6143 278057 98 6000 77848
66964 1000 -6142 -6137 678118 394 6000 49985
31073 1000 -6136 -6131 943356 66 6000 14470
41037 1000 -6130 -6125 539708 381 6000 76471
43215 1000 -6124 -6119 554427 417 6000 84289
6757 1000 -6118 -6113 786466 9 6000 72333
8872 1000 -6112 -6107 799652 266 6000 2899
156259 1000 -6106 -6101 341561 91 6000 14129
1378 1000 -6100 -6095 708688 139 6000 11289
130134 1000 -6094 -6089 700185 8 6000 32992
33804 1000 -6088 -6083 118056 133 6000 54693
77832 1000 -6082 -6077 889226 309 6000 71107
95073 1000 -6076 -6071 409992 142 6000 83970
7217 1000 -6070 -6065 255666 350 6000 75955
27779 1000 -6064 -6059 638942 5 6000 15457
872 1000 -6058 -6053 632625 13 6000 26566
18977 1000 -6052 -6047 152162 20 6000 37245
15436 1000 -6046 -6041 53113 135 6000 21483
28657 1000 -6040 -6035 27865 107 6000 66516
69760 1000 -6034 -6029 876532 489 6000 80306
25734 1000 -6028 -6023 620423 355 6000 39809
41834 1000 -6022 -6017 669714 482 6000 6138
1101 1000 -6016 -6011 995657 442 6000 31298
423764 1000 -6010 -6005 877864 210 6000 32064
166867 1000 -6004 -5999 610071 213 6000 69023
261 1000 -5998 -5993 955130 134 6000 74750
1819 1000 -5992 -5987 847982 51 6000 92962
20621 1000 -5986 -5981 646212 169 6000 94550
419150 1000 -5980 -5975 405947 131 6000 25172
52436 1000 -5974 -5969 620800 162 6000 94546
2466 1000 -5968 -5963 681782 10 6000 8611
26081 1000 -5962 -5957 480386 185 6000 35163
93019 1000 -5956 -5951 82665 489 6000 99662
172774 1000 -5950 -5945 447961 439 6000 99414
203653 1000 -5944 -5939 163320 35 6000 55827
101316 1000 -5938 -5933 729822 494 6000 15824
72839 1000 -5932 -5927 505988 74 6000 31970
132407 1000 -5926 -5921 240816 289 6000 39959
18360 1000 -5920 -5915 447808 1 6000 44843
22022 1000 -5914 -5909 761486 129 6000 7470
29264 1000 -5908 -5903 733726 137 6000 38693
5595 1000 -5902 -5897 341504 13 6000 37808
33437 1000 -5896 -5891 560969 86 6000 28304
149475 1000 -5890 -5885 876680 117 6000 7813
179454 1000 -5884 -5879 408093 246 6000 2475
17472 1000 -5878 -5873 530303 412 6000 96335
45002 1000 -5872 -5867 269402 207 6000 24470
16469 1000 -5866 -5861 442318 191 6000 58785
636 1000 -5860 -5855 99687 253 6000 88985
81469 1000 -5854 -5849 18095 329 6000 90537
97411 1000 -5848 -5843 733270 132 6000 37144
309950 1000 -5842 -5837 83748 32 6000 40675
145250 1000 -5836 -5831 184450 330 6000 29936
6189 1000 -5830 -5825 296399 2 6000 34382
10614 1000 -5824 -5819 961743 83 6000 54271
211374 1000 -5818 -5813 727137 45 6000 89872
25570 1000 -5812 -5807 292998 203 6000 25686
74618 1000 -5806 -5801 832674 8 6000 24845
51036 1000 -5800 -5795 93355 29 6000 60651
63294 1000 -5794 -5789 339382 83 6000 8694
18217 1000 -5788 -5783 725331 133 6000 36245
79003 1000 -5782 -5777 109823 86 6000 76055
107273 1000 -5776 -5771 917374 44 6000 36367
6845 1000 -5770 -5765 383798 126 6000 86074
82236 1000 -5764 -5759 960920 82 6000 93265
261592 1000 -5758 -5753 317066 260 6000 70777
120088 1000 -5752 -5747 668310 42 6000 83585
76213 1000 -5746 -5741 488945 420 6000 521
50190 1000 -5740 -5735 243878 457 6000 93700
34387 1000 -5734 -5729 522018 508 6000 89142
13715 1000 -5728 -5723 880228 31 6000 78984
998 1000 -5722 -5717 456587 557 6000 41547
4286 1000 -5716 -5711 354793 26 6000 5920
222264 1000 -5710 -5705 545692 24 6000 59888
57850 1000 -5704 -5699 998614 92 6000 278
7017 1000 -5698 -5693 986597 8 6000 30539
6803 1000 -5692 -5687 791759 1 6000 75225
6973 1000 -5686 -5681 237176 83 6000 99852
42407 1000 -5680 -5675 685559 110 6000 42046
48827 1000 -5674 -5669 763191 36 6000 37557
73825 1000 -5668 -5663 59867 89 6000 62149
28114 1000 -5662 -5657 896166 482 6000 66718
397617 1000 -5656 -5651 999570 9 6000 20398
216945 1000 -5650 -5645 617936 337 6000 59483
78441 1000 -5644 -5639 207452 59 6000 3370
5 1000 -5638 -5633 486067 52 6000 62681
43994 1000 -5632 -5627 426106 331 6000 26479
49843 1000 -5626 -5621 779405 63 6000 88252
327985 1000 -5620 -5615 231914 165 6000 71848
242873 1000 -5614 -5609 266047 333 6000 198
10508 1000 -5608 -5603 765669 280 6000 17721
173027 1000 -5602 -5597 472972 235 6000 10648
124348 1000 -5596 -5591 867562 443 6000 38558
18754 1000 -5590 -5585 303557 33 6000 4764
213505 1000 -5584 -5579 368121 37 6000 97038
46718 1000 -5578 -5573 236597 492 6000 16527
15920 1000 -5572 -5567 184002 266 6000 52268
203667 1000 -5566 -5561 674665 71 6000 4534
185789 1000 -5560 -5555 36371 184 6000 51712
94273 1000 -5554 -5549 945519 156 6000 87992
90346 1000 -5548 -5543 951054 37 6000 12482
299900 1000 -5542 -5537 368502 82 6000 38278
47949 1000 -5536 -5531 892739 43 6000 55128
55320 1000 -5530 -5525 676558 487 6000 73976
138744 1000 -5524 -5519 510001 400 6000 75283
8091 1000 -5518 -5513 446300 25 6000 -286
91580 1000 -5512 -5507 713747 270 6000 6139
317094 1000 -5506 -5501 870096 30 6000 87177
170120 1000 -5500 -5495 93798 78 6000 22475
64198 1000 -5494 -5489 171427 6 6000 26915
1819 1000 -5488 -5483 277399 96 6000 35876
48845 1000 -5482 -5477 408407 72 6000 79314
100597 1000 -5476 -5471 59285 198 6000 28301
178723 1000 -5470 -5465 163473 158 6000 62039
2024 1000 -5464 -5459 412670 16 6000 49092
76943 1000 -5458 -5453 376478 40 6000 36322
278022 1000 -5452 -5447 743417 149 6000 -456
641 1000 -5446 -5441 259382 144 6000 2535
36434 1000 -5440 -5435 411385 133 6000 1744
184037 1000 -5434 -5429 113465 290 6000 83262
67096 1000 -5428 -5423 915544 177 6000 52299
3317 1000 -5422 -5417 234055 485 6000 71645
119317 1000 -5416 -5411 370795 23 6000 95953
245027 1000 -5410 -5405 247597 100 6000 4748
27502 1000 -5404 -5399 314802 2 6000 51376
30461 1000 -5398 -5393 963512 28 6000 38555
4247 1000 -5392 -5387 864047 46 6000 78106
36922 1000 -5386 -5381 53603 6 6000 77011
24828 1000 -5380 -5375 10487 263 6000 2329
4767 1000 -5374 -5369 55986 27 6000 87647
278 1000 -5368 -5363 363066 84 6000 89307
57034 1000 -5362 -5357 305380 431 6000 14608
368816 1000 -5356 -5351 695944 188 6000 99797
39945 1000 -5350 -5345 410955 4 6000 45138
60067 1000 -5344 -5339 56199 102 6000 96269
1170 1000 -5338 -5333 584213 308 6000 80182
4875 1000 -5332 -5327 548565 103 6000 11603
457 1000 -5326 -5321 638032 96 6000 7618
5637 1000 -5320 -5315 440918 53 6000 10260
193090 1000 -5314 -5309 939452 60 6000 26598
122915 1000 -5308 -5303 860151 266 6000 47030
11792 1000 -5302 -5297 866421 375 6000 50503
67912 1000 -5296 -5291 311879 544 6000 84635
129405 1000 -5290 -5285 684527 245 6000 31769
2884 1000 -5284 -5279 174098 169 6000 66790
118541 1000 -5278 -5273 264022 1 6000 39998
127436 1000 -5272 -5267 209975 126 6000 43998
13285 1000 -5266 -5261 477806 364 6000 45175
59612 1000 -5260 -5255 689662 560 6000 74364
291928 1000 -5254 -5249 50246 84 6000 45949
22904 1000 -5248 -5243 450181 580 6000 18940
25497 1000 -5242 -5237 754603 325 6000 18427
12736 1000 -5236 -5231 971227 115 6000 78956
315218 1000 -5230 -5225 955104 87 6000 39713
5344 1000 -5224 -5219 315261 152 6000 41027
152406 1000 -5218 -5213 686363 168 6000 52080
866 1000 -5212 -5207 316016 55 6000 32691
56156 1000 -5206 -5201 418107 14 6000 13034
168716 1000 -5200 -5195 509806 2 6000 29937
303945 1000 -5194 -5189 987260 123 6000 4130
1929 1000 -5188 -5183 361645 146 6000 65833
30347 1000 -5182 -5177 739569 64 6000 53051
238146 1000 -5176 -5171 515089 1 6000 -38
49951 1000 -5170 -5165 996039 367 6000 54624
216926 1000 -5164 -5159 624635 74 6000 89767
48866 1000 -5158 -5153 811706 410 6000 45186
1525 1000 -5152 -5147 199243 397 6000 27316
90664 1000 -5146 -5141 110559 72 6000 40477
186941 1000 -5140 -5135 477442 315 6000 92274
146378 1000 -5134 -5129 101112 168 6000 96716
61868 1000 -5128 -5123 478717 8 6000 47343
48321 1000 -5122 -5117 5113 170 6000 21198
6599 1000 -5116 -5111 377257 488 6000 51220
106435 1000 -5110 -5105 978127 100 6000 98202
107767 1000 -5104 -5099 562853 376 6000 81650
2120 1000 -5098 -5093 607967 442 6000 79112
40935 1000 -5092 -5087 735168 241 6000 48074
313113 1000 -5086 -5081 533117 116 6000 58312
20190 1000 -5080 -5075 83408 383 6000 30615
19331 1000 -5074 -5069 658694 100 6000 23976
5131 1000 -5068 -5063 612439 75 6000 13736
4736 1000 -5062 -5057 338357 281 6000 28929
363279 1000 -5056 -5051 73706 49 6000 34389
231216 1000 -5050 -5045 500650 121 6000 48552
35903 1000 -5044 -5039 33079 203 6000 50825
6304 1000 -5038 -5033 380849 152 6000 60190
5660 1000 -5032 -5027 426236 543 6000 93904
2679 1000 -5026 -5021 343528 94 6000 79430
7709 1000 -5020 -5015 846182 385 6000 17234
4647 1000 -5014 -5009 246054 297 6000 26894
15683 1000 -5008 -5003 287041 7 6000 80578
10438 1000 -5002 -4997 852031 279 6000 46979
17459 1000 -4996 -4991 720055 4 6000 38395
258939 1000 -4990 -4985 652057 262 6000 78302
429 1000 -4984 -4979 951303 40 6000 18068
4335 1000 -4978 -4973 67005 41 6000 90620
6481 1000 -4972 -4967 818149 60 6000 73053
15107 1000 -4966 -4961 412422 208 6000 75084
182629 1000 -4960 -4955 854279 172 6000 90183
67155 1000 -4954 -4949 961502 237 6000 35104
7448 1000 -4948 -4943 551833 359 6000 69130
144154 1000 -4942 -4937 436153 268 6000 39403
9943 1000 -4936 -4931 246812 71 6000 78297
63602 1000 -4930 -4925 818560 299 6000 8156
8289 1000 -4924 -4919 619835 9 6000 96692
97359 1000 -4918 -4913 20526 47 6000 95643
44023 1000 -4912 -4907 437134 181 6000 42283
39217 1000 -4906 -4901 966083 90 6000 5534
61931 1000 -4900 -4895 294704 7 6000 48140
7450 1000 -4894 -4889 997652 3 6000 51302
226152 1000 -4888 -4883 447390 84 6000 87727
80260 1000 -4882 -4877 853921 196 6000 -761
188048 1000 -4876 -4871 988518 257 6000 61697
219795 1000 -4870 -4865 157393 167 6000 69221
32024 1000 -4864 -4859 172239 196 6000 99187
254202 1000 -4858 -4853 767153 153 6000 93501
54435 1000 -4852 -4847 560830 198 6000 -153
11802 1000 -4846 -4841 220639 482 6000 31349
3264 1000 -4840 -4835 501486 440 6000 51964
14718 1000 -4834 -4829 838050 25 6000 74516
7625 1000 -4828 -4823 140811 10 6000 76784
343172 1000 -4822 -4817 546696 20 6000 25152
32118 1000 -4816 -4811 249633 41 6000 12007
932 1000 -4810 -4805 253634 1 6000 358
19415 1000 -4804 -4799 167916 58 6000 15749
43655 1000 -4798 -4793 308842 257 6000 27582
53590 1000 -4792 -4787 834441 28 6000 94809
1740 1000 -4786 -4781 880845 322 6000 64868
29901 1000 -4780 -4775 896256 27 6000 1985
83469 1000 -4774 -4769 702753 133 6000 7999
354963 1000 -4768 -4763 675631 272 6000 38256
36966 1000 -4762 -4757 311065 37 6000 70488
358629 1000 -4756 -4751 191710 78 6000 34631
39962 1000 -4750 -4745 918932 34 6000 17474
97275 1000 -4744 -4739 607901 438 6000 42570
63485 1000 -4738 -4733 814517 125 6000 35477
77981 1000 -4732 -4727 134056 566 6000 62762
13419 1000 -4726 -4721 845158 110 6000 39035
125613 1000 -4720 -4715 429488 336 6000 93543
21622 1000 -4714 -4709 446525 231 6000 36143
22683 1000 -4708 -4703 868576 6 6000 93282
28219 1000 -4702 -4697 212710 49 6000 12994
291590 1000 -4696 -4691 910955 220 6000 92388
5723 1000 -4690 -4685 562972 452 6000 44209
11615 1000 -4684 -4679 168790 24 6000 11793
86031 1000 -4678 -4673 912703 5 6000 97159
13197 1000 -4672 -4667 254130 130 6000 55322
79479 1000 -4666 -4661 536796 19 6000 90766
7537 1000 -4660 -4655 792470 163 6000 70096
8312 1000 -4654 -4649 139036 39 6000 78161
3131 1000 -4648 -4643 731207 336 6000 842
28776 1000 -4642 -4637 186081 213 6000 32634
22717 1000 -4636 -4631 870263 551 6000 75495
94755 1000 -4630 -4625 767452 17 6000 39214
54941 1000 -4624 -4619 167028 312 6000 12289
7206 1000 -4618 -4613 897155 33 6000 78171
19218 1000 -4612 -4607 487843 163 6000 39923
4208 1000 -4606 -4601 775618 398 6000 94275
83822 1000 -4600 -4595 240418 145 6000 70255
20133 1000 -4594 -4589 761505 304 6000 27297
130916 1000 -4588 -4583 641314 240 6000 92692
75422 1000 -4582 -4577 290629 330 6000 33710
95262 1000 -4576 -4571 934973 90 6000 92715
15889 1000 -4570 -4565 859783 233 6000 38579
6232 1000 -4564 -4559 801651 360 6000 32942
74894 1000 -4558 -4553 164811 450 6000 76090
81644 1000 -4552 -4547 507869 125 6000 30604
98846 1000 -4546 -4541 916620 278 6000 99617
14762 1000 -4540 -4535 419130 224 6000 81620
92572 1000 -4534 -4529 196381 264 6000 75364
10850 1000 -4528 -4523 416548 431 6000 14801
112996 1000 -4522 -4517 295065 227 6000 -293
30621 1000 -4516 -4511 758899 393 6000 45312
58223 1000 -4510 -4505 858687 9 6000 88649
12822 1000 -4504 -4499 809967 68 6000 33079
233691 1000 -4498 -4493 927026 38 6000 98843
26429 1000 -4492 -4487 812898 114 6000 41014
171722 1000 -4486 -4481 383722 86 6000 74011
6238 1000 -4480 -4475 563578 69 6000 57256
38785 1000 -4474 -4469 993812 210 6000 96767
34061 1000 -4468 -4463 279322 515 6000 29556
16203 1000 -4462 -4457 416584 18 6000 25597
31693 1000 -4456 -4451 546513 73 6000 81808
452798 1000 -4450 -4445 202321 90 6000 67487
23549 1000 -4444 -4439 17275 196 6000 64658
9985 1000 -4438 -4433 588800 179 6000 57564
169775 1000 -4432 -4427 529237 72 6000 96998
3623 1000 -4426 -4421 375212 51 6000 35798
42031 1000 -4420 -4415 681938 204 6000 52481
17580 1000 -4414 -4409 805952 129 6000 58104
4029 1000 -4408 -4403 372589 22 6000 40620
3719 1000 -4402 -4397 461684 287 6000 11171
159029 1000 -4396 -4391 469130 251 6000 89728
37536 1000 -4390 -4385 451855 294 6000 15590
22837 1000 -4384 -4379 607411 53 6000 98999
54034 1000 -4378 -4373 434934 50 6000 37795
2259 1000 -4372 -4367 641287 31 6000 85826
77404 1000 -4366 -4361 710923 513 6000 89943
25440 1000 -4360 -4355 184722 86 6000 90220
13397 1000 -4354 -4349 190441 302 6000 30674
120696 1000 -4348 -4343 489439 390 6000 -108
146725 1000 -4342 -4337 672819 21 6000 34950
256961 1000 -4336 -4331 26800 88 6000 46737
69735 1000 -4330 -4325 166317 276 6000 39812
171937 1000 -4324 -4319 837428 143 6000 96423
10910 1000 -4318 -4313 719143 50 6000 86006
45352 1000 -4312 -4307 223745 174 6000 55091
106319 1000 -4306 -4301 432501 294 6000 18903
13876 1000 -4300 -4295 544732 3 6000 83973
437217 1000 -4294 -4289 762582 98 6000 92801
439655 1000 -4288 -4283 848522 82 6000 48463
1763 1000 -4282 -4277 557375 242 6000 10753
288086 1000 -4276 -4271 567533 176 6000 95602
111157 1000 -4270 -4265 714607 289 6000 1535
173009 1000 -4264 -4259 700041 309 6000 58738
14619 1000 -4258 -4253 991251 56 6000 40698
63032 1000 -4252 -4247 202788 151 6000 21675
22429 1000 -4246 -4241 927168 459 6000 57133
83939 1000 -4240 -4235 267598 45 6000 47624
29924 1000 -4234 -4229 456827 190 6000 68858
19708 1000 -4228 -4223 65753 444 6000 95704
19176 1000 -4222 -4217 352040 35 6000 81316
5977 1000 -4216 -4211 356795 216 6000 53041
18558 1000 -4210 -4205 19371 306 6000 96612
5422 1000 -4204 -4199 668896 44 6000 36326
56261 1000 -4198 -4193 572169 23 6000 19212
1495 1000 -4192 -4187 16467 1 6000 19621
83639 1000 -4186 -4181 44224 112 6000 19305
1556 1000 -4180 -4175 434840 283 6000 32661
23529 1000 -4174 -4169 373254 168 6000 657
77418 1000 -4168 -4163 182378 52 6000 55664
115249 1000 -4162 -4157 220865 83 6000 51257
58600 1000 -4156 -4151 584072 175 6000 18231
9452 1000 -4150 -4145 133255 231 6000 46979
63075 1000 -4144 -4139 241517 394 6000 5563
5422 1000 -4138 -4133 475194 7 6000 10514
41103 1000 -4132 -4127 766051 27 6000 71700
81750 1000 -4126 -4121 115267 28 6000 52674
19631 1000 -4120 -4115 130273 15 6000 93662
254147 1000 -4114 -4109 61371 302 6000 61982
187671 1000 -4108 -4103 953591 163 6000 38310
986 1000 -4102 -4097 872085 580 6000 14618
211776 1000 -4096 -4091 800083 276 6000 12773
395703 1000 -4090 -4085 554058 233 6000 74769
12881 1000 -4084 -4079 712138 199 6000 57378
99202 1000 -4078 -4073 925302 74 6000 38448
39005 1000 -4072 -4067 810315 325 6000 18395
35062 1000 -4066 -4061 798183 83 6000 91609
9285 1000 -4060 -4055 294199 308 6000 99709
345873 1000 -4054 -4049 764555 225 6000 4094
76565 1000 -4048 -4043 558518 122 6000 55038
26953 1000 -4042 -4037 361486 525 6000 6765
3033 1000 -4036 -4031 103980 128 6000 8051
66041 1000 -4030 -4025 484412 414 6000 51706
73323 1000 -4024 -4019 648392 210 6000 9337
271570 1000 -4018 -4013 70421 84 6000 31542
56470 1000 -4012 -4007 216323 82 6000 96109
101 1000 -4006 -4001 572040 1 6000 7193
236376 1000 -4000 -3995 377313 159 6000 82697
1640 1000 -3994 -3989 806827 57 6000 55931
100612 1000 -3988 -3983 90407 46 6000 58615
2560 1000 -3982 -3977 502466 413 6000 53345
123886 1000 -3976 -3971 396793 133 6000 85311
15073 1000 -3970 -3965 332107 521 6000 14863
8283 1000 -3964 -3959 787584 77 6000 84155
40542 1000 -3958 -3953 745209 75 6000 90133
215659 1000 -3952 -3947 891909 252 6000 35793
283736 1000 -3946 -3941 189168 122 6000 66543
317401 1000 -3940 -3935 138946 124 6000 57565
94328 1000 -3934 -3929 267141 216 6000 46785
44524 1000 -3928 -3923 256363 275 6000 32163
110781 1000 -3922 -3917 907820 462 6000 16164
141449 1000 -3916 -3911 798567 239 6000 25714
277 1000 -3910 -3905 526090 220 6000 37768
28983 1000 -3904 -3899 642955 128 6000 6546
20954 1000 -3898 -3893 302328 67 6000 49099
776 1000 -3892 -3887 583543 10 6000 88919
1010 1000 -3886 -3881 671082 40 6000 43013
266772 1000 -3880 -3875 660941 26 6000 47625
28134 1000 -3874 -3869 671329 367 6000 58476
50599 1000 -3868 -3863 136849 159 6000 79062
7544 1000 -3862 -3857 794626 6 6000 71585
33453 1000 -3856 -3851 78729 83 6000 46121
42612 1000 -3850 -3845 543145 337 6000 60313
19491 1000 -3844 -3839 175874 399 6000 56604
89398 1000 -3838 -3833 5013 31 6000 72202
2973 1000 -3832 -3827 184846 4 6000 86266
59070 1000 -3826 -3821 941922 217 6000 17266
14058 1000 -3820 -3815 429690 210 6000 13336
19642 1000 -3814 -3809 714790 18 6000 21003
153763 1000 -3808 -3803 319427 268 6000 49960
17009 1000 -3802 -3797 324505 5 6000 87272
35059 1000 -3796 -3791 858912 37 6000 74160
7737 1000 -3790 -3785 401805 55 6000 12721
77590 1000 -3784 -3779 35774 354 6000 89388
46290 1000 -3778 -3773 968377 369 6000 53791
98326 1000 -3772 -3767 526669 412 6000 20805
10146 1000 -3766 -3761 719880 301 6000 84304
34185 1000 -3760 -3755 265296 281 6000 64117
139608 1000 -3754 -3749 341574 25 6000 71840
66879 1000 -3748 -3743 628809 34 6000 51555
130 1000 -3742 -3737 910406 461 6000 9714
5973 1000 -3736 -3731 296419 11 6000 33021
387480 1000 -3730 -3725 834067 195 6000 50799
6843 1000 -3724 -3719 838837 70 6000 84629
84799 1000 -3718 -3713 317253 416 6000 68468
58151 1000 -3712 -3707 84474 538 6000 43518
200975 1000 -3706 -3701 98232 84 6000 74081
229453 1000 -3700 -3695 674344 154 6000 86251
603 1000 -3694 -3689 463237 369 6000 39690
28207 1000 -3688 -3683 91670 14 6000 59613
152983 1000 -3682 -3677 401241 38 6000 44087
287225 1000 -3676 -3671 713116 58 6000 19470
8639 1000 -3670 -3665 260736 594 6000 48186
62601 1000 -3664 -3659 939645 339 6000 72848
37149 1000 -3658 -3653 456580 320 6000 4534
42643 1000 -3652 -3647 467397 122 6000 64294
89689 1000 -3646 -3641 382108 248 6000 62836
1686 1000 -3640 -3635 737811 1 6000 43844
319312 1000 -3634 -3629 8423 147 6000 44900
91244 1000 -3628 -3623 283531 467 6000 87050
60154 1000 -3622 -3617 290409 49 6000 63675
1801 1000 -3616 -3611 485934 139 6000 69334
14685 1000 -3610 -3605 829890 41 6000 48088
82340 1000 -3604 -3599 407177 163 6000 24785
10413 1000 -3598 -3593 388895 207 6000 30835
71467 1000 -3592 -3587 243239 107 6000 82873
180744 1000 -3586 -3581 154185 303 6000 65658
9941 1000 -3580 -3575 948257 337 6000 3539
94104 1000 -3574 -3569 971765 94 6000 87158
67682 1000 -3568 -3563 535731 23 6000 34482
8236 1000 -3562 -3557 456353 72 6000 1402
127357 1000 -3556 -3551 832328 55 6000 7555
515779 1000 -3550 -3545 803942 92 6000 97705
158188 1000 -3544 -3539 91635 19 6000 79486
148008 1000 -3538 -3533 183784 157 6000 81485
148894 1000 -3532 -3527 656541 161 6000 56585
52655 1000 -3526 -3521 780170 497 6000 97332
31582 1000 -3520 -3515 899833 226 6000 83144
4560 1000 -3514 -3509 339750 162 6000 82116
3857 1000 -3508 -3503 940184 278 6000 33810
12254 1000 -3502 -3497 842856 296 6000 93555
31423 1000 -3496 -3491 37281 137 6000 89487
1365 1000 -3490 -3485 176776 161 6000 19640
1638 1000 -3484 -3479 448960 81 6000 73669
47521 1000 -3478 -3473 910437 19 6000 71027
65945 1000 -3472 -3467 955577 49 6000 -897
45761 1000 -3466 -3461 24816 266 6000 7153
51344 1000 -3460 -3455 242249 18 6000 38667
36423 1000 -3454 -3449 534849 8 6000 60671
206379 1000 -3448 -3443 678122 183 6000 48075
5570 1000 -3442 -3437 264548 637 6000 85302
45722 1000 -3436 -3431 748324 19 6000 87930
27660 1000 -3430 -3425 514135 263 6000 31191
4622 1000 -3424 -3419 691775 15 6000 27665
19790 1000 -3418 -3413 473665 245 6000 79615
1680 1000 -3412 -3407 101029 1 6000 26871
75509 1000 -3406 -3401 333881 27 6000 79773
5712 1000 -3400 -3395 350559 232 6000 31608
77525 1000 -3394 -3389 160846 273 6000 9996
22958 1000 -3388 -3383 696197 180 6000 6823
4347 1000 -3382 -3377 821209 401 6000 14040
1459 1000 -3376 -3371 956572 187 6000 55066
39004 1000 -3370 -3365 274792 474 6000 15199
167277 1000 -3364 -3359 230281 294 6000 27665
51556 1000 -3358 -3353 88203 297 6000 12498
12851 1000 -3352 -3347 83772 18 6000 18640
62728 1000 -3346 -3341 280063 120 6000 81628
4630 1000 -3340 -3335 915969 234 6000 80275
155944 1000 -3334 -3329 998752 247 6000 77870
17415 1000 -3328 -3323 166581 31 6000 26353
7969 1000 -3322 -3317 758201 71 6000 71030
38369 1000 -3316 -3311 825935 212 6000 29881
12390 1000 -3310 -3305 442920 84 6000 71195
86536 1000 -3304 -3299 121238 214 6000 50828
271450 1000 -3298 -3293 531510 115 6000 68766
215451 1000 -3292 -3287 193548 118 6000 63828
444 1000 -3286 -3281 164514 19 6000 66192
11458 1000 -3280 -3275 235742 490 6000 5227
51236 1000 -3274 -3269 385939 260 6000 13239
240403 1000 -3268 -3263 285946 36 6000 58490
542873 1000 -3262 -3257 892925 23 6000 9861
373098 1000 -3256 -3251 345392 117 6000 24766
25997 1000 -3250 -3245 238812 289 6000 84541
93898 1000 -3244 -3239 4183 24 6000 4535
36668 1000 -3238 -3233 387603 495 6000 13594
13721 1000 -3232 -3227 265477 523 6000 19507
57480 1000 -3226 -3221 475374 10 6000 86727
160421 1000 -3220 -3215 756385 327 6000 36039
177911 1000 -3214 -3209 304903 296 6000 12877
60469 1000 -3208 -3203 522061 63 6000 39727
221664 1000 -3202 -3197 732056 130 6000 45746
23684 1000 -3196 -3191 707631 21 6000 66062
23400 1000 -3190 -3185 902728 54 6000 23062
339490 1000 -3184 -3179 854376 34 6000 94557
19717 1000 -3178 -3173 927895 111 6000 5796
156874 1000 -3172 -3167 281307 288 6000 64653
20356 1000 -3166 -3161 65537 289 6000 30017
36478 1000 -3160 -3155 30804 40 6000 8759
21913 1000 -3154 -3149 925059 485 6000 96074
44684 1000 -3148 -3143 578912 160 6000 77581


3
2 1 0 5 10 2 4 0
0 3 0 2 7 1 1 2
3 3 0 5 1 1 2 0

2
0 3 0 2 10 2 3 -2
10 3 2 3 8 7 2 0

1
10
88496 10 -100 -75 756253 7838 9 -31651
88496 10 72 83 26985 7838 7 43890
88496 10 -27 76 820308 7838 -1 -78636
88496 10 28 94 551135 7838 -1 -16659
88496 10 -19 70 424695 7838 9 7288
88496 10 43 47 437993 7838 -8 54734
88496 10 -8 31 216377 7838 3 -9124
88496 10 7 94 74802 7838 4 -5015
88496 10 -19 0 991771 7838 4 -27221
88496 10 14 74 867000 7838 -7 10363

2
2
0 3 0 2 10 2 3 -2
10 3 2 3 8 7 2 0
3
1 2 0 5 10 2 8 0
0 3 0 1 7 1 2 2
3 3 0 5 1 1 4 0