816
20 5
1 2 3 4 9
20 5
1 2 3 5 9
20 5
1 2 3 6 9
20 5
1 2 3 7 9
20 5
1 2 3 8 9
20 5
1 2 3 9 10
20 5
1 2 3 9 11
20 5
1 2 3 9 12
20 5
1 2 3 9 13
20 5
1 2 3 9 14
20 5
1 2 3 9 15
20 5
1 2 3 9 16
20 5
1 2 3 9 17
20 5
1 2 3 9 18
20 5
1 2 3 9 19
20 5
1 2 3 9 20
20 5
1 2 4 5 9
20 5
1 2 4 6 9
20 5
1 2 4 7 9
20 5
1 2 4 8 9
20 5
1 2 4 9 10
20 5
1 2 4 9 11
20 5
1 2 4 9 12
20 5
1 2 4 9 13
20 5
1 2 4 9 14
20 5
1 2 4 9 15
20 5
1 2 4 9 16
20 5
1 2 4 9 17
20 5
1 2 4 9 18
20 5
1 2 4 9 19
20 5
1 2 4 9 20
20 5
1 2 5 6 9
20 5
1 2 5 7 9
20 5
1 2 5 8 9
20 5
1 2 5 9 10
20 5
1 2 5 9 11
20 5
1 2 5 9 12
20 5
1 2 5 9 13
20 5
1 2 5 9 14
20 5
1 2 5 9 15
20 5
1 2 5 9 16
20 5
1 2 5 9 17
20 5
1 2 5 9 18
20 5
1 2 5 9 19
20 5
1 2 5 9 20
20 5
1 2 6 7 9
20 5
1 2 6 8 9
20 5
1 2 6 9 10
20 5
1 2 6 9 11
20 5
1 2 6 9 12
20 5
1 2 6 9 13
20 5
1 2 6 9 14
20 5
1 2 6 9 15
20 5
1 2 6 9 16
20 5
1 2 6 9 17
20 5
1 2 6 9 18
20 5
1 2 6 9 19
20 5
1 2 6 9 20
20 5
1 2 7 8 9
20 5
1 2 7 9 10
20 5
1 2 7 9 11
20 5
1 2 7 9 12
20 5
1 2 7 9 13
20 5
1 2 7 9 14
20 5
1 2 7 9 15
20 5
1 2 7 9 16
20 5
1 2 7 9 17
20 5
1 2 7 9 18
20 5
1 2 7 9 19
20 5
1 2 7 9 20
20 5
1 2 8 9 10
20 5
1 2 8 9 11
20 5
1 2 8 9 12
20 5
1 2 8 9 13
20 5
1 2 8 9 14
20 5
1 2 8 9 15
20 5
1 2 8 9 16
20 5
1 2 8 9 17
20 5
1 2 8 9 18
20 5
1 2 8 9 19
20 5
1 2 8 9 20
20 5
1 2 9 10 11
20 5
1 2 9 10 12
20 5
1 2 9 10 13
20 5
1 2 9 10 14
20 5
1 2 9 10 15
20 5
1 2 9 10 16
20 5
1 2 9 10 17
20 5
1 2 9 10 18
20 5
1 2 9 10 19
20 5
1 2 9 10 20
20 5
1 2 9 11 12
20 5
1 2 9 11 13
20 5
1 2 9 11 14
20 5
1 2 9 11 15
20 5
1 2 9 11 16
20 5
1 2 9 11 17
20 5
1 2 9 11 18
20 5
1 2 9 11 19
20 5
1 2 9 11 20
20 5
1 2 9 12 13
20 5
1 2 9 12 14
20 5
1 2 9 12 15
20 5
1 2 9 12 16
20 5
1 2 9 12 17
20 5
1 2 9 12 18
20 5
1 2 9 12 19
20 5
1 2 9 12 20
20 5
1 2 9 13 14
20 5
1 2 9 13 15
20 5
1 2 9 13 16
20 5
1 2 9 13 17
20 5
1 2 9 13 18
20 5
1 2 9 13 19
20 5
1 2 9 13 20
20 5
1 2 9 14 15
20 5
1 2 9 14 16
20 5
1 2 9 14 17
20 5
1 2 9 14 18
20 5
1 2 9 14 19
20 5
1 2 9 14 20
20 5
1 2 9 15 16
20 5
1 2 9 15 17
20 5
1 2 9 15 18
20 5
1 2 9 15 19
20 5
1 2 9 15 20
20 5
1 2 9 16 17
20 5
1 2 9 16 18
20 5
1 2 9 16 19
20 5
1 2 9 16 20
20 5
1 2 9 17 18
20 5
1 2 9 17 19
20 5
1 2 9 17 20
20 5
1 2 9 18 19
20 5
1 2 9 18 20
20 5
1 2 9 19 20
20 5
1 3 4 5 9
20 5
1 3 4 6 9
20 5
1 3 4 7 9
20 5
1 3 4 8 9
20 5
1 3 4 9 10
20 5
1 3 4 9 11
20 5
1 3 4 9 12
20 5
1 3 4 9 13
20 5
1 3 4 9 14
20 5
1 3 4 9 15
20 5
1 3 4 9 16
20 5
1 3 4 9 17
20 5
1 3 4 9 18
20 5
1 3 4 9 19
20 5
1 3 4 9 20
20 5
1 3 5 6 9
20 5
1 3 5 7 9
20 5
1 3 5 8 9
20 5
1 3 5 9 10
20 5
1 3 5 9 11
20 5
1 3 5 9 12
20 5
1 3 5 9 13
20 5
1 3 5 9 14
20 5
1 3 5 9 15
20 5
1 3 5 9 16
20 5
1 3 5 9 17
20 5
1 3 5 9 18
20 5
1 3 5 9 19
20 5
1 3 5 9 20
20 5
1 3 6 7 9
20 5
1 3 6 8 9
20 5
1 3 6 9 10
20 5
1 3 6 9 11
20 5
1 3 6 9 12
20 5
1 3 6 9 13
20 5
1 3 6 9 14
20 5
1 3 6 9 15
20 5
1 3 6 9 16
20 5
1 3 6 9 17
20 5
1 3 6 9 18
20 5
1 3 6 9 19
20 5
1 3 6 9 20
20 5
1 3 7 8 9
20 5
1 3 7 9 10
20 5
1 3 7 9 11
20 5
1 3 7 9 12
20 5
1 3 7 9 13
20 5
1 3 7 9 14
20 5
1 3 7 9 15
20 5
1 3 7 9 16
20 5
1 3 7 9 17
20 5
1 3 7 9 18
20 5
1 3 7 9 19
20 5
1 3 7 9 20
20 5
1 3 8 9 10
20 5
1 3 8 9 11
20 5
1 3 8 9 12
20 5
1 3 8 9 13
20 5
1 3 8 9 14
20 5
1 3 8 9 15
20 5
1 3 8 9 16
20 5
1 3 8 9 17
20 5
1 3 8 9 18
20 5
1 3 8 9 19
20 5
1 3 8 9 20
20 5
1 3 9 10 11
20 5
1 3 9 10 12
20 5
1 3 9 10 13
20 5
1 3 9 10 14
20 5
1 3 9 10 15
20 5
1 3 9 10 16
20 5
1 3 9 10 17
20 5
1 3 9 10 18
20 5
1 3 9 10 19
20 5
1 3 9 10 20
20 5
1 3 9 11 12
20 5
1 3 9 11 13
20 5
1 3 9 11 14
20 5
1 3 9 11 15
20 5
1 3 9 11 16
20 5
1 3 9 11 17
20 5
1 3 9 11 18
20 5
1 3 9 11 19
20 5
1 3 9 11 20
20 5
1 3 9 12 13
20 5
1 3 9 12 14
20 5
1 3 9 12 15
20 5
1 3 9 12 16
20 5
1 3 9 12 17
20 5
1 3 9 12 18
20 5
1 3 9 12 19
20 5
1 3 9 12 20
20 5
1 3 9 13 14
20 5
1 3 9 13 15
20 5
1 3 9 13 16
20 5
1 3 9 13 17
20 5
1 3 9 13 18
20 5
1 3 9 13 19
20 5
1 3 9 13 20
20 5
1 3 9 14 15
20 5
1 3 9 14 16
20 5
1 3 9 14 17
20 5
1 3 9 14 18
20 5
1 3 9 14 19
20 5
1 3 9 14 20
20 5
1 3 9 15 16
20 5
1 3 9 15 17
20 5
1 3 9 15 18
20 5
1 3 9 15 19
20 5
1 3 9 15 20
20 5
1 3 9 16 17
20 5
1 3 9 16 18
20 5
1 3 9 16 19
20 5
1 3 9 16 20
20 5
1 3 9 17 18
20 5
1 3 9 17 19
20 5
1 3 9 17 20
20 5
1 3 9 18 19
20 5
1 3 9 18 20
20 5
1 3 9 19 20
20 5
1 4 5 6 9
20 5
1 4 5 7 9
20 5
1 4 5 8 9
20 5
1 4 5 9 10
20 5
1 4 5 9 11
20 5
1 4 5 9 12
20 5
1 4 5 9 13
20 5
1 4 5 9 14
20 5
1 4 5 9 15
20 5
1 4 5 9 16
20 5
1 4 5 9 17
20 5
1 4 5 9 18
20 5
1 4 5 9 19
20 5
1 4 5 9 20
20 5
1 4 6 7 9
20 5
1 4 6 8 9
20 5
1 4 6 9 10
20 5
1 4 6 9 11
20 5
1 4 6 9 12
20 5
1 4 6 9 13
20 5
1 4 6 9 14
20 5
1 4 6 9 15
20 5
1 4 6 9 16
20 5
1 4 6 9 17
20 5
1 4 6 9 18
20 5
1 4 6 9 19
20 5
1 4 6 9 20
20 5
1 4 7 8 9
20 5
1 4 7 9 10
20 5
1 4 7 9 11
20 5
1 4 7 9 12
20 5
1 4 7 9 13
20 5
1 4 7 9 14
20 5
1 4 7 9 15
20 5
1 4 7 9 16
20 5
1 4 7 9 17
20 5
1 4 7 9 18
20 5
1 4 7 9 19
20 5
1 4 7 9 20
20 5
1 4 8 9 10
20 5
1 4 8 9 11
20 5
1 4 8 9 12
20 5
1 4 8 9 13
20 5
1 4 8 9 14
20 5
1 4 8 9 15
20 5
1 4 8 9 16
20 5
1 4 8 9 17
20 5
1 4 8 9 18
20 5
1 4 8 9 19
20 5
1 4 8 9 20
20 5
1 4 9 10 11
20 5
1 4 9 10 12
20 5
1 4 9 10 13
20 5
1 4 9 10 14
20 5
1 4 9 10 15
20 5
1 4 9 10 16
20 5
1 4 9 10 17
20 5
1 4 9 10 18
20 5
1 4 9 10 19
20 5
1 4 9 10 20
20 5
1 4 9 11 12
20 5
1 4 9 11 13
20 5
1 4 9 11 14
20 5
1 4 9 11 15
20 5
1 4 9 11 16
20 5
1 4 9 11 17
20 5
1 4 9 11 18
20 5
1 4 9 11 19
20 5
1 4 9 11 20
20 5
1 4 9 12 13
20 5
1 4 9 12 14
20 5
1 4 9 12 15
20 5
1 4 9 12 16
20 5
1 4 9 12 17
20 5
1 4 9 12 18
20 5
1 4 9 12 19
20 5
1 4 9 12 20
20 5
1 4 9 13 14
20 5
1 4 9 13 15
20 5
1 4 9 13 16
20 5
1 4 9 13 17
20 5
1 4 9 13 18
20 5
1 4 9 13 19
20 5
1 4 9 13 20
20 5
1 4 9 14 15
20 5
1 4 9 14 16
20 5
1 4 9 14 17
20 5
1 4 9 14 18
20 5
1 4 9 14 19
20 5
1 4 9 14 20
20 5
1 4 9 15 16
20 5
1 4 9 15 17
20 5
1 4 9 15 18
20 5
1 4 9 15 19
20 5
1 4 9 15 20
20 5
1 4 9 16 17
20 5
1 4 9 16 18
20 5
1 4 9 16 19
20 5
1 4 9 16 20
20 5
1 4 9 17 18
20 5
1 4 9 17 19
20 5
1 4 9 17 20
20 5
1 4 9 18 19
20 5
1 4 9 18 20
20 5
1 4 9 19 20
20 5
1 5 6 7 9
20 5
1 5 6 8 9
20 5
1 5 6 9 10
20 5
1 5 6 9 11
20 5
1 5 6 9 12
20 5
1 5 6 9 13
20 5
1 5 6 9 14
20 5
1 5 6 9 15
20 5
1 5 6 9 16
20 5
1 5 6 9 17
20 5
1 5 6 9 18
20 5
1 5 6 9 19
20 5
1 5 6 9 20
20 5
1 5 7 8 9
20 5
1 5 7 9 10
20 5
1 5 7 9 11
20 5
1 5 7 9 12
20 5
1 5 7 9 13
20 5
1 5 7 9 14
20 5
1 5 7 9 15
20 5
1 5 7 9 16
20 5
1 5 7 9 17
20 5
1 5 7 9 18
20 5
1 5 7 9 19
20 5
1 5 7 9 20
20 5
1 5 8 9 10
20 5
1 5 8 9 11
20 5
1 5 8 9 12
20 5
1 5 8 9 13
20 5
1 5 8 9 14
20 5
1 5 8 9 15
20 5
1 5 8 9 16
20 5
1 5 8 9 17
20 5
1 5 8 9 18
20 5
1 5 8 9 19
20 5
1 5 8 9 20
20 5
1 5 9 10 11
20 5
1 5 9 10 12
20 5
1 5 9 10 13
20 5
1 5 9 10 14
20 5
1 5 9 10 15
20 5
1 5 9 10 16
20 5
1 5 9 10 17
20 5
1 5 9 10 18
20 5
1 5 9 10 19
20 5
1 5 9 10 20
20 5
1 5 9 11 12
20 5
1 5 9 11 13
20 5
1 5 9 11 14
20 5
1 5 9 11 15
20 5
1 5 9 11 16
20 5
1 5 9 11 17
20 5
1 5 9 11 18
20 5
1 5 9 11 19
20 5
1 5 9 11 20
20 5
1 5 9 12 13
20 5
1 5 9 12 14
20 5
1 5 9 12 15
20 5
1 5 9 12 16
20 5
1 5 9 12 17
20 5
1 5 9 12 18
20 5
1 5 9 12 19
20 5
1 5 9 12 20
20 5
1 5 9 13 14
20 5
1 5 9 13 15
20 5
1 5 9 13 16
20 5
1 5 9 13 17
20 5
1 5 9 13 18
20 5
1 5 9 13 19
20 5
1 5 9 13 20
20 5
1 5 9 14 15
20 5
1 5 9 14 16
20 5
1 5 9 14 17
20 5
1 5 9 14 18
20 5
1 5 9 14 19
20 5
1 5 9 14 20
20 5
1 5 9 15 16
20 5
1 5 9 15 17
20 5
1 5 9 15 18
20 5
1 5 9 15 19
20 5
1 5 9 15 20
20 5
1 5 9 16 17
20 5
1 5 9 16 18
20 5
1 5 9 16 19
20 5
1 5 9 16 20
20 5
1 5 9 17 18
20 5
1 5 9 17 19
20 5
1 5 9 17 20
20 5
1 5 9 18 19
20 5
1 5 9 18 20
20 5
1 5 9 19 20
20 5
1 6 7 8 9
20 5
1 6 7 9 10
20 5
1 6 7 9 11
20 5
1 6 7 9 12
20 5
1 6 7 9 13
20 5
1 6 7 9 14
20 5
1 6 7 9 15
20 5
1 6 7 9 16
20 5
1 6 7 9 17
20 5
1 6 7 9 18
20 5
1 6 7 9 19
20 5
1 6 7 9 20
20 5
1 6 8 9 10
20 5
1 6 8 9 11
20 5
1 6 8 9 12
20 5
1 6 8 9 13
20 5
1 6 8 9 14
20 5
1 6 8 9 15
20 5
1 6 8 9 16
20 5
1 6 8 9 17
20 5
1 6 8 9 18
20 5
1 6 8 9 19
20 5
1 6 8 9 20
20 5
1 6 9 10 11
20 5
1 6 9 10 12
20 5
1 6 9 10 13
20 5
1 6 9 10 14
20 5
1 6 9 10 15
20 5
1 6 9 10 16
20 5
1 6 9 10 17
20 5
1 6 9 10 18
20 5
1 6 9 10 19
20 5
1 6 9 10 20
20 5
1 6 9 11 12
20 5
1 6 9 11 13
20 5
1 6 9 11 14
20 5
1 6 9 11 15
20 5
1 6 9 11 16
20 5
1 6 9 11 17
20 5
1 6 9 11 18
20 5
1 6 9 11 19
20 5
1 6 9 11 20
20 5
1 6 9 12 13
20 5
1 6 9 12 14
20 5
1 6 9 12 15
20 5
1 6 9 12 16
20 5
1 6 9 12 17
20 5
1 6 9 12 18
20 5
1 6 9 12 19
20 5
1 6 9 12 20
20 5
1 6 9 13 14
20 5
1 6 9 13 15
20 5
1 6 9 13 16
20 5
1 6 9 13 17
20 5
1 6 9 13 18
20 5
1 6 9 13 19
20 5
1 6 9 13 20
20 5
1 6 9 14 15
20 5
1 6 9 14 16
20 5
1 6 9 14 17
20 5
1 6 9 14 18
20 5
1 6 9 14 19
20 5
1 6 9 14 20
20 5
1 6 9 15 16
20 5
1 6 9 15 17
20 5
1 6 9 15 18
20 5
1 6 9 15 19
20 5
1 6 9 15 20
20 5
1 6 9 16 17
20 5
1 6 9 16 18
20 5
1 6 9 16 19
20 5
1 6 9 16 20
20 5
1 6 9 17 18
20 5
1 6 9 17 19
20 5
1 6 9 17 20
20 5
1 6 9 18 19
20 5
1 6 9 18 20
20 5
1 6 9 19 20
20 5
1 7 8 9 10
20 5
1 7 8 9 11
20 5
1 7 8 9 12
20 5
1 7 8 9 13
20 5
1 7 8 9 14
20 5
1 7 8 9 15
20 5
1 7 8 9 16
20 5
1 7 8 9 17
20 5
1 7 8 9 18
20 5
1 7 8 9 19
20 5
1 7 8 9 20
20 5
1 7 9 10 11
20 5
1 7 9 10 12
20 5
1 7 9 10 13
20 5
1 7 9 10 14
20 5
1 7 9 10 15
20 5
1 7 9 10 16
20 5
1 7 9 10 17
20 5
1 7 9 10 18
20 5
1 7 9 10 19
20 5
1 7 9 10 20
20 5
1 7 9 11 12
20 5
1 7 9 11 13
20 5
1 7 9 11 14
20 5
1 7 9 11 15
20 5
1 7 9 11 16
20 5
1 7 9 11 17
20 5
1 7 9 11 18
20 5
1 7 9 11 19
20 5
1 7 9 11 20
20 5
1 7 9 12 13
20 5
1 7 9 12 14
20 5
1 7 9 12 15
20 5
1 7 9 12 16
20 5
1 7 9 12 17
20 5
1 7 9 12 18
20 5
1 7 9 12 19
20 5
1 7 9 12 20
20 5
1 7 9 13 14
20 5
1 7 9 13 15
20 5
1 7 9 13 16
20 5
1 7 9 13 17
20 5
1 7 9 13 18
20 5
1 7 9 13 19
20 5
1 7 9 13 20
20 5
1 7 9 14 15
20 5
1 7 9 14 16
20 5
1 7 9 14 17
20 5
1 7 9 14 18
20 5
1 7 9 14 19
20 5
1 7 9 14 20
20 5
1 7 9 15 16
20 5
1 7 9 15 17
20 5
1 7 9 15 18
20 5
1 7 9 15 19
20 5
1 7 9 15 20
20 5
1 7 9 16 17
20 5
1 7 9 16 18
20 5
1 7 9 16 19
20 5
1 7 9 16 20
20 5
1 7 9 17 18
20 5
1 7 9 17 19
20 5
1 7 9 17 20
20 5
1 7 9 18 19
20 5
1 7 9 18 20
20 5
1 7 9 19 20
20 5
1 8 9 10 11
20 5
1 8 9 10 12
20 5
1 8 9 10 13
20 5
1 8 9 10 14
20 5
1 8 9 10 15
20 5
1 8 9 10 16
20 5
1 8 9 10 17
20 5
1 8 9 10 18
20 5
1 8 9 10 19
20 5
1 8 9 10 20
20 5
1 8 9 11 12
20 5
1 8 9 11 13
20 5
1 8 9 11 14
20 5
1 8 9 11 15
20 5
1 8 9 11 16
20 5
1 8 9 11 17
20 5
1 8 9 11 18
20 5
1 8 9 11 19
20 5
1 8 9 11 20
20 5
1 8 9 12 13
20 5
1 8 9 12 14
20 5
1 8 9 12 15
20 5
1 8 9 12 16
20 5
1 8 9 12 17
20 5
1 8 9 12 18
20 5
1 8 9 12 19
20 5
1 8 9 12 20
20 5
1 8 9 13 14
20 5
1 8 9 13 15
20 5
1 8 9 13 16
20 5
1 8 9 13 17
20 5
1 8 9 13 18
20 5
1 8 9 13 19
20 5
1 8 9 13 20
20 5
1 8 9 14 15
20 5
1 8 9 14 16
20 5
1 8 9 14 17
20 5
1 8 9 14 18
20 5
1 8 9 14 19
20 5
1 8 9 14 20
20 5
1 8 9 15 16
20 5
1 8 9 15 17
20 5
1 8 9 15 18
20 5
1 8 9 15 19
20 5
1 8 9 15 20
20 5
1 8 9 16 17
20 5
1 8 9 16 18
20 5
1 8 9 16 19
20 5
1 8 9 16 20
20 5
1 8 9 17 18
20 5
1 8 9 17 19
20 5
1 8 9 17 20
20 5
1 8 9 18 19
20 5
1 8 9 18 20
20 5
1 8 9 19 20
20 5
1 9 10 11 12
20 5
1 9 10 11 13
20 5
1 9 10 11 14
20 5
1 9 10 11 15
20 5
1 9 10 11 16
20 5
1 9 10 11 17
20 5
1 9 10 11 18
20 5
1 9 10 11 19
20 5
1 9 10 11 20
20 5
1 9 10 12 13
20 5
1 9 10 12 14
20 5
1 9 10 12 15
20 5
1 9 10 12 16
20 5
1 9 10 12 17
20 5
1 9 10 12 18
20 5
1 9 10 12 19
20 5
1 9 10 12 20
20 5
1 9 10 13 14
20 5
1 9 10 13 15
20 5
1 9 10 13 16
20 5
1 9 10 13 17
20 5
1 9 10 13 18
20 5
1 9 10 13 19
20 5
1 9 10 13 20
20 5
1 9 10 14 15
20 5
1 9 10 14 16
20 5
1 9 10 14 17
20 5
1 9 10 14 18
20 5
1 9 10 14 19
20 5
1 9 10 14 20
20 5
1 9 10 15 16
20 5
1 9 10 15 17
20 5
1 9 10 15 18
20 5
1 9 10 15 19
20 5
1 9 10 15 20
20 5
1 9 10 16 17
20 5
1 9 10 16 18
20 5
1 9 10 16 19
20 5
1 9 10 16 20
20 5
1 9 10 17 18
20 5
1 9 10 17 19
20 5
1 9 10 17 20
20 5
1 9 10 18 19
20 5
1 9 10 18 20
20 5
1 9 10 19 20
20 5
1 9 11 12 13
20 5
1 9 11 12 14
20 5
1 9 11 12 15
20 5
1 9 11 12 16
20 5
1 9 11 12 17
20 5
1 9 11 12 18
20 5
1 9 11 12 19
20 5
1 9 11 12 20
20 5
1 9 11 13 14
20 5
1 9 11 13 15
20 5
1 9 11 13 16
20 5
1 9 11 13 17
20 5
1 9 11 13 18
20 5
1 9 11 13 19
20 5
1 9 11 13 20
20 5
1 9 11 14 15
20 5
1 9 11 14 16
20 5
1 9 11 14 17
20 5
1 9 11 14 18
20 5
1 9 11 14 19
20 5
1 9 11 14 20
20 5
1 9 11 15 16
20 5
1 9 11 15 17
20 5
1 9 11 15 18
20 5
1 9 11 15 19
20 5
1 9 11 15 20
20 5
1 9 11 16 17
20 5
1 9 11 16 18
20 5
1 9 11 16 19
20 5
1 9 11 16 20
20 5
1 9 11 17 18
20 5
1 9 11 17 19
20 5
1 9 11 17 20
20 5
1 9 11 18 19
20 5
1 9 11 18 20
20 5
1 9 11 19 20
20 5
1 9 12 13 14
20 5
1 9 12 13 15
20 5
1 9 12 13 16
20 5
1 9 12 13 17
20 5
1 9 12 13 18
20 5
1 9 12 13 19
20 5
1 9 12 13 20
20 5
1 9 12 14 15
20 5
1 9 12 14 16
20 5
1 9 12 14 17
20 5
1 9 12 14 18
20 5
1 9 12 14 19
20 5
1 9 12 14 20
20 5
1 9 12 15 16
20 5
1 9 12 15 17
20 5
1 9 12 15 18
20 5
1 9 12 15 19
20 5
1 9 12 15 20
20 5
1 9 12 16 17
20 5
1 9 12 16 18
20 5
1 9 12 16 19
20 5
1 9 12 16 20
20 5
1 9 12 17 18
20 5
1 9 12 17 19
20 5
1 9 12 17 20
20 5
1 9 12 18 19
20 5
1 9 12 18 20
20 5
1 9 12 19 20
20 5
1 9 13 14 15
20 5
1 9 13 14 16
20 5
1 9 13 14 17
20 5
1 9 13 14 18
20 5
1 9 13 14 19
20 5
1 9 13 14 20
20 5
1 9 13 15 16
20 5
1 9 13 15 17
20 5
1 9 13 15 18
20 5
1 9 13 15 19
20 5
1 9 13 15 20
20 5
1 9 13 16 17
20 5
1 9 13 16 18
20 5
1 9 13 16 19
20 5
1 9 13 16 20
20 5
1 9 13 17 18
20 5
1 9 13 17 19
20 5
1 9 13 17 20
20 5
1 9 13 18 19
20 5
1 9 13 18 20
20 5
1 9 13 19 20
20 5
1 9 14 15 16
20 5
1 9 14 15 17
20 5
1 9 14 15 18
20 5
1 9 14 15 19
20 5
1 9 14 15 20
20 5
1 9 14 16 17
20 5
1 9 14 16 18
20 5
1 9 14 16 19
20 5
1 9 14 16 20
20 5
1 9 14 17 18
20 5
1 9 14 17 19
20 5
1 9 14 17 20
20 5
1 9 14 18 19
20 5
1 9 14 18 20
20 5
1 9 14 19 20
20 5
1 9 15 16 17
20 5
1 9 15 16 18
20 5
1 9 15 16 19
20 5
1 9 15 16 20
20 5
1 9 15 17 18
20 5
1 9 15 17 19
20 5
1 9 15 17 20
20 5
1 9 15 18 19
20 5
1 9 15 18 20
20 5
1 9 15 19 20
20 5
1 9 16 17 18
20 5
1 9 16 17 19
20 5
1 9 16 17 20
20 5
1 9 16 18 19
20 5
1 9 16 18 20
20 5
1 9 16 19 20
20 5
1 9 17 18 19
20 5
1 9 17 18 20
20 5
1 9 17 19 20
20 5
1 9 18 19 20
