12 5 17
8 10 319
1 11 677
7 12 353
5 12 528
10 5 704
11 9
9 0
5 7
10 6
1 11
1 8
4 2
4 1
10 8
0 6
5 11
0 2
11 4
11 7
4 10
8 1
2 1
17 12 3
13 5 333
6 3 731
12 1 801
1 15 548
2 12 298
14 12 336
7 4 519
13 8 901
11 6 227
1 17 99
17 13 646
1 9 573
9 2
4 3
2 9
4 4 0
2 1 226
2 4 61
1 3 930
2 3 310
12 7 16
3 8 569
2 8 289
7 2 809
12 1 870
1 8 511
7 3 250
3 10 988
3 4
2 6
7 6
0 2
4 2
3 9
1 0
6 10
6 9
3 9
9 2
4 2
10 2
6 1
10 1
8 5
12 16 8
4 3 347
6 8 636
3 10 114
6 4 660
9 1 757
11 9 633
8 12 403
2 6 405
12 7 281
9 7 77
1 2 848
12 5 201
7 5 382
3 5 140
5 2 773
12 1 529
0 9
10 3
8 11
4 2
8 4
7 0
4 6
4 8
16 8 15
2 1 57
12 2 197
4 15 323
12 7 852
12 4 138
10 8 645
14 12 181
3 5 903
6 12
2 14
7 3
15 9
14 0
6 1
14 1
12 4
5 8
7 15
8 10
0 6
5 13
8 9
12 14
15 2 8
15 1 683
10 13 571
7 6
9 4
14 12
6 2
12 0
14 10
12 11
0 10
17 2 10
8 11 32
10 3 612
9 14
16 8
15 14
10 12
4 10
6 14
7 5
15 3
16 5
0 11
1 0 0
3 2 6
3 2 843
2 1 491
1 0
2 0
2 1
1 2
1 0
0 2
20 9 10
20 12 108
14 15 595
2 6 446
16 17 529
17 8 891
14 18 960
6 16 979
8 5 177
7 2 300
10 12
1 12
11 12
1 4
19 16
17 4
2 4
12 3
9 6
11 4
19 10 8
10 8 901
5 11 453
16 10 257
7 13 361
2 13 611
7 16 35
6 7 468
14 5 494
9 17 417
18 11 187
9 16
1 14
2 11
15 14
1 16
1 14
12 18
4 9
3 1 3
2 1 591
1 2
2 1
1 2
10 12 1
10 5 996
1 3 189
7 2 765
5 6 936
6 4 570
1 9 13
9 3 1
3 10 611
2 5 661
1 10 134
1 5 675
9 8 440
8 1
17 13 19
4 17 689
17 11 54
4 10 55
9 3 667
7 9 328
4 9 190
11 1 511
12 11 304
8 9 72
5 4 104
6 17 325
2 8 497
3 5 414
9 15
6 0
2 10
1 11
15 12
4 11
2 3
6 15
15 12
10 1
0 6
6 7
11 15
5 1
0 9
16 0
15 5
6 9
2 5
9 13 14
7 3 702
7 8 54
3 6 926
7 1 434
5 2 26
8 2 457
2 4 633
4 8 580
6 1 2
2 1 615
7 6 373
4 3 12
1 3 799
3 1
0 8
2 3
7 6
6 1
4 3
5 4
1 6
1 6
1 8
8 7
6 2
7 3
1 7
11 6 7
11 6 956
10 4 518
10 9 935
9 1 60
9 8 238
6 9 198
4 0
9 6
9 8
0 7
4 2
3 10
6 0
15 18 2
9 7 261
12 2 684
8 11 922
15 7 473
1 6 937
14 9 444
1 7 405
7 2 119
14 10 874
3 4 519
9 12 925
13 9 206
2 8 646
11 7 508
11 14 435
3 12 104
10 12 257
5 10 733
5 8
4 11
11 17 0
3 7 465
10 2 23
9 2 670
8 2 530
8 5 393
3 8 985
1 7 41
9 3 369
8 9 491
11 7 744
7 9 398
6 5 139
5 3 944
7 4 934
1 10 47
9 10 431
8 11 139
7 15 3
1 4 168
1 5 585
7 2 468
2 5 366
5 4 443
6 4 842
4 2 555
5 6 843
3 4 514
7 6 982
1 3 709
1 2 91
2 3 344
5 3 252
6 3 110
2 4
2 1
1 0
10 0 1
4 5
15 0 11
7 0
4 7
8 5
12 9
13 5
6 1
2 13
13 14
2 5
5 2
8 11
20 6 5
15 14 318
19 16 978
13 5 613
20 9 815
13 8 673
10 7 726
11 9
9 8
14 16
18 1
2 10
13 8 7
3 6 605
3 7 935
2 11 549
13 8 364
4 3 389
6 5 116
7 13 5
3 2 682
4 12
1 8
7 2
10 0
5 0
0 1
12 7
20 18 15
10 13 441
18 7 789
15 20 390
9 4 985
5 18 372
10 20 686
8 19 185
6 13 373
4 13 359
2 8 580
15 2 269
13 11 964
4 1 852
8 6 597
19 16 595
18 6 780
3 11 506
12 11 989
15 9
2 14
2 8
15 11
12 17
15 16
18 8
17 11
5 15
7 0
13 6
2 11
9 12
0 4
11 16
4 3 19
4 1 675
4 3 715
3 2 352
3 1
1 0
1 0
0 3
3 2
1 2
2 0
1 2
0 1
1 3
3 0
2 0
1 2
2 3
2 1
2 3
0 2
2 1
2 3
14 1 11
12 13 535
7 13
10 12
13 12
1 9
12 6
2 10
10 6
9 0
0 5
9 4
13 9
7 10 12
3 1 416
7 2 60
4 7 691
5 6 37
1 4 716
5 3 553
2 6 871
2 4 287
1 5 699
7 6 192
4 5
1 6
0 5
1 4
2 3
0 6
0 6
4 0
3 1
1 0
4 2
6 3
3 0 14
2 1
1 2
2 1
1 2
0 1
0 1
0 1
2 0
1 2
0 1
0 2
0 1
2 1
0 1
16 0 14
0 14
8 11
14 15
11 1
3 11
7 4
6 13
1 3
4 12
8 3
2 11
2 13
12 5
7 12
4 5 12
2 4 851
4 3 838
1 4 112
2 3 456
3 1 863
1 3
1 3
1 0
3 1
1 3
0 2
0 2
3 1
2 3
0 3
1 0
3 0
17 3 6
5 16 952
2 5 483
16 11 795
7 2
16 10
3 10
7 12
13 3
3 1
11 11 19
2 1 403
9 4 346
1 5 504
4 6 55
10 6 567
9 1 504
6 7 372
3 1 751
7 11 260
8 9 663
7 1 350
10 2
6 3
1 6
9 8
6 3
1 10
4 3
10 1
8 7
7 5
1 9
4 1
3 5
4 1
3 5
7 1
1 0
4 2
0 9
8 4 18
1 5 85
7 1 646
8 4 409
2 8 936
2 4
7 6
4 2
5 6
5 3
3 6
3 0
4 3
4 1
1 5
7 0
2 0
1 4
4 0
3 6
4 3
5 2
7 0
9 10 12
4 9 229
1 2 218
3 7 434
7 6 978
5 6 520
2 8 112
8 6 221
2 7 694
1 8 718
8 9 771
4 3
6 7
6 4
0 1
1 7
7 8
8 3
3 5
8 6
4 5
6 2
1 8
15 8 13
13 4 710
9 5 14
7 8 297
12 14 450
10 4 305
10 13 948
10 12 957
14 13 501
8 12
8 2
13 7
2 12
11 13
12 2
5 1
5 10
3 6
14 4
0 11
7 14
0 11
18 16 15
15 13 304
14 12 416
1 9 872
14 13 482
8 14 814
6 12 831
17 13 326
11 10 208
7 10 543
14 9 12
7 2 429
7 8 653
18 3 487
5 14 302
11 5 133
7 17 459
15 5
2 0
9 6
7 8
4 6
1 12
12 7
11 15
11 0
17 10
0 16
15 14
0 5
0 7
9 15
16 2 14
16 4 621
2 5 63
1 10
6 7
5 1
8 0
1 15
3 6
10 9
8 15
9 8
4 14
3 15
9 2
2 14
3 6
11 8 17
1 9 726
3 5 170
8 4 586
5 2 787
11 5 29
10 4 675
6 4 12
7 3 766
6 2
8 3
4 10
9 7
2 5
8 1
9 10
5 8
1 10
5 4
2 10
7 8
1 10
10 0
4 1
1 8
1 7
3 0 11
1 2
1 0
2 1
2 0
2 1
0 2
0 1
1 2
1 0
2 0
1 0
14 9 19
7 12 585
12 10 489
8 10 727
4 12 198
13 8 671
1 12 806
13 10 183
4 6 244
2 4 807
4 0
10 1
1 5
10 0
12 3
8 2
12 4
12 5
1 13
0 11
9 10
12 13
13 0
12 2
9 4
6 13
0 1
7 8
2 4
5 9 18
3 4 928
4 5 303
2 1 665
5 3 982
2 3 756
3 1 928
4 1 569
5 2 104
2 4 891
2 4
3 4
1 0
0 3
3 0
0 3
1 0
3 0
1 2
4 1
4 2
3 1
0 2
4 2
3 2
3 4
4 2
3 2
13 2 4
13 4 912
8 9 941
0 4
11 12
7 9
1 11
16 12 15
11 2 341
15 16 866
10 14 640
11 16 152
13 12 839
6 13 868
11 10 404
13 16 41
12 1 461
7 16 613
2 10 310
8 9 142
3 9
11 2
1 7
14 0
12 10
12 6
3 8
2 14
2 7
4 2
12 5
11 2
12 3
8 13
4 12
15 19 18
13 5 924
12 13 646
15 1 316
14 8 882
8 6 734
12 9 356
15 3 440
7 5 854
5 4 588
2 15 148
13 14 19
10 11 423
9 2 116
13 15 490
8 10 973
1 9 633
11 5 621
10 13 688
1 2 615
10 12
3 11
8 7
10 3
14 9
11 7
3 13
14 4
1 13
3 8
4 11
3 5
0 4
5 1
14 7
13 2
3 13
2 6
5 10 17
3 1 912
1 5 297
4 5 233
2 4 289
2 5 261
3 5 669
2 3 435
1 2 112
3 4 746
1 4 756
3 0
2 4
3 4
4 1
0 2
2 1
3 4
4 1
4 0
4 3
4 3
0 1
1 0
1 0
4 2
2 0
3 1
18 1 12
5 4 638
1 17
14 10
7 5
5 12
12 5
0 12
4 11
7 16
11 4
2 6
9 13
11 0
14 16 13
1 6 710
11 3 633
7 4 907
3 5 301
13 12 127
5 4 289
10 8 184
8 4 673
9 2 278
4 11 696
7 1 104
10 12 896
12 14 198
8 11 677
10 13 966
3 4 503
0 1
10 3
12 4
2 9
5 12
3 11
12 8
4 11
3 13
6 12
13 0
3 7
11 12
4 3 16
4 2 754
3 4 449
2 3 103
3 1
0 1
1 0
1 2
0 1
2 1
0 2
1 0
0 2
3 1
0 1
0 2
3 2
0 3
0 1
0 1
1 0 0
7 13 17
6 1 220
4 2 672
3 1 86
3 2 822
6 7 761
5 7 489
1 2 248
7 3 666
3 6 179
6 2 289
3 5 341
6 5 7
4 5 199
3 5
2 5
5 6
5 3
0 3
2 5
4 0
5 1
3 1
5 6
5 3
2 3
6 0
1 0
5 2
6 5
6 2
9 9 18
2 7 960
3 9 151
5 1 256
4 3 345
8 7 633
2 3 73
8 1 719
8 6 800
6 3 789
5 7
4 1
1 4
7 0
6 2
8 5
7 5
1 6
7 5
5 0
1 6
4 8
2 8
5 2
2 8
0 4
0 2
0 3
14 10 12
5 13 31
2 7 631
1 9 143
14 3 835
10 2 758
13 12 831
14 6 105
6 5 891
14 5 936
12 1 324
9 0
7 10
8 2
7 10
4 3
1 7
4 0
10 9
5 1
6 3
4 3
7 11
1 0 0
5 7 15
4 1 677
1 5 645
5 4 273
5 3 403
5 2 30
1 2 889
1 3 344
4 2
0 1
3 1
4 1
0 2
0 1
1 3
1 4
4 2
1 0
3 4
2 4
1 4
1 2
3 4
4 2 0
2 1 777
2 3 328
8 14 11
5 6 503
5 8 153
2 7 262
3 8 705
7 8 307
3 2 203
1 6 960
5 7 549
7 1 634
5 3 698
8 4 901
8 2 214
4 7 990
1 3 349
0 4
2 6
3 4
0 6
1 6
1 0
2 3
3 1
6 0
0 7
6 4
20 2 18
10 15 108
19 7 593
13 0
16 13
19 4
9 18
5 3
11 10
14 18
1 19
0 17
12 8
16 0
7 10
10 16
16 18
7 2
3 0
15 12
5 6
17 7 16
17 15 987
5 14 417
6 7 190
2 11 138
1 4 37
14 11 173
2 8 952
11 10
7 9
13 14
0 8
0 9
15 14
6 3
2 10
8 16
12 0
9 1
8 12
2 4
13 15
13 11
13 8
19 13 17
10 1 805
18 6 702
6 3 586
15 9 887
5 8 731
16 10 712
12 17 731
3 14 275
10 2 123
1 12 556
17 19 783
16 17 991
8 10 384
12 18
15 17
2 11
7 18
0 5
14 18
15 17
6 13
0 3
6 2
0 5
5 16
18 6
15 2
13 6
12 4
2 8
18 14 9
7 5 930
14 5 767
1 13 359
7 17 894
8 2 160
5 16 812
5 17 85
16 6 8
6 1 717
8 18 219
12 18 63
14 2 957
9 13 177
5 9 331
5 7
9 11
17 13
9 2
8 15
12 11
15 5
16 12
4 8
19 9 19
5 6 157
1 14 6
18 2 255
11 10 292
18 1 845
12 16 483
19 6 481
2 17 196
14 9 482
5 7
14 8
8 0
12 8
13 7
3 11
12 13
18 16
9 18
6 1
11 14
16 17
16 17
14 6
9 0
3 14
7 17
3 12
18 13
11 15 3
3 7 738
4 9 465
8 4 389
9 10 444
10 1 332
3 1 768
2 8 687
4 7 231
4 1 633
2 6 901
8 7 219
3 11 526
6 10 226
2 3 769
1 11 520
0 3
6 7
9 8
1 0 0
5 3 5
5 2 426
3 4 886
5 3 402
1 0
0 2
0 3
0 2
4 2
2 0 2
0 1
1 0
1 0 0
16 2 3
16 9 790
2 4 690
4 10
7 4
4 13
6 0 10
4 1
2 3
5 4
2 4
3 2
3 4
2 0
0 2
2 0
4 0
6 0 18
0 5
0 3
3 5
3 1
2 0
2 5
3 4
5 2
5 3
4 5
1 2
3 4
5 1
2 3
4 2
1 2
3 2
1 4
18 16 0
15 11 142
10 14 491
2 8 501
16 14 265
4 9 697
15 14 75
14 4 927
8 9 545
7 17 585
10 9 722
8 10 555
13 4 21
10 15 639
13 6 336
10 17 210
4 15 246
19 7 7
1 14 406
13 16 421
16 8 509
10 1 594
18 12 724
12 13 78
4 15 861
4 6
14 0
14 18
14 0
10 3
17 4
12 7
11 6 9
5 1 591
5 10 861
6 10 505
3 10 139
3 4 110
4 9 292
7 0
8 4
3 4
6 5
8 5
4 8
9 6
8 0
0 5
17 4 3
12 7 431
7 8 361
15 13 496
15 10 610
12 10
5 11
13 10
9 10 10
9 8 47
5 9 772
8 2 357
1 6 385
3 2 728
8 5 499
2 9 387
7 2 29
3 6 483
2 5 664
3 5
0 8
5 3
4 8
5 4
6 5
2 1
5 4
1 2
1 0
13 0 13
12 2
0 3
1 8
4 1
8 9
4 9
4 6
6 8
1 10
6 3
6 8
11 7
3 2
12 3 15
12 2 523
8 5 615
9 6 619
9 1
6 7
2 10
3 7
10 4
11 3
6 4
11 9
0 10
0 11
5 11
2 10
6 10
2 1
6 8
13 15 17
11 4 324
3 2 91
4 12 263
13 1 199
6 2 632
2 5 87
11 2 986
4 3 520
6 9 796
9 2 542
1 9 731
10 13 853
11 3 405
5 4 389
8 10 476
6 10
12 9
1 10
12 4
2 7
10 11
11 5
6 1
0 2
3 7
1 5
1 7
10 1
1 6
4 8
5 3
4 8
1 0 0
5 8 17
3 1 699
4 5 297
1 4 865
5 2 191
1 5 553
2 3 6
4 3 478
3 5 837
0 4
0 1
3 0
2 4
0 3
2 0
3 2
3 4
3 4
2 0
3 0
2 4
2 4
4 0
2 1
4 2
2 1
13 14 19
9 3 287
12 11 793
12 3 447
1 2 897
4 1 361
5 8 30
12 10 161
10 4 148
7 4 147
13 8 602
12 5 694
13 4 932
12 4 887
13 7 45
6 9
4 8
12 0
12 1
9 2
4 2
5 4
3 12
5 6
5 8
5 3
1 9
5 7
2 0
5 7
9 7
9 8
7 8
11 5
17 15 17
12 16 488
14 17 517
9 2 15
17 13 128
16 8 950
9 6 82
8 1 886
14 12 744
17 1 816
15 5 252
7 17 550
12 13 16
16 4 993
7 4 765
8 2 218
16 10
9 16
8 0
11 5
12 15
9 1
16 14
7 6
8 9
16 5
4 5
16 2
3 1
7 2
2 16
1 10
0 3
3 1 19
1 2 115
1 2
2 1
1 2
2 1
2 0
0 1
0 2
0 2
0 1
2 0
0 2
2 0
1 0
0 1
0 2
2 0
1 2
2 0
1 2
12 10 13
12 1 956
5 3 377
11 7 701
3 12 129
10 12 654
10 8 131
6 4 648
8 9 714
10 7 408
3 11 213
6 3
5 0
8 4
6 5
2 11
1 9
8 6
5 4
2 7
10 2
4 7
9 7
8 3
7 18 4
1 4 990
4 7 91
1 3 203
2 5 463
2 4 789
2 7 523
2 3 568
5 7 670
3 6 267
2 6 269
2 1 879
6 4 586
5 4 896
5 6 275
3 7 569
3 5 773
6 7 126
7 1 664
4 3
1 0
0 2
4 3
17 11 17
1 16 8
13 14 255
11 12 381
17 15 399
11 4 433
13 15 5
6 11 346
9 10 951
3 5 827
3 11 200
1 11 264
14 9
7 8
14 10
1 4
15 0
6 9
6 1
6 0
15 7
1 6
0 6
16 4
9 1
5 3
10 16
9 7
16 7
15 19 14
12 13 893
5 9 38
3 8 933
7 8 508
3 4 66
9 11 491
5 14 442
14 13 926
4 8 903
1 7 402
1 10 411
4 14 316
5 1 86
13 8 83
1 2 147
14 2 662
1 14 927
7 6 406
8 14 422
14 9
2 12
5 10
3 2
11 0
11 0
0 9
3 9
12 1
6 3
7 11
4 7
0 10
8 2
10 10 12
9 6 406
1 6 888
4 1 790
9 4 691
4 5 679
8 2 424
10 8 893
6 4 123
6 5 7
6 10 766
5 6
4 0
8 4
8 1
6 4
6 7
1 9
1 2
8 7
5 9
5 4
4 8
10 11 12
4 3 523
4 9 833
5 2 321
9 10 840
8 2 816
7 9 302
3 7 911
7 2 528
5 7 262
2 4 646
10 1 845
9 1
6 9
5 7
6 4
6 8
9 2
0 7
5 0
1 2
4 9
0 6
3 8
6 10 17
4 1 276
1 3 176
6 3 396
6 4 500
1 2 161
3 5 833
4 3 55
2 3 769
5 1 277
6 5 587
4 0
3 2
1 4
2 3
3 1
2 5
1 5
3 4
1 5
2 0
2 4
0 1
4 1
4 5
4 0
0 2
0 1
4 5 6
2 4 183
4 3 965
1 3 802
1 4 377
2 1 145
2 3
3 1
1 0
0 2
3 2
3 0
7 15 15
4 3 229
7 3 271
7 5 293
4 6 527
2 7 746
3 2 440
5 6 514
5 1 323
4 1 946
2 4 239
2 6 577
5 4 225
6 1 396
2 5 6
1 7 351
4 3
1 4
5 1
2 5
5 6
3 2
5 0
3 0
4 0
6 4
4 5
6 5
2 4
4 6
6 1
18 10 7
18 8 841
6 1 367
7 12 470
4 8 763
1 2 394
5 13 699
17 15 44
4 15 267
4 17 644
13 3 559
1 9
8 17
0 14
11 8
15 16
5 15
5 7
15 1 8
13 2 865
4 2
12 1
0 6
11 3
5 13
13 2
13 11
1 12
6 8 0
3 6 588
3 5 357
5 2 826
2 4 303
4 6 732
3 4 368
6 2 302
3 2 30
6 2 0
1 4 456
6 4 683
8 0 8
5 0
0 1
7 5
2 5
4 1
1 0
3 5
6 0
12 10 2
6 11 219
9 3 698
10 3 543
2 7 691
3 5 739
4 3 336
9 8 554
7 10 34
10 12 419
7 3 991
7 8
9 4
3 1 1
2 1 47
1 0
4 5 18
3 2 547
1 4 85
2 1 567
2 4 711
3 1 201
1 3
1 0
0 2
0 2
3 1
0 1
2 1
2 1
2 0
0 2
0 1
3 0
1 0
3 2
0 3
0 1
2 0
1 0
0 0 0

0 0 0