-876.126 -273.597 832.274 713.103
228.595 -1240.467 -1.305 -245.667
-851.001 -783.774 109.799 -168.374
-1334.109 396.934 104.891 -248.166
2711.401 1094.137 2679.801 1134.637
1421.481 571.524 -413.919 -153.476
-910.959 840.345 -1.659 -795.755
713.791 499.488 -130.509 502.688
2007.767 7913.235 1620.067 6970.635
-227.545 83.610 -44.745 649.210
-265.595 874.420 -91.295 -128.780
788.144 756.144 -260.556 1053.344
218.318 758.466 146.518 725.466
883.337 -97.423 -134.363 191.877
118.991 -198.815 -116.909 -865.815
6003.279 -3150.762 4870.079 -2402.562
194.160 -183.560 -198.640 374.540
862.250 299.247 -411.650 904.047
-846.463 -1008.386 426.037 499.314
-810.992 -322.908 131.008 -511.308
-869.957 1250.933 -368.057 -237.367
832.590 817.941 288.990 -984.159
-481.517 -1142.902 95.283 -89.602
-745.624 428.101 -923.124 -540.799
-290.076 565.399 -37.776 -907.801
-336.502 -205.538 -1174.202 -324.638
-1177.459 -671.015 -186.159 -159.715
-294.650 44.394 89.750 733.694
-1442.157 3270.368 -1169.257 2569.268
57.881 210.899 477.581 -41.501
948.463 -363.787 -311.637 497.613
-433.882 -1172.845 -675.982 -1139.345
684.443 3.831 -615.857 -756.169
-750.923 -199.722 -425.123 396.578
-987.151 146.452 -498.251 50.852
-965.869 1068.850 -626.769 308.950
1688.127 4217.444 1259.827 3914.444
176.368 397.774 612.468 -203.026
-1408.602 49.584 -249.102 131.684
-202.326 800.428 -492.626 -70.572
800.050 185.871 507.850 -676.229
390.855 243.034 677.555 -780.166
49.731 392.133 703.631 -532.367
-24849.591 5050.163 -23367.291 4717.663
-704.093 -1443.218 -149.693 -236.418
-595.041 -836.504 270.259 -211.704
-451.692 1522.273 173.708 869.973
119.739 1108.413 794.239 140.513
-322.707 -1107.854 -355.507 -656.754
-1361.889 674.573 -67.289 279.973
4042.752 -8585.953 4262.952 -8882.753
671.856 48.455 23.156 -360.545
806.424 928.076 828.624 -912.924
-551.433 842.733 -5.433 450.133
813.746 825.109 -582.154 -400.391
113.483 -633.409 -6.117 -204.509
100492.098 -41927.037 99169.698 -41390.537
-97.239 -233.666 -921.639 -44.466
-857.759 -646.962 586.041 -9.562
716.084 -359.897 361.884 -618.997
148.802 -921.225 -17.898 472.975
-200.564 -391.294 -667.764 -551.594
-1254.119 -1770.482 -460.919 -765.482
606.353 418.475 425.053 148.775
-1464.163 844.414 -693.463 -49.186
601.684 -247.872 -201.416 371.828
494.654 217.021 129.854 -48.779
-147.001 -77.058 763.099 584.842
-156.595 -660.988 -403.495 725.512
-682.891 307.823 -149.591 324.623
-616.965 -203.301 -698.265 -871.201
-1956.402 -557.776 -401.802 -605.376
-344.007 205.684 159.393 -300.616
-320.937 639.094 -20.137 -340.006
-512.131 363.234 -374.231 -509.366
-772.028 528.164 -567.128 244.564
-1838.849 643.814 -1829.449 474.614
-28127.793 87675.009 -28003.393 87306.209
-445.981 -408.489 140.119 -400.689
865.226 -227.025 -6.874 179.075
319.459 210.188 108.759 993.688
-593.848 1075.223 257.552 670.023
-271.286 381.478 747.514 -903.122
425.157 -85.671 392.757 295.529
-929.195 -279.981 -32.595 -467.281
1146.033 548.495 -565.767 105.895
-1788.627 -677.493 -1307.827 -857.493
1264.191 -52.401 -175.609 126.899
-349.887 103.897 942.213 109.197
1337.853 371.890 -24.447 555.690
568.396 268.108 -264.504 1.508
-1111.332 -594.385 -346.632 -771.885
1697.716 3448.150 689.516 1802.350
644.492 -609.195 -775.308 89.005
-881.076 -1001.183 37.724 -153.983
135.920 949.301 -468.780 -7.199
1120.925 -205.553 -436.575 -463.153
987.659 876.844 431.259 91.544
364.652 -453.537 231.952 -958.337
-797.355 -953.229 -185.455 409.771
