100
0
1
9
13
011
277
413
0876
7192
7329
8126
9893
12345
17214
20204
160176
1566843
9716463
54275347
84091195
91920744
216589640
845048810
3747766429
4802642960
8224853717
9712606483
19982103842
830497247155
900059026267
926804404288
0000000000277
0000000007329
0000000017214
0000000160176
0000009716463
0000091920744
0000555005000
0000845048810
0004288666440
0008224853717
0019982103842
0066006333660
0266408208048
0500550055050
0550050000505
0555000555550
0555550500505
0603063033330
0800428008208
0801564185288
0926804404288
1087830939945
1111111111111
1583319926819
1854109578624
2208684408826
2282622822428
3006306630360
3076293173315
3139233861342
3363600606666
3719669768636
3824130392011
4746598597199
4787157013058
4804248428846
4859618176134
4938069459189
5005000000050
5050500005000
5149017057386
5547883568237
5550055055005
5550055550005
5555000555050
6066446228844
6204689097259
6336663000030
6360660306000
6363633000033
6600066606363
6603063333033
6603330660006
6899770633780
7384787452228
7777777777777
8006422004864
8085122681688
8148388648124
8497502656195
8604680006424
8617183596076
8668828424088
8855851047012
8968834961434
9321829612918
9433879877471
9655492462320
9929263750831
