20
1000 90 119183605 800390554 869262611
37245610
727819161
786210092
249057005
53022121
620417987
308912558
474169225
293365291
614383450
183563293
241581016
711677169
165041385
457172424
89386931
189354668
368449252
476996647
598101336
612565645
836802951
180974856
479547342
408040952
395385160
844494841
379740911
48292067
844494840
842822800
545841862
294092964
350811855
794898867
347115085
101967231
234548814
412325884
855636707
439973838
186930751
227955113
282388396
351972136
276169111
832079512
132368378
644618363
30855123
730469715
387921397
867658074
42181960
458510313
406436415
28608694
433742544
377218900
76900761
16347
811083274
622742623
294109312
292632518
139420453
232265971
854903935
834273452
644591856
432319605
404984679
831522607
660274718
278414649
314232133
67181218
241231551
446600511
302841155
272086674
307807615
281804126
270482137
810293760
740314440
267960126
838902454
304794373
236220600
1000 33 965205667 724223372 169374881
149880795
141176592
110231960
21914970
65228061
60094288
129111051
154094256
80916751
16599472
70551180
63825024
5277308
26867338
109836392
45363145
35772408
111152952
104976553
15777395
58254500
167814198
18708534
90518765
27073586
82161051
59802062
145404848
13899824
43552775
105854414
163780619
69744292
511 78 869187222 480490764 414973471
411933029
65761477
349539367
380766166
372369781
226641639
290713634
370984670
40055529
84809113
45184497
211031986
67228192
402689911
246458000
242089240
36046246
1836279
60600466
379536075
367943349
288705299
310239102
47898545
397515148
238555507
360281099
21781957
231456507
42744392
217154741
228416065
108505870
151720638
121592467
65902180
378362277
412306101
21913379
3444335
9525451
409455054
141860028
76753643
397171494
315701735
246226590
18244270
317538014
306827056
325164052
197891599
107942591
147813390
173173851
90484269
313752604
118481479
39649933
130235641
161225872
256804675
286035413
269731742
335909020
407627881
335633922
226681533
332344218
284931008
157509575
269253376
279412591
299369603
346007020
188994322
127481574
104643846
1000 17 651165168 999463789 141914966
109788020
23556100
120693253
109077781
2480154
97633857
141096439
39198570
127238684
127170638
46355679
99602049
31160
1448344
87690226
125076824
54628000
902 79 700521650 713080455 927846731
409268985
774510410
825098871
269882313
235667782
674695564
533957295
231036614
191878087
209591875
467155519
178188650
669501779
708370202
340497539
653095173
256959682
731474587
241741979
173082238
665275375
820985911
814083218
49701607
915071560
409621033
315759618
687746479
194854757
96122701
438563909
312333556
870633111
44025863
290425683
814510707
426931241
824382979
117700590
618809328
742184668
293065924
796997978
192049530
73589395
209648787
845144704
38758891
649333188
795096497
211841129
386761833
688235677
98077616
144673254
383670321
215908463
168642687
143570069
118973034
264765388
290343793
139516405
843608313
42579470
429942088
438482103
469510712
326478336
264392507
160473309
140816273
557458431
29624557
41075618
339257640
875329889
886220322
378016531
634 25 305026160 681316818 517704392
114506795
288583038
26966670
498177116
320263368
195609357
349957000
331674350
352812692
456072660
471190755
84346141
498652130
383428451
5123852
450458450
7974263
269516359
503369707
374704742
125042266
241204078
415780360
356737853
414601442
587 92 610773785 531223811 251091542
23345104
1862530
99984894
208424295
104327414
213005317
119928299
160550835
82629363
239036858
41813700
138995952
69818134
148857639
7568940
100602638
61013742
96713140
16399105
77086877
57547683
215243383
132311547
88963438
77609832
29734369
82373809
186200533
166749159
82373808
127926760
190094263
196576568
89160343
147427017
49812441
51074118
128604004
71611964
133703481
116549320
113425664
133948121
47616142
123531991
141517061
148218780
45794421
99478889
164617885
235221528
18275260
241109956
116441534
219578929
67628247
146175903
50861196
115077468
174173751
245575234
104252917
113176472
191060260
193413260
121852177
240872701
244487378
250456181
61393124
239439547
228254189
36067476
234636356
24778789
159599468
125061875
172997569
205393889
85789452
198864143
189523876
104064713
188882557
54873868
72552100
117759492
62298459
235753526
94085649
236472210
230237218
511 11 849519555 340732733 841257835
334598371
57591353
592907002
196122082
402917136
26995629
55123782
400561755
387799554
319349158
38143934
1 1 4712031 479056446 733904406
480159960
511 1 0 1 672941413
0
513 1 0 688898794 688898796
688898795
149 91 573145152 870824527 481004729
75075055
208150980
29626331
216990020
254414677
454639588
327201256
324953468
82712640
366182083
317173032
402224719
405380653
283737592
190305594
259666905
130905013
479272055
181990891
218595239
265259116
296984091
223307270
77836644
68879038
277677638
329891552
456550001
1018518
144417362
191182005
76093574
129103610
220808336
69618862
160053556
451983192
173355386
4002295
311231101
58532741
321175328
232451091
240448662
123908191
199291953
19110838
31348473
197559280
458641726
249943712
239353664
274621089
249786251
317190309
120035395
46459160
166077132
95580668
47477679
87029762
63297941
381111250
216133373
284106277
450730112
376186929
31620009
143080770
380189224
342851110
459153508
477899820
351837469
218597441
378343280
70124693
14243548
409691753
44219241
472885274
436170733
283572906
43036902
204952255
119758486
163072298
27946684
62370886
258652966
332964360
513 13 785065825 765114905 916566486
95353856
883674091
305137504
13269152
460356989
825060280
657861008
892676595
266174598
572817129
274730276
230238572
525394711
512 36 549595770 202350236 71364788
56274617
31823730
22214675
2138847
11297440
37292871
3069760
4761595
63193202
53285073
7826135
50554206
62736672
51735995
41957111
53510406
64323164
42656399
20011740
7738375
13235366
25928931
33612578
14382198
45763163
50083593
47661257
24440629
32692426
42907184
68002004
17602255
3366126
12311884
13201095
8123559
513 68 270476179 256334679 189362159
44861932
114119699
12775622
155825765
184670879
146039137
150592453
131589105
91439240
100957800
92350993
102655802
150911111
182505471
140923024
49414039
86228930
106980056
81426217
73392183
126807562
131833268
27330173
179836995
162677162
156074828
25183164
54429023
86874395
25183163
6275173
67236429
74802963
19050795
33700035
70111683
100590034
184292488
137200889
2667115
31388231
40189723
40823019
117799443
33333036
117246144
102713583
55062067
34864042
184139801
128454250
161671604
126610910
91284525
87646541
35426014
57997194
48329806
89855037
80371691
73512969
96130210
147608120
148315932
50681107
181308155
153927716
151271141
740 10 111410106 764965093 676085069
668516841
70175581
518256219
505056510
665876688
193975982
533598839
615641075
476795463
209351239
512 63 687946481 929689830 8989182
7139111
4177606
5792168
8717741
3163992
7442890
3076908
8923007
5553143
8732496
5442847
586117
4279761
7718313
8981673
6956026
727768
6118238
2851743
8077028
4522184
2879826
276536
5834659
6614040
1279051
5227442
3324357
6013985
1570705
4836555
4163914
6679161
1639541
4823323
853972
1024099
8831081
787797
6577243
8574396
7161494
7163360
4795825
5890625
8086701
2762669
6618393
5215757
6545262
5706239
748760
1366756
5982775
7514269
8911646
8192676
3752529
3246822
6148329
6254084
8083377
1323061
414 13 477374730 943547914 549578845
190966889
213936630
62542532
131964255
123032824
135658062
384907847
433813287
430573864
57345548
301314756
481123109
168234636
428 46 819705073 68230643 755036387
438451387
472151076
355970177
252370435
261785751
379483303
572633804
337688626
372401826
547269677
96130846
73438099
661421955
698181379
572090230
450479934
228641241
147805811
738826594
141119123
56805046
238788468
28829394
458675039
417236833
546233163
398612491
89458260
222016546
6165230
50549244
660467933
595941819
406519421
275427495
220316696
148591851
210650425
558005322
520993677
2883715
654136168
712057290
26894796
597281160
646736646
100 100 0 0 1000000
9150
9150
14027
14027
45909
45909
84040
84040
85672
85672
108520
108520
120135
120135
145736
145736
154356
154356
157762
157762
180205
180205
190810
190810
196517
196517
197344
197344
221332
221332
225200
225200
281919
281919
283461
283461
285830
285830
291387
291387
316560
316560
337457
337457
338674
338674
347293
347293
352665
352665
378037
378037
392064
392064
412003
412003
446888
446888
449258
449258
459659
459659
460718
460718
466464
466464
531827
531827
561284
561284
583243
583243
585334
585334
630144
630144
660039
660039
680073
680073
754748
754748
769112
769112
782678
782678
786603
786603
798659
798659
815682
815682
886575
886575
925403
925403
931139
931139
987944
987944
