198
4 20
1 2 3 8 9 9 9 9 10 10 10 10 10 10 10 10 10 10 10 10
5 5 8 8 8 8 9 10 10 10 10 10 10 10 10 10 10 10 10 10
1 7 8 10 10 10 10 10 10 10 10 10 10 10 10 10 10 10 10 10
10 10 10 10 10 10 10 10 10 10 10 10 10 10 10 10 10 10 10 10
5 8
1 7 10 10 10 10 10 10
6 9 10 10 10 10 10 10
6 6 6 8 9 10 10 10
1 9 10 10 10 10 10 10
2 4 10 10 10 10 10 10
10 2
4 5
6 7
4 7
5 10
9 9
4 4
3 8
9 9
10 10
3 3
10 12
6 7 10 10 10 10 10 10 10 10 10 10
0 1 8 10 10 10 10 10 10 10 10 10
4 4 6 8 8 10 10 10 10 10 10 10
7 7 10 10 10 10 10 10 10 10 10 10
0 8 9 10 10 10 10 10 10 10 10 10
10 10 10 10 10 10 10 10 10 10 10 10
2 5 9 10 10 10 10 10 10 10 10 10
3 9 9 10 10 10 10 10 10 10 10 10
1 2 3 5 5 9 9 9 10 10 10 10
3 7 9 10 10 10 10 10 10 10 10 10
1 10
4 5 6 7 7 9 9 10 10 10
5 15
2 9 9 9 9 9 10 10 10 10 10 10 10 10 10
6 7 9 9 10 10 10 10 10 10 10 10 10 10 10
10 10 10 10 10 10 10 10 10 10 10 10 10 10 10
9 10 10 10 10 10 10 10 10 10 10 10 10 10 10
2 8 10 10 10 10 10 10 10 10 10 10 10 10 10
10 10
9 10 10 10 10 10 10 10 10 10
9 9 10 10 10 10 10 10 10 10
3 4 10 10 10 10 10 10 10 10
7 10 10 10 10 10 10 10 10 10
6 9 10 10 10 10 10 10 10 10
2 9 10 10 10 10 10 10 10 10
1 10 10 10 10 10 10 10 10 10
7 8 8 8 9 10 10 10 10 10
5 7 7 10 10 10 10 10 10 10
8 10 10 10 10 10 10 10 10 10
5 10
10 10 10 10 10 10 10 10 10 10
8 9 10 10 10 10 10 10 10 10
7 8 10 10 10 10 10 10 10 10
3 5 5 5 9 10 10 10 10 10
0 0 3 4 4 7 8 8 9 9
3 4
10 10 10 10
1 2 10 10
9 10 10 10
10 16
4 6 9 9 10 10 10 10 10 10 10 10 10 10 10 10
3 6 8 10 10 10 10 10 10 10 10 10 10 10 10 10
2 5 6 10 10 10 10 10 10 10 10 10 10 10 10 10
4 10 10 10 10 10 10 10 10 10 10 10 10 10 10 10
1 4 8 9 9 9 9 9 9 9 10 10 10 10 10 10
7 8 10 10 10 10 10 10 10 10 10 10 10 10 10 10
9 9 9 9 9 9 9 10 10 10 10 10 10 10 10 10
6 10 10 10 10 10 10 10 10 10 10 10 10 10 10 10
9 9 10 10 10 10 10 10 10 10 10 10 10 10 10 10
7 7 7 8 8 8 9 9 9 9 9 9 10 10 10 10
4 10
7 7 7 8 10 10 10 10 10 10
9 9 9 10 10 10 10 10 10 10
8 8 8 10 10 10 10 10 10 10
10 10 10 10 10 10 10 10 10 10
9 9
5 6 6 6 6 9 9 10 10
0 10 10 10 10 10 10 10 10
3 8 10 10 10 10 10 10 10
10 10 10 10 10 10 10 10 10
10 10 10 10 10 10 10 10 10
7 7 8 10 10 10 10 10 10
1 2 7 8 9 9 10 10 10
3 6 10 10 10 10 10 10 10
3 6 7 7 10 10 10 10 10
6 4
8 10 10 10
5 9 9 10
3 8 10 10
0 3 5 5
5 9 10 10
8 9 9 10
2 10
6 7 10 10 10 10 10 10 10 10
3 6 10 10 10 10 10 10 10 10
8 7
8 9 10 10 10 10 10
0 6 10 10 10 10 10
6 6 9 9 9 10 10
7 10 10 10 10 10 10
9 10 10 10 10 10 10
0 2 9 9 9 9 10
9 10 10 10 10 10 10
4 5 9 9 10 10 10
7 13
7 9 10 10 10 10 10 10 10 10 10 10 10
1 1 9 10 10 10 10 10 10 10 10 10 10
6 10 10 10 10 10 10 10 10 10 10 10 10
10 10 10 10 10 10 10 10 10 10 10 10 10
8 10 10 10 10 10 10 10 10 10 10 10 10
6 8 9 10 10 10 10 10 10 10 10 10 10
4 10 10 10 10 10 10 10 10 10 10 10 10
7 18
10 10 10 10 10 10 10 10 10 10 10 10 10 10 10 10 10 10
7 9 9 9 10 10 10 10 10 10 10 10 10 10 10 10 10 10
0 5 5 8 8 8 9 9 9 9 9 9 10 10 10 10 10 10
6 10 10 10 10 10 10 10 10 10 10 10 10 10 10 10 10 10
7 7 8 9 9 9 9 10 10 10 10 10 10 10 10 10 10 10
8 10 10 10 10 10 10 10 10 10 10 10 10 10 10 10 10 10
8 8 9 9 10 10 10 10 10 10 10 10 10 10 10 10 10 10
6 8
7 10 10 10 10 10 10 10
5 6 9 10 10 10 10 10
9 9 10 10 10 10 10 10
10 10 10 10 10 10 10 10
0 3 3 8 9 10 10 10
4 10 10 10 10 10 10 10
1 15
6 6 9 9 10 10 10 10 10 10 10 10 10 10 10
7 12
1 5 8 9 9 9 10 10 10 10 10 10
5 8 8 10 10 10 10 10 10 10 10 10
9 9 10 10 10 10 10 10 10 10 10 10
1 6 6 8 10 10 10 10 10 10 10 10
7 10 10 10 10 10 10 10 10 10 10 10
2 8 9 10 10 10 10 10 10 10 10 10
3 6 8 10 10 10 10 10 10 10 10 10
2 16
8 9 9 9 10 10 10 10 10 10 10 10 10 10 10 10
2 8 8 8 9 10 10 10 10 10 10 10 10 10 10 10
5 20
5 7 8 9 10 10 10 10 10 10 10 10 10 10 10 10 10 10 10 10
8 8 8 10 10 10 10 10 10 10 10 10 10 10 10 10 10 10 10 10
8 10 10 10 10 10 10 10 10 10 10 10 10 10 10 10 10 10 10 10
7 10 10 10 10 10 10 10 10 10 10 10 10 10 10 10 10 10 10 10
7 7 9 9 10 10 10 10 10 10 10 10 10 10 10 10 10 10 10 10
1 19
1 10 10 10 10 10 10 10 10 10 10 10 10 10 10 10 10 10 10
9 9
9 10 10 10 10 10 10 10 10
6 6 10 10 10 10 10 10 10
1 6 9 10 10 10 10 10 10
0 2 9 10 10 10 10 10 10
1 9 9 9 10 10 10 10 10
1 1 1 5 10 10 10 10 10
5 6 7 8 9 10 10 10 10
4 8 10 10 10 10 10 10 10
5 8 8 8 10 10 10 10 10
8 11
10 10 10 10 10 10 10 10 10 10 10
10 10 10 10 10 10 10 10 10 10 10
6 6 6 9 9 10 10 10 10 10 10
5 9 10 10 10 10 10 10 10 10 10
6 7 10 10 10 10 10 10 10 10 10
8 9 9 9 9 9 10 10 10 10 10
0 0 4 7 8 8 10 10 10 10 10
3 4 5 10 10 10 10 10 10 10 10
4 17
6 10 10 10 10 10 10 10 10 10 10 10 10 10 10 10 10
8 9 9 10 10 10 10 10 10 10 10 10 10 10 10 10 10
4 8 10 10 10 10 10 10 10 10 10 10 10 10 10 10 10
3 3 6 10 10 10 10 10 10 10 10 10 10 10 10 10 10
8 13
5 8 10 10 10 10 10 10 10 10 10 10 10
2 7 7 7 7 10 10 10 10 10 10 10 10
0 10 10 10 10 10 10 10 10 10 10 10 10
6 8 9 9 9 9 10 10 10 10 10 10 10
5 9 10 10 10 10 10 10 10 10 10 10 10
1 10 10 10 10 10 10 10 10 10 10 10 10
0 3 9 10 10 10 10 10 10 10 10 10 10
1 5 5 8 9 9 9 10 10 10 10 10 10
10 5
7 10 10 10 10
1 10 10 10 10
5 5 8 8 8
6 10 10 10 10
3 6 8 10 10
6 8 8 10 10
9 9 9 9 10
5 7 8 9 9
7 10 10 10 10
1 4 6 8 8
10 1
10
3
0
8
3
6
2
7
3
4
2 17
4 6 10 10 10 10 10 10 10 10 10 10 10 10 10 10 10
8 10 10 10 10 10 10 10 10 10 10 10 10 10 10 10 10
4 13
2 10 10 10 10 10 10 10 10 10 10 10 10
0 2 9 9 9 9 10 10 10 10 10 10 10
9 10 10 10 10 10 10 10 10 10 10 10 10
10 10 10 10 10 10 10 10 10 10 10 10 10
1 18
2 8 10 10 10 10 10 10 10 10 10 10 10 10 10 10 10 10
8 9
2 5 9 10 10 10 10 10 10
3 9 10 10 10 10 10 10 10
7 10 10 10 10 10 10 10 10
4 4 4 10 10 10 10 10 10
0 7 10 10 10 10 10 10 10
7 10 10 10 10 10 10 10 10
8 9 10 10 10 10 10 10 10
8 9 9 10 10 10 10 10 10
3 15
7 10 10 10 10 10 10 10 10 10 10 10 10 10 10
8 8 9 9 10 10 10 10 10 10 10 10 10 10 10
8 10 10 10 10 10 10 10 10 10 10 10 10 10 10
6 17
3 9 9 9 10 10 10 10 10 10 10 10 10 10 10 10 10
9 10 10 10 10 10 10 10 10 10 10 10 10 10 10 10 10
2 7 9 10 10 10 10 10 10 10 10 10 10 10 10 10 10
3 7 9 9 9 9 9 10 10 10 10 10 10 10 10 10 10
4 10 10 10 10 10 10 10 10 10 10 10 10 10 10 10 10
2 8 10 10 10 10 10 10 10 10 10 10 10 10 10 10 10
1 14
1 3 5 8 9 10 10 10 10 10 10 10 10 10
3 7
5 6 6 8 9 10 10
9 9 9 10 10 10 10
6 9 10 10 10 10 10
1 3
7 8 9
6 9
5 8 10 10 10 10 10 10 10
3 7 9 10 10 10 10 10 10
4 8 9 10 10 10 10 10 10
7 8 10 10 10 10 10 10 10
0 7 8 10 10 10 10 10 10
5 7 8 8 10 10 10 10 10
3 13
10 10 10 10 10 10 10 10 10 10 10 10 10
0 1 3 8 9 10 10 10 10 10 10 10 10
9 9 10 10 10 10 10 10 10 10 10 10 10
1 19
0 7 10 10 10 10 10 10 10 10 10 10 10 10 10 10 10 10 10
10 12
7 10 10 10 10 10 10 10 10 10 10 10
8 8 10 10 10 10 10 10 10 10 10 10
4 6 7 9 9 10 10 10 10 10 10 10
7 9 10 10 10 10 10 10 10 10 10 10
3 3 5 7 9 9 9 9 9 9 9 9
1 2 9 10 10 10 10 10 10 10 10 10
6 7 7 10 10 10 10 10 10 10 10 10
7 9 10 10 10 10 10 10 10 10 10 10
1 4 7 8 10 10 10 10 10 10 10 10
6 9 10 10 10 10 10 10 10 10 10 10
10 10
3 9 10 10 10 10 10 10 10 10
3 3 3 7 9 9 9 10 10 10
4 6 10 10 10 10 10 10 10 10
2 4 4 8 8 9 9 10 10 10
3 8 10 10 10 10 10 10 10 10
8 9 9 10 10 10 10 10 10 10
3 4 9 9 10 10 10 10 10 10
2 4 4 9 10 10 10 10 10 10
4 5 8 10 10 10 10 10 10 10
1 8 10 10 10 10 10 10 10 10
1 15
4 4 5 7 9 10 10 10 10 10 10 10 10 10 10
3 9
10 10 10 10 10 10 10 10 10
4 9 10 10 10 10 10 10 10
2 2 9 10 10 10 10 10 10
1 8
4 9 9 9 9 10 10 10
1 7
5 7 8 9 9 9 9
5 3
3 7 7
10 10 10
2 4 10
6 9 9
1 7 8
6 8
10 10 10 10 10 10 10 10
10 10 10 10 10 10 10 10
10 10 10 10 10 10 10 10
1 8 10 10 10 10 10 10
1 2 10 10 10 10 10 10
7 9 9 9 9 9 9 9
4 15
2 2 2 2 5 8 8 9 9 9 9 10 10 10 10
9 9 9 10 10 10 10 10 10 10 10 10 10 10 10
7 10 10 10 10 10 10 10 10 10 10 10 10 10 10
7 10 10 10 10 10 10 10 10 10 10 10 10 10 10
1 1
7
10 9
4 8 9 9 10 10 10 10 10
8 10 10 10 10 10 10 10 10
6 9 10 10 10 10 10 10 10
8 8 8 8 10 10 10 10 10
0 4 6 8 8 8 10 10 10
4 7 9 10 10 10 10 10 10
7 10 10 10 10 10 10 10 10
4 10 10 10 10 10 10 10 10
3 3 7 9 10 10 10 10 10
4 9 10 10 10 10 10 10 10
6 17
4 6 8 8 9 9 9 9 10 10 10 10 10 10 10 10 10
9 10 10 10 10 10 10 10 10 10 10 10 10 10 10 10 10
8 10 10 10 10 10 10 10 10 10 10 10 10 10 10 10 10
3 7 10 10 10 10 10 10 10 10 10 10 10 10 10 10 10
0 7 8 8 8 10 10 10 10 10 10 10 10 10 10 10 10
8 8 8 9 10 10 10 10 10 10 10 10 10 10 10 10 10
1 19
5 10 10 10 10 10 10 10 10 10 10 10 10 10 10 10 10 10 10
9 9
1 10 10 10 10 10 10 10 10
10 10 10 10 10 10 10 10 10
10 10 10 10 10 10 10 10 10
0 9 10 10 10 10 10 10 10
2 7 10 10 10 10 10 10 10
5 6 6 10 10 10 10 10 10
7 9 9 9 9 10 10 10 10
7 8 10 10 10 10 10 10 10
6 9 9 9 9 10 10 10 10
3 12
10 10 10 10 10 10 10 10 10 10 10 10
9 10 10 10 10 10 10 10 10 10 10 10
2 2 7 7 7 9 10 10 10 10 10 10
4 12
6 8 9 10 10 10 10 10 10 10 10 10
5 8 9 10 10 10 10 10 10 10 10 10
2 2 3 8 9 9 9 10 10 10 10 10
4 4 10 10 10 10 10 10 10 10 10 10
8 2
1 8
4 10
2 7
9 9
6 10
9 10
3 8
10 10
5 9
0 8 8 9 9 10 10 10 10
6 8 9 10 10 10 10 10 10
0 2 9 9 10 10 10 10 10
4 7 8 8 10 10 10 10 10
2 6 8 8 8 8 9 9 10
5 10
5 6 10 10 10 10 10 10 10 10
2 5 6 10 10 10 10 10 10 10
2 7 7 9 9 9 9 9 10 10
10 10 10 10 10 10 10 10 10 10
4 6 10 10 10 10 10 10 10 10
9 7
6 10 10 10 10 10 10
10 10 10 10 10 10 10
7 8 9 9 10 10 10
3 3 3 4 9 10 10
7 9 9 10 10 10 10
2 6 7 10 10 10 10
0 3 10 10 10 10 10
3 4 9 9 9 10 10
8 10 10 10 10 10 10
3 17
10 10 10 10 10 10 10 10 10 10 10 10 10 10 10 10 10
6 8 8 8 10 10 10 10 10 10 10 10 10 10 10 10 10
4 6 8 8 8 10 10 10 10 10 10 10 10 10 10 10 10
4 8
2 8 9 9 9 10 10 10
5 8 8 9 9 10 10 10
6 8 9 10 10 10 10 10
3 7 9 10 10 10 10 10
8 16
5 9 9 9 9 10 10 10 10 10 10 10 10 10 10 10
6 6 8 8 10 10 10 10 10 10 10 10 10 10 10 10
9 9 10 10 10 10 10 10 10 10 10 10 10 10 10 10
0 2 7 7 9 9 9 9 9 10 10 10 10 10 10 10
0 5 6 8 9 9 9 10 10 10 10 10 10 10 10 10
2 6 10 10 10 10 10 10 10 10 10 10 10 10 10 10
4 8 9 10 10 10 10 10 10 10 10 10 10 10 10 10
9 10 10 10 10 10 10 10 10 10 10 10 10 10 10 10
3 7
9 9 9 9 10 10 10
2 4 4 8 9 9 10
2 9 10 10 10 10 10
7 17
9 9 9 10 10 10 10 10 10 10 10 10 10 10 10 10 10
1 9 9 9 9 9 10 10 10 10 10 10 10 10 10 10 10
2 2 4 8 8 9 9 10 10 10 10 10 10 10 10 10 10
8 8 10 10 10 10 10 10 10 10 10 10 10 10 10 10 10
3 10 10 10 10 10 10 10 10 10 10 10 10 10 10 10 10
2 2 5 10 10 10 10 10 10 10 10 10 10 10 10 10 10
3 10 10 10 10 10 10 10 10 10 10 10 10 10 10 10 10
7 15
3 9 9 10 10 10 10 10 10 10 10 10 10 10 10
8 8 10 10 10 10 10 10 10 10 10 10 10 10 10
5 8 8 8 8 9 10 10 10 10 10 10 10 10 10
8 9 10 10 10 10 10 10 10 10 10 10 10 10 10
6 10 10 10 10 10 10 10 10 10 10 10 10 10 10
0 3 8 10 10 10 10 10 10 10 10 10 10 10 10
2 5 6 9 10 10 10 10 10 10 10 10 10 10 10
2 7
3 4 8 10 10 10 10
2 5 5 5 6 6 9
1 14
1 2 6 6 8 10 10 10 10 10 10 10 10 10
6 10
10 10 10 10 10 10 10 10 10 10
4 6 7 7 10 10 10 10 10 10
3 7 10 10 10 10 10 10 10 10
9 10 10 10 10 10 10 10 10 10
4 9 9 10 10 10 10 10 10 10
7 7 10 10 10 10 10 10 10 10
7 9
9 10 10 10 10 10 10 10 10
6 7 9 10 10 10 10 10 10
2 2 10 10 10 10 10 10 10
3 8 10 10 10 10 10 10 10
5 6 9 10 10 10 10 10 10
4 6 10 10 10 10 10 10 10
6 10 10 10 10 10 10 10 10
4 14
7 8 9 10 10 10 10 10 10 10 10 10 10 10
1 9 9 9 9 9 9 10 10 10 10 10 10 10
2 10 10 10 10 10 10 10 10 10 10 10 10 10
1 8 9 9 9 10 10 10 10 10 10 10 10 10
2 5
10 10 10 10 10
6 6 8 9 10
4 10
5 5 10 10 10 10 10 10 10 10
9 9 10 10 10 10 10 10 10 10
9 9 10 10 10 10 10 10 10 10
4 7 9 10 10 10 10 10 10 10
5 19
10 10 10 10 10 10 10 10 10 10 10 10 10 10 10 10 10 10 10
9 9 10 10 10 10 10 10 10 10 10 10 10 10 10 10 10 10 10
3 4 6 8 10 10 10 10 10 10 10 10 10 10 10 10 10 10 10
9 10 10 10 10 10 10 10 10 10 10 10 10 10 10 10 10 10 10
9 10 10 10 10 10 10 10 10 10 10 10 10 10 10 10 10 10 10
6 15
5 9 9 9 9 10 10 10 10 10 10 10 10 10 10
5 6 6 8 9 9 10 10 10 10 10 10 10 10 10
1 6 10 10 10 10 10 10 10 10 10 10 10 10 10
4 10 10 10 10 10 10 10 10 10 10 10 10 10 10
9 10 10 10 10 10 10 10 10 10 10 10 10 10 10
7 9 10 10 10 10 10 10 10 10 10 10 10 10 10
9 1
6
2
8
9
8
5
10
1
2
10 1
8
1
1
4
6
3
6
2
10
7
10 12
7 7 10 10 10 10 10 10 10 10 10 10
9 10 10 10 10 10 10 10 10 10 10 10
6 6 9 9 10 10 10 10 10 10 10 10
0 8 8 9 10 10 10 10 10 10 10 10
8 8 10 10 10 10 10 10 10 10 10 10
1 9 10 10 10 10 10 10 10 10 10 10
3 10 10 10 10 10 10 10 10 10 10 10
10 10 10 10 10 10 10 10 10 10 10 10
6 9 9 9 9 9 10 10 10 10 10 10
3 4 10 10 10 10 10 10 10 10 10 10
9 17
8 9 10 10 10 10 10 10 10 10 10 10 10 10 10 10 10
5 5 5 9 10 10 10 10 10 10 10 10 10 10 10 10 10
1 5 6 6 9 9 9 9 9 10 10 10 10 10 10 10 10
6 9 9 10 10 10 10 10 10 10 10 10 10 10 10 10 10
8 10 10 10 10 10 10 10 10 10 10 10 10 10 10 10 10
7 8 8 9 10 10 10 10 10 10 10 10 10 10 10 10 10
1 7 10 10 10 10 10 10 10 10 10 10 10 10 10 10 10
3 4 4 5 8 10 10 10 10 10 10 10 10 10 10 10 10
4 5 10 10 10 10 10 10 10 10 10 10 10 10 10 10 10
7 17
0 8 9 9 9 9 9 9 9 10 10 10 10 10 10 10 10
0 9 9 10 10 10 10 10 10 10 10 10 10 10 10 10 10
6 9 10 10 10 10 10 10 10 10 10 10 10 10 10 10 10
7 10 10 10 10 10 10 10 10 10 10 10 10 10 10 10 10
5 6 7 7 7 10 10 10 10 10 10 10 10 10 10 10 10
5 10 10 10 10 10 10 10 10 10 10 10 10 10 10 10 10
4 4 10 10 10 10 10 10 10 10 10 10 10 10 10 10 10
9 19
9 9 10 10 10 10 10 10 10 10 10 10 10 10 10 10 10 10 10
6 9 9 9 9 9 10 10 10 10 10 10 10 10 10 10 10 10 10
5 6 10 10 10 10 10 10 10 10 10 10 10 10 10 10 10 10 10
7 7 10 10 10 10 10 10 10 10 10 10 10 10 10 10 10 10 10
8 8 8 10 10 10 10 10 10 10 10 10 10 10 10 10 10 10 10
8 8 9 9 10 10 10 10 10 10 10 10 10 10 10 10 10 10 10
8 10 10 10 10 10 10 10 10 10 10 10 10 10 10 10 10 10 10
3 10 10 10 10 10 10 10 10 10 10 10 10 10 10 10 10 10 10
10 10 10 10 10 10 10 10 10 10 10 10 10 10 10 10 10 10 10
10 10
9 10 10 10 10 10 10 10 10 10
8 10 10 10 10 10 10 10 10 10
1 3 8 10 10 10 10 10 10 10
6 6 8 9 10 10 10 10 10 10
6 9 9 10 10 10 10 10 10 10
5 6 8 10 10 10 10 10 10 10
0 2 2 3 4 9 10 10 10 10
3 5 10 10 10 10 10 10 10 10
7 10 10 10 10 10 10 10 10 10
4 5 7 10 10 10 10 10 10 10
7 2
2 6
2 2
5 9
9 10
9 9
0 6
4 9
3 10
5 10 10 10 10 10 10 10 10 10
4 10 10 10 10 10 10 10 10 10
1 8 10 10 10 10 10 10 10 10
2 14
3 10 10 10 10 10 10 10 10 10 10 10 10 10
0 10 10 10 10 10 10 10 10 10 10 10 10 10
10 6
2 5 8 9 10 10
6 7 7 8 10 10
2 3 3 9 10 10
9 9 9 10 10 10
5 7 9 9 10 10
0 1 2 9 9 9
2 2 3 10 10 10
2 10 10 10 10 10
9 10 10 10 10 10
7 8 9 9 9 9
7 7
9 9 10 10 10 10 10
10 10 10 10 10 10 10
4 6 6 8 8 8 10
4 6 8 8 10 10 10
8 9 9 9 9 10 10
3 9 9 9 9 9 9
1 9 9 9 9 9 9
5 5
5 6 6 8 8
1 5 9 9 10
3 4 8 9 10
2 2 8 8 10
10 10 10 10 10
6 10
9 9 9 10 10 10 10 10 10 10
4 5 7 8 9 10 10 10 10 10
7 9 9 9 10 10 10 10 10 10
2 2 8 8 9 9 10 10 10 10
3 7 8 9 9 10 10 10 10 10
1 6 8 8 8 9 10 10 10 10
2 6
3 3 9 10 10 10
8 9 9 9 9 10
5 15
7 10 10 10 10 10 10 10 10 10 10 10 10 10 10
0 10 10 10 10 10 10 10 10 10 10 10 10 10 10
7 10 10 10 10 10 10 10 10 10 10 10 10 10 10
4 5 9 9 9 10 10 10 10 10 10 10 10 10 10
3 9 9 10 10 10 10 10 10 10 10 10 10 10 10
8 6
1 4 5 7 10 10
3 4 10 10 10 10
6 6 10 10 10 10
4 6 10 10 10 10
7 9 9 9 10 10
3 4 6 9 9 10
0 2 7 7 8 8
3 4 4 7 10 10
9 1
10
8
5
3
7
0
10
3
0
1 20
5 9 9 9 10 10 10 10 10 10 10 10 10 10 10 10 10 10 10 10
7 15
1 4 6 7 9 9 9 10 10 10 10 10 10 10 10
2 4 4 10 10 10 10 10 10 10 10 10 10 10 10
10 10 10 10 10 10 10 10 10 10 10 10 10 10 10
5 7 7 9 9 10 10 10 10 10 10 10 10 10 10
4 4 7 8 9 9 9 9 9 9 9 10 10 10 10
8 10 10 10 10 10 10 10 10 10 10 10 10 10 10
9 10 10 10 10 10 10 10 10 10 10 10 10 10 10
9 8
1 1 3 10 10 10 10 10
3 3 7 7 8 8 10 10
4 7 7 7 8 9 10 10
1 9 9 10 10 10 10 10
9 10 10 10 10 10 10 10
6 8 10 10 10 10 10 10
9 9 9 9 9 9 10 10
10 10 10 10 10 10 10 10
4 4 6 8 10 10 10 10
6 1
6
10
8
1
1
7
3 4
2 9 9 9
3 9 10 10
8 8 9 9


7 4
3 6 9 10
5 10 10 10
6 7 10 10
7 9 9 9
0 2 7 7
5 5 10 10
6 8 10 10
5 20
1 1 5 9 10 10 10 10 10 10 10 10 10 10 10 10 10 10 10 10
3 5 10 10 10 10 10 10 10 10 10 10 10 10 10 10 10 10 10 10
8 8 9 10 10 10 10 10 10 10 10 10 10 10 10 10 10 10 10 10
0 8 10 10 10 10 10 10 10 10 10 10 10 10 10 10 10 10 10 10
5 8 8 10 10 10 10 10 10 10 10 10 10 10 10 10 10 10 10 10
5 13
3 4 4 9 9 9 9 10 10 10 10 10 10
7 10 10 10 10 10 10 10 10 10 10 10 10
5 10 10 10 10 10 10 10 10 10 10 10 10
10 10 10 10 10 10 10 10 10 10 10 10 10
10 10 10 10 10 10 10 10 10 10 10 10 10
8 9
1 8 9 10 10 10 10 10 10
4 4 7 9 9 10 10 10 10
7 9 9 10 10 10 10 10 10
1 7 8 9 10 10 10 10 10
1 9 10 10 10 10 10 10 10
5 5 9 10 10 10 10 10 10
6 10 10 10 10 10 10 10 10
2 9 10 10 10 10 10 10 10
8 12
10 10 10 10 10 10 10 10 10 10 10 10
7 8 9 10 10 10 10 10 10 10 10 10
6 6 10 10 10 10 10 10 10 10 10 10
4 4 7 9 9 10 10 10 10 10 10 10
6 7 9 9 10 10 10 10 10 10 10 10
10 10 10 10 10 10 10 10 10 10 10 10
10 10 10 10 10 10 10 10 10 10 10 10
5 8 9 9 10 10 10 10 10 10 10 10
8 11
2 3 4 4 5 5 8 10 10 10 10
2 6 10 10 10 10 10 10 10 10 10
9 9 9 9 9 9 10 10 10 10 10
6 6 9 10 10 10 10 10 10 10 10
0 0 10 10 10 10 10 10 10 10 10
7 8 9 10 10 10 10 10 10 10 10
10 10 10 10 10 10 10 10 10 10 10
0 6 8 10 10 10 10 10 10 10 10
10 4
6 7 9 10
6 6 10 10
3 4 6 10
7 10 10 10
9 10 10 10
3 9 9 9
1 7 9 9
6 10 10 10
0 0 6 10
1 9 10 10
2 13
6 8 8 10 10 10 10 10 10 10 10 10 10
4 6 8 10 10 10 10 10 10 10 10 10 10
5 15
3 7 10 10 10 10 10 10 10 10 10 10 10 10 10
6 7 9 9 9 9 10 10 10 10 10 10 10 10 10
9 9 10 10 10 10 10 10 10 10 10 10 10 10 10
0 0 2 8 8 9 10 10 10 10 10 10 10 10 10
10 10 10 10 10 10 10 10 10 10 10 10 10 10 10
1 8
6 10 10 10 10 10 10 10
2 14
3 6 9 9 10 10 10 10 10 10 10 10 10 10
5 8 10 10 10 10 10 10 10 10 10 10 10 10
8 10
3 10 10 10 10 10 10 10 10 10
6 10 10 10 10 10 10 10 10 10
10 10 10 10 10 10 10 10 10 10
10 10 10 10 10 10 10 10 10 10
10 10 10 10 10 10 10 10 10 10
0 3 7 10 10 10 10 10 10 10
10 10 10 10 10 10 10 10 10 10
1 6 6 10 10 10 10 10 10 10
6 17
2 10 10 10 10 10 10 10 10 10 10 10 10 10 10 10 10
6 6 8 9 10 10 10 10 10 10 10 10 10 10 10 10 10
6 6 7 8 8 9 9 9 9 10 10 10 10 10 10 10 10
4 6 6 6 10 10 10 10 10 10 10 10 10 10 10 10 10
1 3 10 10 10 10 10 10 10 10 10 10 10 10 10 10 10
7 10 10 10 10 10 10 10 10 10 10 10 10 10 10 10 10
7 11
2 10 10 10 10 10 10 10 10 10 10
6 6 9 9 10 10 10 10 10 10 10
8 8 10 10 10 10 10 10 10 10 10
2 7 9 10 10 10 10 10 10 10 10
9 10 10 10 10 10 10 10 10 10 10
1 6 7 9 10 10 10 10 10 10 10
3 9 10 10 10 10 10 10 10 10 10
4 8
8 9 9 9 10 10 10 10
1 5 10 10 10 10 10 10
5 9 10 10 10 10 10 10
6 7 10 10 10 10 10 10
10 10
5 7 10 10 10 10 10 10 10 10
4 5 6 6 7 7 9 9 10 10
5 6 6 8 9 9 10 10 10 10
0 9 10 10 10 10 10 10 10 10
0 7 7 10 10 10 10 10 10 10
2 7 9 10 10 10 10 10 10 10
1 4 10 10 10 10 10 10 10 10
0 2 8 10 10 10 10 10 10 10
9 9 10 10 10 10 10 10 10 10
7 10 10 10 10 10 10 10 10 10
2 12
4 9 10 10 10 10 10 10 10 10 10 10
10 10 10 10 10 10 10 10 10 10 10 10
5 1
5
10
3
7
1
2 19
6 8 10 10 10 10 10 10 10 10 10 10 10 10 10 10 10 10 10
3 9 10 10 10 10 10 10 10 10 10 10 10 10 10 10 10 10 10
10 2
1 9
9 10
4 7
2 3
2 4
10 10
8 10
8 9
4 9
7 10
8 18
10 10 10 10 10 10 10 10 10 10 10 10 10 10 10 10 10 10
3 7 9 10 10 10 10 10 10 10 10 10 10 10 10 10 10 10
5 10 10 10 10 10 10 10 10 10 10 10 10 10 10 10 10 10
6 8 9 10 10 10 10 10 10 10 10 10 10 10 10 10 10 10
4 5 10 10 10 10 10 10 10 10 10 10 10 10 10 10 10 10
7 10 10 10 10 10 10 10 10 10 10 10 10 10 10 10 10 10
0 8 10 10 10 10 10 10 10 10 10 10 10 10 10 10 10 10
6 10 10 10 10 10 10 10 10 10 10 10 10 10 10 10 10 10
10 13
3 4 10 10 10 10 10 10 10 10 10 10 10
0 6 7 7 8 10 10 10 10 10 10 10 10
0 2 7 10 10 10 10 10 10 10 10 10 10
10 10 10 10 10 10 10 10 10 10 10 10 10
9 9 9 9 9 10 10 10 10 10 10 10 10
3 5 7 7 10 10 10 10 10 10 10 10 10
10 10 10 10 10 10 10 10 10 10 10 10 10
9 10 10 10 10 10 10 10 10 10 10 10 10
10 10 10 10 10 10 10 10 10 10 10 10 10
2 3 5 9 9 10 10 10 10 10 10 10 10
5 12
2 3 8 8 9 9 10 10 10 10 10 10
7 8 8 9 10 10 10 10 10 10 10 10
9 10 10 10 10 10 10 10 10 10 10 10
1 2 2 8 10 10 10 10 10 10 10 10
6 10 10 10 10 10 10 10 10 10 10 10
9 3
0 6 8
3 4 5
9 9 10
8 8 9
4 5 5
3 6 9
4 4 10
7 7 8
2 9 9
10 7
4 6 10 10 10 10 10
6 6 7 7 8 9 10
0 6 6 7 9 10 10
3 9 10 10 10 10 10
5 8 8 8 9 10 10
6 10 10 10 10 10 10
0 4 6 6 8 10 10
0 7 10 10 10 10 10
4 9 10 10 10 10 10
4 9 10 10 10 10 10
6 10
2 5 6 6 7 10 10 10 10 10
4 8 8 10 10 10 10 10 10 10
10 10 10 10 10 10 10 10 10 10
5 9 9 9 10 10 10 10 10 10
8 10 10 10 10 10 10 10 10 10
9 9 10 10 10 10 10 10 10 10
8 8
6 6 8 10 10 10 10 10
8 10 10 10 10 10 10 10
8 10 10 10 10 10 10 10
5 6 9 9 9 9 9 10
8 10 10 10 10 10 10 10
4 9 9 9 10 10 10 10
9 10 10 10 10 10 10 10
1 5 10 10 10 10 10 10
9 11
1 2 4 4 6 9 10 10 10 10 10
5 7 8 10 10 10 10 10 10 10 10
0 1 9 9 9 10 10 10 10 10 10
4 9 9 9 9 10 10 10 10 10 10
0 6 9 10 10 10 10 10 10 10 10
2 2 6 10 10 10 10 10 10 10 10
1 7 10 10 10 10 10 10 10 10 10
2 9 10 10 10 10 10 10 10 10 10
3 8 9 10 10 10 10 10 10 10 10
5 2
1 5
7 10
4 5
10 10
0 9
7 18
0 8 9 10 10 10 10 10 10 10 10 10 10 10 10 10 10 10
5 8 9 9 10 10 10 10 10 10 10 10 10 10 10 10 10 10
6 9 9 10 10 10 10 10 10 10 10 10 10 10 10 10 10 10
9 9 10 10 10 10 10 10 10 10 10 10 10 10 10 10 10 10
2 10 10 10 10 10 10 10 10 10 10 10 10 10 10 10 10 10
8 9 10 10 10 10 10 10 10 10 10 10 10 10 10 10 10 10
4 7 8 8 8 10 10 10 10 10 10 10 10 10 10 10 10 10
1 9
0 6 9 9 10 10 10 10 10
8 4
7 7 7 10
4 5 5 8
4 8 10 10
3 7 7 9
3 6 6 6
4 6 7 7
3 9 9 10
4 10 10 10
2 20
0 0 10 10 10 10 10 10 10 10 10 10 10 10 10 10 10 10 10 10
7 7 8 9 10 10 10 10 10 10 10 10 10 10 10 10 10 10 10 10
6 11
0 8 10 10 10 10 10 10 10 10 10
9 10 10 10 10 10 10 10 10 10 10
1 6 6 10 10 10 10 10 10 10 10
5 10 10 10 10 10 10 10 10 10 10
7 7 8 10 10 10 10 10 10 10 10
3 5 8 9 10 10 10 10 10 10 10
1 6
1 4 7 8 10 10
2 3
5 5 7
7 10 10
7 18
3 3 9 10 10 10 10 10 10 10 10 10 10 10 10 10 10 10
3 9 10 10 10 10 10 10 10 10 10 10 10 10 10 10 10 10
5 8 9 10 10 10 10 10 10 10 10 10 10 10 10 10 10 10
5 6 7 7 7 8 9 10 10 10 10 10 10 10 10 10 10 10
7 10 10 10 10 10 10 10 10 10 10 10 10 10 10 10 10 10
5 6 6 9 9 9 9 10 10 10 10 10 10 10 10 10 10 10
0 9 10 10 10 10 10 10 10 10 10 10 10 10 10 10 10 10
6 14
8 9 9 9 10 10 10 10 10 10 10 10 10 10
4 4 8 9 10 10 10 10 10 10 10 10 10 10
3 6 10 10 10 10 10 10 10 10 10 10 10 10
7 9 10 10 10 10 10 10 10 10 10 10 10 10
8 9 9 10 10 10 10 10 10 10 10 10 10 10
0 7 9 9 9 9 9 10 10 10 10 10 10 10
6 10
3 4 5 7 10 10 10 10 10 10
6 8 8 8 10 10 10 10 10 10
3 8 10 10 10 10 10 10 10 10
4 4 10 10 10 10 10 10 10 10
4 5 7 7 9 10 10 10 10 10
10 10 10 10 10 10 10 10 10 10
4 3
1 10 10
4 10 10
7 9 10
9 9 9
1 12
8 9 9 9 9 9 9 10 10 10 10 10
2 4
2 4 8 8
1 3 9 9
6 7
9 9 10 10 10 10 10
0 8 10 10 10 10 10
8 9 9 10 10 10 10
0 8 8 8 10 10 10
8 9 9 10 10 10 10
9 10 10 10 10 10 10
2 17
2 4 8 8 8 9 10 10 10 10 10 10 10 10 10 10 10
7 8 10 10 10 10 10 10 10 10 10 10 10 10 10 10 10
6 19
2 10 10 10 10 10 10 10 10 10 10 10 10 10 10 10 10 10 10
7 9 9 9 10 10 10 10 10 10 10 10 10 10 10 10 10 10 10
2 10 10 10 10 10 10 10 10 10 10 10 10 10 10 10 10 10 10
4 6 9 10 10 10 10 10 10 10 10 10 10 10 10 10 10 10 10
1 5 9 10 10 10 10 10 10 10 10 10 10 10 10 10 10 10 10
8 9 10 10 10 10 10 10 10 10 10 10 10 10 10 10 10 10 10
1 15
2 9 10 10 10 10 10 10 10 10 10 10 10 10 10
3 14
9 10 10 10 10 10 10 10 10 10 10 10 10 10
5 5 9 10 10 10 10 10 10 10 10 10 10 10
8 8 8 10 10 10 10 10 10 10 10 10 10 10
3 13
8 10 10 10 10 10 10 10 10 10 10 10 10
1 10 10 10 10 10 10 10 10 10 10 10 10
9 9 9 10 10 10 10 10 10 10 10 10 10
2 2
5 8
6 6
9 1
6
4
2
7
6
9
5
2
4
2 12
4 4 7 7 9 10 10 10 10 10 10 10
6 7 9 10 10 10 10 10 10 10 10 10
5 4
4 8 8 10
9 9 9 10
2 6 9 10
2 3 8 8
4 10 10 10
3 17
1 8 10 10 10 10 10 10 10 10 10 10 10 10 10 10 10
6 6 10 10 10 10 10 10 10 10 10 10 10 10 10 10 10
8 9 10 10 10 10 10 10 10 10 10 10 10 10 10 10 10
10 11
1 8 8 10 10 10 10 10 10 10 10
0 4 6 10 10 10 10 10 10 10 10
10 10 10 10 10 10 10 10 10 10 10
4 5 10 10 10 10 10 10 10 10 10
0 0 7 10 10 10 10 10 10 10 10
0 5 8 8 10 10 10 10 10 10 10
6 8 10 10 10 10 10 10 10 10 10
9 10 10 10 10 10 10 10 10 10 10
4 8 10 10 10 10 10 10 10 10 10
4 5 10 10 10 10 10 10 10 10 10
8 17
6 9 9 9 10 10 10 10 10 10 10 10 10 10 10 10 10
1 3 3 3 3 9 10 10 10 10 10 10 10 10 10 10 10
1 8 9 10 10 10 10 10 10 10 10 10 10 10 10 10 10
10 10 10 10 10 10 10 10 10 10 10 10 10 10 10 10 10
8 9 9 10 10 10 10 10 10 10 10 10 10 10 10 10 10
3 7 10 10 10 10 10 10 10 10 10 10 10 10 10 10 10
3 4 8 8 8 10 10 10 10 10 10 10 10 10 10 10 10
6 6 7 7 7 9 9 10 10 10 10 10 10 10 10 10 10
8 9
7 7 10 10 10 10 10 10 10
4 8 8 8 8 8 9 10 10
4 5 9 9 9 9 10 10 10
9 10 10 10 10 10 10 10 10
9 10 10 10 10 10 10 10 10
0 2 8 9 9 9 10 10 10
3 8 9 9 9 10 10 10 10
5 10 10 10 10 10 10 10 10
10 19
6 10 10 10 10 10 10 10 10 10 10 10 10 10 10 10 10 10 10
2 4 6 7 8 10 10 10 10 10 10 10 10 10 10 10 10 10 10
1 4 10 10 10 10 10 10 10 10 10 10 10 10 10 10 10 10 10
7 7 10 10 10 10 10 10 10 10 10 10 10 10 10 10 10 10 10
5 6 8 10 10 10 10 10 10 10 10 10 10 10 10 10 10 10 10
10 10 10 10 10 10 10 10 10 10 10 10 10 10 10 10 10 10 10
6 9 10 10 10 10 10 10 10 10 10 10 10 10 10 10 10 10 10
6 6 9 10 10 10 10 10 10 10 10 10 10 10 10 10 10 10 10
4 7 8 8 9 9 10 10 10 10 10 10 10 10 10 10 10 10 10
3 3 7 10 10 10 10 10 10 10 10 10 10 10 10 10 10 10 10
2 4
2 2 10 10
0 0 5 10
1 20
0 8 8 10 10 10 10 10 10 10 10 10 10 10 10 10 10 10 10 10
7 20
2 5 9 10 10 10 10 10 10 10 10 10 10 10 10 10 10 10 10 10
2 3 8 10 10 10 10 10 10 10 10 10 10 10 10 10 10 10 10 10
7 7 9 9 10 10 10 10 10 10 10 10 10 10 10 10 10 10 10 10
2 7 7 10 10 10 10 10 10 10 10 10 10 10 10 10 10 10 10 10
7 7 8 9 10 10 10 10 10 10 10 10 10 10 10 10 10 10 10 10
9 9 9 10 10 10 10 10 10 10 10 10 10 10 10 10 10 10 10 10
10 10 10 10 10 10 10 10 10 10 10 10 10 10 10 10 10 10 10 10
5 8
0 9 10 10 10 10 10 10
3 3 7 10 10 10 10 10
0 4 8 10 10 10 10 10
0 10 10 10 10 10 10 10
8 9 10 10 10 10 10 10
3 17
4 8 8 10 10 10 10 10 10 10 10 10 10 10 10 10 10
1 3 9 9 10 10 10 10 10 10 10 10 10 10 10 10 10
7 7 8 10 10 10 10 10 10 10 10 10 10 10 10 10 10
4 13
3 9 10 10 10 10 10 10 10 10 10 10 10
8 9 10 10 10 10 10 10 10 10 10 10 10
8 8 10 10 10 10 10 10 10 10 10 10 10
9 10 10 10 10 10 10 10 10 10 10 10 10
5 13
6 9 10 10 10 10 10 10 10 10 10 10 10
1 7 7 8 8 8 9 9 10 10 10 10 10
2 4 5 6 8 8 8 10 10 10 10 10 10
10 10 10 10 10 10 10 10 10 10 10 10 10
5 9 10 10 10 10 10 10 10 10 10 10 10
6 14
0 4 8 9 10 10 10 10 10 10 10 10 10 10
9 9 9 10 10 10 10 10 10 10 10 10 10 10
1 3 6 8 8 9 9 10 10 10 10 10 10 10
7 9 10 10 10 10 10 10 10 10 10 10 10 10
5 10 10 10 10 10 10 10 10 10 10 10 10 10
3 10 10 10 10 10 10 10 10 10 10 10 10 10
8 15
3 3 3 6 10 10 10 10 10 10 10 10 10 10 10
0 10 10 10 10 10 10 10 10 10 10 10 10 10 10
3 3 9 10 10 10 10 10 10 10 10 10 10 10 10
9 9 10 10 10 10 10 10 10 10 10 10 10 10 10
8 10 10 10 10 10 10 10 10 10 10 10 10 10 10
8 10 10 10 10 10 10 10 10 10 10 10 10 10 10
0 9 9 10 10 10 10 10 10 10 10 10 10 10 10
7 10 10 10 10 10 10 10 10 10 10 10 10 10 10
7 13
9 10 10 10 10 10 10 10 10 10 10 10 10
5 5 9 9 10 10 10 10 10 10 10 10 10
6 10 10 10 10 10 10 10 10 10 10 10 10
2 5 6 8 9 10 10 10 10 10 10 10 10
3 4 5 5 6 6 8 9 10 10 10 10 10
5 7 8 8 8 10 10 10 10 10 10 10 10
2 2 6 6 10 10 10 10 10 10 10 10 10
4 19
6 6 9 10 10 10 10 10 10 10 10 10 10 10 10 10 10 10 10
3 9 10 10 10 10 10 10 10 10 10 10 10 10 10 10 10 10 10
5 9 9 10 10 10 10 10 10 10 10 10 10 10 10 10 10 10 10
4 5 8 9 10 10 10 10 10 10 10 10 10 10 10 10 10 10 10
7 15
7 8 10 10 10 10 10 10 10 10 10 10 10 10 10
8 10 10 10 10 10 10 10 10 10 10 10 10 10 10
9 10 10 10 10 10 10 10 10 10 10 10 10 10 10
0 1 8 10 10 10 10 10 10 10 10 10 10 10 10
7 10 10 10 10 10 10 10 10 10 10 10 10 10 10
6 7 8 8 10 10 10 10 10 10 10 10 10 10 10
10 10 10 10 10 10 10 10 10 10 10 10 10 10 10
3 2
6 7
0 6
6 8
3 15
5 7 9 10 10 10 10 10 10 10 10 10 10 10 10
6 7 10 10 10 10 10 10 10 10 10 10 10 10 10
1 6 7 9 9 10 10 10 10 10 10 10 10 10 10
9 4
9 10 10 10
1 3 3 8
8 8 8 10
8 10 10 10
0 7 8 9
5 9 10 10
9 9 9 9
4 5 5 5
9 10 10 10
1 3
0 9 9
4 19
2 9 9 10 10 10 10 10 10 10 10 10 10 10 10 10 10 10 10
9 10 10 10 10 10 10 10 10 10 10 10 10 10 10 10 10 10 10
3 3 4 7 10 10 10 10 10 10 10 10 10 10 10 10 10 10 10
5 7 7 10 10 10 10 10 10 10 10 10 10 10 10 10 10 10 10
7 19
10 10 10 10 10 10 10 10 10 10 10 10 10 10 10 10 10 10 10
6 9 9 10 10 10 10 10 10 10 10 10 10 10 10 10 10 10 10
10 10 10 10 10 10 10 10 10 10 10 10 10 10 10 10 10 10 10
6 9 9 9 9 9 9 10 10 10 10 10 10 10 10 10 10 10 10
0 10 10 10 10 10 10 10 10 10 10 10 10 10 10 10 10 10 10
1 8 9 9 9 9 10 10 10 10 10 10 10 10 10 10 10 10 10
9 10 10 10 10 10 10 10 10 10 10 10 10 10 10 10 10 10 10
4 5
7 7 9 9 9
6 9 10 10 10
9 10 10 10 10
2 9 9 10 10
5 10
2 9 10 10 10 10 10 10 10 10
10 10 10 10 10 10 10 10 10 10
9 10 10 10 10 10 10 10 10 10
1 3 10 10 10 10 10 10 10 10
0 6 9 10 10 10 10 10 10 10
5 14
7 7 9 10 10 10 10 10 10 10 10 10 10 10
2 2 6 10 10 10 10 10 10 10 10 10 10 10
0 6 9 10 10 10 10 10 10 10 10 10 10 10
4 9 9 9 10 10 10 10 10 10 10 10 10 10
8 10 10 10 10 10 10 10 10 10 10 10 10 10
10 1
4
5
8
8
7
3
5
1
0
6
4 2
6 8
8 8
2 9
0 2
6 10
6 7 9 9 9 10 10 10 10 10
10 10 10 10 10 10 10 10 10 10
0 10 10 10 10 10 10 10 10 10
8 10 10 10 10 10 10 10 10 10
9 9 10 10 10 10 10 10 10 10
3 5 6 6 10 10 10 10 10 10
8 8
6 10 10 10 10 10 10 10
4 8 10 10 10 10 10 10
10 10 10 10 10 10 10 10
8 9 9 10 10 10 10 10
5 7 9 10 10 10 10 10
8 9 9 10 10 10 10 10
9 10 10 10 10 10 10 10
9 9 10 10 10 10 10 10
10 2
4 8
9 9
5 10
6 9
1 3
3 5
6 10
2 2
8 8
9 9
10 19
5 6 10 10 10 10 10 10 10 10 10 10 10 10 10 10 10 10 10
4 6 9 9 10 10 10 10 10 10 10 10 10 10 10 10 10 10 10
9 10 10 10 10 10 10 10 10 10 10 10 10 10 10 10 10 10 10
5 10 10 10 10 10 10 10 10 10 10 10 10 10 10 10 10 10 10
10 10 10 10 10 10 10 10 10 10 10 10 10 10 10 10 10 10 10
8 8 9 9 9 9 9 9 10 10 10 10 10 10 10 10 10 10 10
5 9 9 10 10 10 10 10 10 10 10 10 10 10 10 10 10 10 10
5 6 8 10 10 10 10 10 10 10 10 10 10 10 10 10 10 10 10
9 10 10 10 10 10 10 10 10 10 10 10 10 10 10 10 10 10 10
7 10 10 10 10 10 10 10 10 10 10 10 10 10 10 10 10 10 10
9 20
6 10 10 10 10 10 10 10 10 10 10 10 10 10 10 10 10 10 10 10
7 9 10 10 10 10 10 10 10 10 10 10 10 10 10 10 10 10 10 10
0 1 8 8 9 10 10 10 10 10 10 10 10 10 10 10 10 10 10 10
5 8 10 10 10 10 10 10 10 10 10 10 10 10 10 10 10 10 10 10
0 8 10 10 10 10 10 10 10 10 10 10 10 10 10 10 10 10 10 10
7 9 9 9 10 10 10 10 10 10 10 10 10 10 10 10 10 10 10 10
2 9 10 10 10 10 10 10 10 10 10 10 10 10 10 10 10 10 10 10
8 8 8 8 9 10 10 10 10 10 10 10 10 10 10 10 10 10 10 10
9 10 10 10 10 10 10 10 10 10 10 10 10 10 10 10 10 10 10 10
8 6
3 7 8 10 10 10
0 9 9 10 10 10
7 8 10 10 10 10
2 8 9 10 10 10
2 5 8 10 10 10
7 8 9 10 10 10
8 10 10 10 10 10
1 4 9 9 10 10
5 5
7 10 10 10 10
6 8 9 9 10
9 10 10 10 10
8 10 10 10 10
4 7 10 10 10
1 3
4 5 7
8 18
8 9 10 10 10 10 10 10 10 10 10 10 10 10 10 10 10 10
7 9 9 9 9 9 9 10 10 10 10 10 10 10 10 10 10 10
6 7 8 10 10 10 10 10 10 10 10 10 10 10 10 10 10 10
0 4 4 6 9 10 10 10 10 10 10 10 10 10 10 10 10 10
5 8 8 9 9 9 10 10 10 10 10 10 10 10 10 10 10 10
5 6 10 10 10 10 10 10 10 10 10 10 10 10 10 10 10 10
6 6 9 10 10 10 10 10 10 10 10 10 10 10 10 10 10 10
7 7 8 8 9 9 10 10 10 10 10 10 10 10 10 10 10 10
1 15
5 9 10 10 10 10 10 10 10 10 10 10 10 10 10
6 16
8 10 10 10 10 10 10 10 10 10 10 10 10 10 10 10
9 9 9 9 10 10 10 10 10 10 10 10 10 10 10 10
5 9 9 10 10 10 10 10 10 10 10 10 10 10 10 10
1 2 10 10 10 10 10 10 10 10 10 10 10 10 10 10
4 7 9 10 10 10 10 10 10 10 10 10 10 10 10 10
9 9 10 10 10 10 10 10 10 10 10 10 10 10 10 10
7 15
10 10 10 10 10 10 10 10 10 10 10 10 10 10 10
2 6 10 10 10 10 10 10 10 10 10 10 10 10 10
2 4 4 9 9 9 10 10 10 10 10 10 10 10 10
7 8 9 10 10 10 10 10 10 10 10 10 10 10 10
3 3 10 10 10 10 10 10 10 10 10 10 10 10 10
9 10 10 10 10 10 10 10 10 10 10 10 10 10 10
4 9 9 10 10 10 10 10 10 10 10 10 10 10 10
2 4
1 5 6 10
2 9 9 9
8 12
4 9 10 10 10 10 10 10 10 10 10 10
9 9 9 9 9 9 10 10 10 10 10 10
3 4 5 6 7 8 10 10 10 10 10 10
7 9 10 10 10 10 10 10 10 10 10 10
7 8 9 9 10 10 10 10 10 10 10 10
6 9 9 9 9 10 10 10 10 10 10 10
7 7 9 9 9 9 9 10 10 10 10 10
0 5 7 10 10 10 10 10 10 10 10 10
2 18
0 2 7 10 10 10 10 10 10 10 10 10 10 10 10 10 10 10
5 8 9 9 9 10 10 10 10 10 10 10 10 10 10 10 10 10
8 8
2 5 8 9 10 10 10 10
0 4 8 9 9 10 10 10
5 5 5 5 10 10 10 10
0 10 10 10 10 10 10 10
5 5 6 9 9 10 10 10
2 6 6 10 10 10 10 10
3 10 10 10 10 10 10 10
3 5 5 9 10 10 10 10
8 9
4 9 9 10 10 10 10 10 10
7 7 8 9 9 10 10 10 10
2 9 10 10 10 10 10 10 10
10 10 10 10 10 10 10 10 10
6 7 8 10 10 10 10 10 10
3 8 8 9 10 10 10 10 10
10 10 10 10 10 10 10 10 10
2 10 10 10 10 10 10 10 10
2 9
5 7 7 10 10 10 10 10 10
8 8 9 10 10 10 10 10 10
4 15
0 3 5 7 10 10 10 10 10 10 10 10 10 10 10
7 8 8 10 10 10 10 10 10 10 10 10 10 10 10
1 8 9 9 9 9 10 10 10 10 10 10 10 10 10
3 6 8 8 10 10 10 10 10 10 10 10 10 10 10