1
1 12 8 12
115200 3840 120 144 92160 69120 2160 51840 138240 2592 41472 82944

115200 3840 120 144 92160 69120 2160 51840 138240 2592 41472 82944
71680 276480 107520 3584 786432 368640 24576 2688 36864 10240 26880 860160
296352 3226944 84672 592704 56448 806736 197568 448 1580544 790272 9408 37632

7 49 49 7 9 9 3 3 49 49 9 9 
7 49 49 7 9 9 3 3 49 49 49 49

1 12 8 12
115200 3840 120 144 92160 69120 2160 51840 138240 2592 41472 82944

1 3 4 4
9 4 36 1


1 4 5 3
1 16 25

//N cases
//Size of generator set
//Maximum
//Number of products


1
5 1 3
3 1 2

8
5 1 3
1 2 3

5 1 3
1 3 2

5 1 3
2 1 3

5 1 3
2 3 1

5 1 3
3 1 2

5 1 3
3 2 1
2 1 3
3 1 3
3 1 5
1 2 3 2 1
