50
100
1 2
2 3
3 4
4 5
5 6
6 7
7 8
8 9
9 10
10 11
11 12
12 13
13 14
14 15
15 16
16 17
17 18
18 19
19 20
20 21
21 22
22 23
23 24
24 25
25 26
26 27
27 28
28 29
29 30
30 31
31 32
32 33
33 34
34 35
35 36
36 37
37 38
38 39
39 40
40 41
41 42
42 43
43 44
44 45
45 46
46 47
47 48
48 49
49 50
50 51
51 52
51 53
51 54
51 55
55 56
56 57
57 58
58 59
59 60
60 61
61 62
62 63
63 64
64 65
65 66
66 67
67 68
68 69
69 70
70 71
71 72
72 73
73 74
74 75
75 76
76 77
77 78
78 79
79 80
80 81
81 82
82 83
83 84
84 85
85 86
86 87
87 88
88 89
89 90
90 91
91 92
92 93
93 94
94 95
95 96
96 97
97 98
98 99
99 100
4
1 2
1 3
1 4
34
1 2
1 6
1 12
1 24
2 3
2 4
2 5
6 7
6 8
6 9
7 10
8 11
12 13
13 14
14 15
15 16
15 17
15 18
15 21
18 19
18 20
21 22
21 23
24 25
25 26
26 27
27 28
27 29
27 30
30 31
31 32
32 33
32 34
23
1 2
1 5
1 9
1 15
2 3
2 4
5 6
5 7
5 8
9 10
10 11
11 12
12 13
12 14
15 16
16 17
17 18
18 19
18 20
18 21
21 22
21 23
22
1 2
1 7
1 12
2 3
3 4
4 5
5 6
7 8
7 9
9 10
9 11
12 13
12 17
12 20
13 14
14 15
15 16
17 18
18 19
20 21
21 22
15
1 2
1 5
1 11
2 3
2 4
5 6
5 8
5 10
6 7
8 9
11 12
11 15
12 13
13 14
100
72 91
72 7
72 83
72 81
72 48
72 31
72 11
72 40
72 66
72 5
72 79
72 1
72 35
72 37
72 25
91 98
91 47
91 14
91 38
91 75
91 76
91 36
91 58
91 51
91 68
91 92
91 57
91 95
91 96
91 74
91 65
91 16
91 32
91 80
91 49
91 4
91 52
91 77
91 73
91 90
91 55
91 97
91 67
91 64
91 62
91 10
91 44
91 39
91 82
7 85
7 8
7 46
7 23
7 19
7 89
7 17
83 43
83 33
83 71
81 12
81 29
81 59
81 18
81 13
81 41
81 69
81 6
81 88
81 20
48 70
48 60
48 78
48 26
48 3
48 86
48 99
31 34
31 61
31 94
31 84
31 24
31 9
31 93
31 2
31 27
31 28
31 21
31 63
31 15
31 50
31 100
31 22
31 53
31 56
11 42
11 30
11 87
11 54
11 45
88
44 57
44 66
44 37
44 48
44 56
44 45
44 19
44 55
44 17
44 25
44 75
44 33
44 84
57 13
57 12
57 68
57 49
57 64
57 18
57 4
57 22
57 20
57 72
57 32
57 6
57 38
57 26
57 31
57 39
57 28
57 62
57 40
57 87
57 16
57 27
57 71
57 76
57 11
57 74
57 78
57 29
57 81
66 82
66 60
66 58
66 9
66 23
66 73
66 30
37 14
37 5
37 61
48 83
48 51
48 15
48 2
48 88
48 43
48 50
48 65
48 59
56 80
56 77
56 79
56 10
56 85
56 36
45 70
45 86
45 1
45 53
45 54
45 35
45 67
45 3
45 7
45 47
45 21
45 24
45 52
45 42
45 69
19 63
19 34
19 8
19 46
19 41
100
1 83
2 3
3 81
3 7
4 26
4 96
4 83
4 80
5 26
5 63
5 71
6 90
6 27
8 74
9 61
9 79
10 86
11 90
11 49
11 93
11 12
13 90
13 48
14 96
15 85
16 78
17 28
17 58
17 75
18 78
19 26
19 86
19 78
20 96
21 80
22 42
23 96
24 40
24 28
25 38
25 68
26 95
26 88
26 59
26 38
29 70
30 85
31 78
32 53
32 69
33 96
34 60
35 78
36 40
36 55
36 47
37 74
39 40
39 90
40 94
40 76
41 80
42 92
43 96
44 85
45 85
46 69
47 60
47 54
50 86
51 78
52 96
53 95
53 81
54 56
55 70
55 62
57 62
59 74
60 100
60 64
61 76
61 77
65 96
66 96
67 96
72 85
73 96
74 82
74 87
74 89
74 98
74 99
76 92
77 97
78 84
85 88
85 91
94 95
10
1 5
2 6
2 5
2 8
2 9
2 10
3 5
4 5
5 7
100
1 91
2 53
3 91
4 91
5 50
6 91
7 48
8 91
9 88
10 91
11 52
11 79
11 48
11 89
11 36
11 51
12 91
13 22
14 91
15 91
16 41
17 48
18 77
19 91
20 48
21 53
22 79
22 94
22 45
22 68
22 57
23 91
24 88
25 48
26 50
27 50
28 36
29 44
30 53
31 77
32 88
33 50
34 89
35 89
36 98
36 63
37 82
38 82
39 91
40 88
41 79
41 71
42 48
43 77
44 79
44 81
44 75
44 99
44 64
46 79
46 80
46 83
47 91
48 60
48 87
49 51
50 52
50 66
50 90
50 95
50 84
50 58
50 78
50 62
51 65
51 72
51 74
52 82
52 91
52 88
52 77
53 79
53 61
53 76
54 91
55 88
56 91
59 88
67 77
69 89
70 88
73 91
77 93
85 91
86 91
88 96
89 100
89 97
91 92
15
1 6
2 9
3 9
4 9
4 10
5 9
6 9
6 8
7 14
9 14
9 12
9 15
9 11
9 13
100
1 69
2 79
3 94
3 76
3 93
3 96
3 87
4 88
5 80
6 33
7 31
8 73
9 73
10 100
11 73
12 43
13 15
14 33
15 94
15 35
15 65
16 100
17 56
18 56
19 73
20 73
21 90
22 31
23 80
24 43
25 31
26 73
27 62
27 69
27 100
27 88
27 79
27 43
28 31
29 61
30 54
30 48
31 92
31 67
31 95
31 85
31 91
31 72
31 83
31 86
31 71
31 36
31 39
31 57
32 90
33 94
33 84
33 34
33 75
37 48
38 80
40 61
41 90
42 73
43 52
43 51
44 61
45 73
46 80
47 80
49 90
50 88
53 80
54 62
54 92
54 94
55 61
56 94
56 60
58 73
59 80
61 92
61 66
63 73
64 73
68 79
70 79
73 92
73 81
73 82
73 99
74 90
77 88
78 80
80 92
80 98
89 100
90 92
97 100
10
1 4
2 6
3 7
4 7
5 7
6 7
7 10
7 9
7 8
100
1 39
2 27
3 27
4 27
5 27
5 80
5 10
5 50
5 83
5 36
5 58
6 59
7 9
8 27
8 81
8 63
9 41
9 82
9 68
9 55
9 100
9 18
9 51
9 32
9 69
9 72
9 43
9 20
9 30
11 57
12 39
13 27
14 27
15 27
16 57
17 57
19 27
21 27
22 27
22 37
22 90
22 46
22 61
22 87
22 23
24 92
25 27
26 27
27 41
27 92
27 57
27 49
27 88
27 96
27 60
27 28
27 44
27 56
27 31
27 85
27 94
27 47
27 45
27 48
27 35
27 65
29 57
33 57
34 88
38 88
39 41
39 77
39 71
39 84
40 88
41 59
42 49
49 74
49 76
49 52
49 67
49 79
53 92
54 59
57 97
57 91
57 62
57 95
57 64
57 99
59 93
59 86
59 73
59 75
59 66
70 92
78 96
88 89
88 98
43
1 13
2 13
3 13
4 29
5 13
6 13
6 29
6 9
6 34
6 18
6 38
6 27
6 7
6 37
6 32
6 14
6 19
8 13
10 13
11 29
12 13
13 31
13 41
13 22
13 17
13 39
13 33
13 36
13 15
13 25
13 24
13 35
13 40
13 16
13 28
13 26
13 30
13 42
13 21
13 20
13 23
29 43
100
1 84
1 13
1 21
1 81
1 87
1 50
2 88
3 91
4 86
5 14
6 75
7 42
8 54
8 44
8 9
9 26
10 52
10 97
11 21
12 79
13 37
13 67
13 66
14 52
14 25
15 79
16 23
16 69
17 84
17 75
17 82
17 91
17 79
17 86
17 48
17 30
17 42
18 30
19 87
20 50
22 69
23 74
23 94
24 48
27 82
28 79
29 36
30 53
31 52
32 44
33 36
34 79
35 90
36 94
38 77
39 81
40 90
41 87
43 87
44 76
45 52
45 47
45 72
45 98
46 77
48 58
49 81
50 57
51 52
51 73
51 93
52 70
52 59
52 77
52 88
54 61
55 75
56 87
59 65
60 99
60 90
61 74
61 99
61 70
62 79
63 90
64 91
68 69
69 96
71 90
74 84
77 95
78 82
79 89
79 85
80 87
83 91
87 92
91 100
42
1 4
2 19
3 11
4 18
4 23
4 39
4 24
4 25
5 22
6 19
7 16
7 11
7 37
8 37
9 42
9 19
10 26
12 18
12 41
13 26
14 22
15 22
16 30
17 34
17 31
18 35
18 22
18 33
19 27
19 28
19 29
19 32
20 27
21 33
22 40
26 34
26 38
30 42
30 35
34 35
36 37
100
1 33
2 71
3 96
4 80
5 19
6 14
6 22
6 44
6 98
6 52
7 57
7 32
7 97
7 76
8 28
8 11
8 100
9 99
9 28
9 12
10 84
10 89
10 15
11 83
11 81
12 57
12 72
13 37
13 82
13 56
13 61
14 58
16 21
17 71
18 87
19 92
19 69
20 96
21 55
21 91
21 48
21 42
23 33
24 36
24 90
25 100
26 39
26 31
27 71
28 63
28 84
29 58
29 96
30 67
31 46
33 63
33 60
33 86
33 73
34 51
35 85
36 39
37 38
37 75
38 99
39 99
39 50
40 96
41 85
43 85
45 67
47 75
49 96
50 71
50 87
50 85
50 80
51 92
51 77
51 68
51 65
53 87
54 72
55 58
58 99
58 92
59 80
62 80
64 87
66 85
67 92
70 72
71 93
71 94
72 79
74 96
75 78
85 95
87 88
9
1 4
2 6
2 4
3 4
4 5
4 8
4 7
5 9
100
1 21
2 75
2 62
2 38
2 37
3 46
4 28
4 5
4 45
4 88
6 37
7 87
8 21
9 62
10 81
11 14
12 14
13 47
14 28
14 56
14 69
15 81
16 39
17 38
18 85
19 39
20 86
20 65
20 59
21 28
21 52
21 36
21 60
21 90
21 55
21 24
22 81
23 38
25 32
26 41
27 39
28 94
28 81
29 47
30 81
31 81
32 84
32 51
32 57
32 43
32 91
32 93
32 61
33 39
34 75
34 46
34 92
35 84
35 53
35 77
35 89
37 49
37 74
37 58
38 66
38 82
38 100
38 64
39 94
39 87
39 83
39 78
40 80
41 84
42 81
44 84
44 48
44 79
44 71
47 73
50 92
54 81
63 84
63 76
67 86
67 98
67 70
67 99
68 86
68 72
68 97
73 94
75 80
75 94
75 84
81 96
84 85
85 95
86 94
46
1 42
2 42
3 42
4 39
5 25
6 8
7 25
8 31
8 10
8 20
8 34
8 19
9 46
11 36
12 42
13 40
14 25
15 25
16 37
17 21
17 31
17 45
17 18
18 42
18 25
22 44
23 45
23 35
24 25
25 29
26 37
27 42
28 31
28 38
30 37
31 44
31 37
31 36
31 40
32 46
33 46
39 45
41 46
43 46
45 46
100
1 71
2 83
2 24
2 58
2 31
2 23
3 76
3 73
4 75
4 39
4 89
5 72
6 27
6 53
6 96
6 98
7 17
7 47
7 14
8 37
9 88
10 94
11 25
12 72
13 35
14 57
15 93
16 100
17 67
17 69
17 36
17 22
18 47
19 94
20 88
21 83
21 74
22 34
22 94
25 67
25 76
26 94
27 79
27 71
27 99
28 100
29 91
30 71
32 47
33 71
34 48
34 64
35 83
35 41
36 80
36 93
36 59
37 83
37 90
37 87
38 71
40 66
42 71
43 80
44 46
45 46
46 73
46 51
47 55
47 52
47 81
49 99
50 59
54 72
56 71
59 70
60 94
61 72
62 67
62 75
63 71
65 95
66 69
67 86
67 84
68 71
71 78
72 73
72 82
73 95
73 91
73 100
77 99
79 86
83 84
83 88
85 88
92 94
94 97
10
1 2
2 4
2 7
2 3
2 5
2 8
2 9
4 6
7 10
100
1 90
1 60
1 2
1 82
3 53
4 63
5 83
6 81
7 63
8 15
9 81
10 94
11 63
12 94
13 24
13 21
13 16
13 39
13 27
13 19
14 100
14 80
15 16
15 88
16 59
17 83
18 78
19 63
20 63
21 100
21 54
21 41
21 90
21 78
21 86
22 100
22 50
23 54
23 66
24 67
25 36
26 75
27 75
28 72
29 79
30 81
31 63
32 35
33 94
34 71
35 90
35 68
36 100
37 53
38 100
38 99
39 94
40 79
41 89
41 72
42 89
43 71
44 47
45 83
46 83
47 90
47 92
47 48
47 49
47 76
47 62
51 86
52 90
52 61
52 77
53 54
53 93
54 81
54 83
55 59
56 71
57 94
58 78
59 69
59 65
64 79
70 81
71 78
73 87
74 90
74 98
74 91
75 95
79 100
81 96
81 97
84 86
85 94
87 100
43
1 11
2 37
3 16
4 16
5 18
5 32
5 25
5 7
6 9
8 16
9 17
9 10
9 39
9 24
9 14
10 31
10 41
11 22
11 35
11 28
12 19
13 36
15 38
16 30
16 20
17 22
17 18
17 23
17 30
17 19
18 26
18 36
19 33
21 36
22 38
22 37
23 40
26 42
27 37
29 40
34 36
36 43
100
1 96
2 44
3 45
3 96
3 36
3 7
4 45
4 79
4 13
4 55
4 90
4 5
4 63
4 77
4 49
4 74
4 58
4 88
6 96
8 44
9 28
10 96
11 44
12 96
14 96
15 96
16 96
17 96
18 96
19 96
20 96
21 96
22 44
23 44
24 44
25 44
26 96
27 96
28 45
28 89
28 99
28 69
29 96
30 96
31 44
32 96
33 96
34 96
35 96
36 41
36 72
36 56
36 98
37 96
38 96
39 96
40 73
42 44
43 96
44 45
44 61
44 97
44 68
44 80
44 83
44 60
44 51
44 75
44 53
44 100
44 48
44 57
44 52
44 91
44 78
44 95
44 50
45 73
46 96
47 96
54 96
59 96
62 96
64 96
65 96
66 96
67 96
70 96
71 96
73 84
73 81
76 96
82 96
85 96
86 96
87 96
92 96
93 96
94 96
10
1 7
2 8
3 5
4 5
5 7
5 8
5 9
5 6
5 10
100
11 62
62 42
62 44
62 6
42 67
42 27
44 98
44 39
6 82
6 90
6 8
6 66
6 9
6 21
6 15
6 76
6 55
67 49
27 33
27 5
27 14
27 72
98 85
98 89
39 80
39 10
39 79
39 68
82 81
82 50
90 94
90 3
90 2
90 63
90 99
90 18
8 35
66 31
9 97
9 74
9 56
9 95
21 69
21 75
21 20
21 87
21 24
21 78
15 83
76 26
76 57
76 43
76 30
76 25
76 65
76 7
55 54
55 23
49 52
33 45
5 12
5 58
5 60
14 64
14 86
14 4
14 91
14 71
14 29
72 1
85 13
89 73
80 38
80 32
10 40
79 28
68 48
68 41
68 16
68 51
68 34
68 36
68 92
68 96
68 84
81 93
81 47
81 61
81 100
81 46
81 22
50 53
50 70
50 77
50 37
50 88
94 59
3 17
3 19
94
25 5
25 8
25 4
25 76
25 67
25 47
25 60
25 27
25 35
25 28
25 13
25 46
25 79
25 64
25 68
25 40
25 6
25 86
25 71
25 88
25 1
25 15
25 2
25 48
25 72
25 12
25 37
25 23
25 30
25 69
25 78
25 56
25 39
25 33
25 9
25 36
25 29
25 73
25 26
25 62
25 57
25 92
25 94
25 32
25 16
25 53
25 43
25 91
25 74
25 58
25 90
25 10
25 7
25 89
25 55
25 14
25 38
25 18
25 50
25 77
25 42
25 82
25 24
25 34
25 84
25 45
25 70
25 85
25 31
25 54
25 80
25 20
25 21
25 51
25 52
25 49
25 61
25 44
25 19
25 63
25 93
25 87
25 41
25 65
5 83
5 22
8 66
8 59
8 11
8 81
4 17
76 3
67 75
100
45 13
45 80
45 41
45 18
45 50
13 75
13 99
13 36
13 89
13 17
13 82
13 11
13 87
13 92
13 49
13 8
13 91
13 79
13 54
13 66
13 90
13 94
13 25
13 86
13 61
13 34
13 97
13 100
13 51
13 44
80 39
80 14
80 57
41 85
41 38
41 2
18 63
18 24
18 46
18 59
18 65
18 73
18 71
18 88
50 47
50 56
50 48
50 4
75 69
75 3
75 29
75 1
75 5
75 77
75 35
75 19
75 64
75 70
99 62
99 67
99 7
99 10
99 72
36 60
36 53
36 30
36 16
36 33
36 84
36 27
36 95
36 52
89 93
89 98
89 81
89 58
89 6
89 22
89 32
89 12
89 43
89 28
89 96
89 37
89 55
89 74
89 76
89 9
89 78
89 21
89 42
89 15
89 23
89 40
89 31
89 68
89 83
89 26
17 20
15
2 3
2 8
3 11
3 5
3 15
3 13
3 12
8 1
8 7
8 4
11 14
11 9
11 6
5 10
100
51 37
51 35
51 67
51 50
51 26
51 61
51 5
51 56
51 86
51 12
51 81
51 36
51 54
51 83
51 11
51 16
51 82
51 68
51 72
51 93
51 24
51 32
51 74
51 40
51 20
51 10
51 91
51 63
51 4
51 9
51 73
51 38
51 100
51 44
51 77
51 66
51 30
51 39
51 23
51 71
51 88
51 59
51 99
51 42
51 27
51 15
51 7
51 41
51 76
51 84
51 3
51 31
51 97
51 53
51 18
37 14
37 65
37 69
37 25
37 45
37 19
37 1
37 70
37 75
37 64
37 78
37 48
37 13
37 94
37 8
37 33
37 79
37 2
37 22
37 87
37 28
37 57
37 60
37 29
37 46
37 80
37 62
37 6
37 34
37 52
37 58
37 98
37 92
37 96
37 17
37 90
35 89
35 85
35 55
35 95
35 47
35 43
35 49
67 21
64
61 13
61 19
61 10
61 41
61 63
13 27
13 58
13 34
13 36
13 21
13 62
13 25
13 32
13 5
13 64
13 26
13 39
13 48
13 60
19 40
19 11
19 47
19 4
19 38
10 56
10 37
10 50
10 8
10 18
10 6
10 42
10 1
10 30
41 54
41 44
41 55
41 59
41 15
41 23
41 2
41 29
41 17
41 20
63 28
63 43
63 31
63 45
63 22
27 16
27 35
27 49
27 53
58 9
58 12
58 3
58 14
58 46
34 52
34 51
34 24
34 33
34 57
36 7
100
40 21
40 32
40 19
40 47
40 45
40 64
40 56
40 70
40 9
40 3
40 25
40 51
40 22
40 99
40 11
40 74
40 57
40 75
40 77
40 27
40 87
40 5
40 83
40 37
40 81
40 46
40 79
40 16
40 65
40 85
40 42
40 100
40 97
40 2
40 48
40 44
40 4
40 63
40 14
40 96
40 12
40 50
40 71
40 28
40 59
40 90
40 13
40 43
40 68
40 98
40 73
40 41
40 49
40 88
40 82
40 31
40 91
40 66
40 38
40 54
21 84
21 80
21 92
21 52
21 26
21 78
32 23
32 7
32 17
32 1
32 55
32 29
32 93
32 24
19 18
19 86
19 15
19 94
19 58
19 62
19 34
19 95
19 35
19 76
19 89
19 36
19 10
47 6
45 72
45 8
45 60
45 61
45 33
64 30
64 53
64 69
64 67
64 39
56 20
91
91 49
91 76
91 59
91 51
91 87
91 88
91 55
91 69
91 5
91 64
91 16
91 36
91 57
91 66
91 68
91 62
91 44
91 63
91 45
91 40
91 86
91 84
91 73
91 39
91 33
91 74
91 85
91 72
91 15
91 9
91 4
91 46
91 23
91 25
91 20
91 37
91 81
91 12
91 10
91 22
91 30
91 2
91 27
91 50
91 82
91 6
49 79
49 54
49 80
49 61
49 89
49 14
49 60
49 28
49 67
49 29
49 58
49 65
49 8
49 53
76 77
59 52
59 48
59 3
59 7
59 17
51 56
51 18
51 70
51 1
87 24
87 26
87 38
87 19
87 41
88 43
88 35
88 34
88 42
88 11
55 71
55 75
55 31
55 83
69 32
69 13
69 21
69 47
5 78
5 90
100
54 14
54 6
54 28
54 32
54 25
54 70
54 86
54 51
54 49
54 39
54 68
54 53
54 5
54 55
54 4
54 16
54 76
54 56
14 92
14 95
14 71
14 96
14 88
14 18
14 79
14 99
14 63
14 31
14 66
14 34
14 94
14 9
14 37
14 82
14 8
14 15
14 41
14 26
14 27
14 35
14 67
14 29
14 64
14 12
14 38
14 52
14 59
14 98
14 22
14 40
14 23
14 85
14 2
14 65
14 50
14 30
14 43
14 77
14 89
14 24
14 74
14 75
14 93
14 44
14 91
14 42
14 47
14 62
14 87
14 45
14 17
14 72
14 19
14 97
14 36
6 83
6 57
6 48
6 69
6 13
6 84
6 10
6 78
6 20
6 21
6 3
6 1
6 60
6 61
6 81
6 73
6 7
6 100
6 80
6 46
6 33
6 58
6 11
6 90
44
26 34
26 20
26 3
34 5
34 17
34 10
34 16
34 13
20 41
3 19
3 12
3 23
5 40
5 2
17 31
17 18
10 25
16 22
16 8
16 6
13 24
41 28
41 11
41 30
19 29
12 42
12 15
23 39
23 44
23 38
40 14
40 37
40 21
2 27
2 36
2 4
31 1
18 43
25 9
25 7
25 32
22 33
22 35
100
4 87
4 61
4 17
87 59
87 20
87 30
87 68
61 19
61 1
61 24
61 53
17 78
17 50
17 16
17 6
17 55
59 35
59 72
59 31
59 52
59 15
20 56
20 46
20 40
30 74
30 43
30 82
68 91
68 12
68 57
19 2
19 38
19 63
19 65
19 67
19 100
19 99
19 96
1 27
1 44
1 13
1 75
1 64
24 9
24 22
24 79
24 45
24 83
24 94
24 26
24 3
24 66
53 86
53 32
78 14
78 89
78 69
78 93
78 18
78 70
78 48
78 84
78 7
78 81
78 98
78 37
78 71
78 85
78 80
78 11
78 95
78 58
78 28
78 5
78 49
78 29
78 25
78 33
78 60
78 77
78 34
78 51
50 88
50 90
50 97
50 41
50 92
50 23
50 47
50 73
16 8
16 76
16 39
16 54
16 36
16 42
6 10
6 62
6 21
90
1 55
1 63
1 89
1 5
1 25
1 19
1 44
1 14
1 87
1 74
1 52
1 57
1 56
1 11
1 64
1 86
1 76
1 43
1 69
1 32
1 31
1 10
1 67
1 77
1 17
1 23
1 88
1 24
1 41
1 78
1 66
1 29
1 8
1 7
1 26
1 85
1 35
1 22
1 15
1 73
1 62
1 54
1 59
55 90
63 82
89 47
89 34
89 60
89 12
89 16
89 49
5 84
25 6
25 61
25 45
25 18
25 21
25 71
25 51
25 2
25 33
25 50
25 13
25 9
25 3
25 42
25 79
25 36
25 72
25 37
25 39
19 20
19 38
19 83
44 4
44 75
44 27
44 28
44 80
44 58
44 65
14 81
14 48
14 46
14 70
14 53
87 40
74 30
74 68
100
45 24
45 38
24 2
24 77
24 49
24 31
24 78
38 16
38 25
38 50
38 93
2 71
2 99
77 39
77 69
77 52
49 75
49 48
49 13
31 57
31 7
78 98
16 84
16 14
16 17
16 68
16 60
16 21
25 74
25 72
25 80
25 90
25 53
25 35
25 15
25 28
25 22
50 83
93 58
71 96
71 65
99 70
39 66
69 51
69 91
69 88
69 64
52 85
52 19
52 55
52 27
52 1
75 8
75 9
75 61
48 82
48 100
13 3
13 30
57 95
57 44
7 87
7 20
98 73
84 97
14 34
14 37
17 10
68 76
68 63
68 89
68 12
68 29
68 42
68 33
68 67
68 23
60 86
60 59
21 26
21 4
21 62
74 43
74 41
74 6
72 32
72 79
80 94
80 81
90 36
90 18
53 92
35 56
15 47
28 11
22 54
83 46
58 40
58 5
46
30 43
30 13
30 45
43 35
43 41
43 16
43 3
43 27
43 15
43 20
13 36
13 21
13 29
13 26
13 32
45 46
45 18
45 42
45 11
45 31
45 44
45 39
35 19
35 28
35 12
35 33
35 24
35 10
35 5
35 7
35 34
35 40
35 23
35 2
41 38
16 8
16 37
16 25
3 9
3 14
3 6
3 1
3 4
27 17
27 22
100
65 76
65 82
65 69
65 7
65 16
65 85
65 20
65 75
65 13
65 15
65 78
65 17
65 18
65 31
65 22
65 91
65 43
65 9
65 46
65 87
65 19
65 28
65 67
65 59
65 53
65 2
65 93
65 12
65 35
65 32
76 74
76 68
76 11
76 54
76 86
76 84
76 45
76 73
76 70
76 25
76 30
76 62
76 5
76 56
76 38
76 49
76 79
76 26
76 96
76 34
76 51
76 63
76 52
76 47
76 1
76 95
76 48
76 4
76 77
76 24
76 66
76 57
76 23
76 81
76 90
76 58
76 41
76 37
76 80
82 29
82 89
82 83
82 27
82 50
82 64
82 10
82 94
82 3
82 33
82 99
82 100
82 61
69 97
69 60
69 72
69 92
7 36
7 42
7 39
7 71
7 98
16 44
16 8
16 88
16 55
16 40
85 21
85 6
85 14
55
21 10
21 27
21 41
21 47
21 8
10 40
10 52
27 6
27 37
27 48
27 16
41 30
41 28
47 50
8 1
8 39
8 20
8 33
8 13
8 45
8 14
8 44
8 11
8 12
8 55
8 34
8 35
8 36
8 38
40 25
40 26
40 54
40 49
40 22
40 7
52 4
52 15
52 31
52 5
52 17
52 9
52 53
6 18
6 3
6 2
6 42
6 24
6 23
6 32
6 29
6 46
37 19
37 43
37 51
100
83 96
83 68
83 54
83 62
83 50
83 53
83 35
83 73
83 55
83 80
83 20
83 45
83 6
83 66
83 56
83 57
83 70
83 24
83 46
83 16
83 69
83 9
83 30
83 5
83 47
83 84
83 64
83 90
83 27
83 25
83 11
83 17
83 26
83 3
83 93
83 51
83 92
83 43
96 71
96 8
96 29
96 1
96 94
96 98
96 85
96 44
96 32
96 41
96 87
96 63
96 95
96 88
96 12
96 86
96 59
96 36
96 48
96 67
96 28
96 99
96 91
96 79
96 72
96 37
96 39
96 65
96 75
96 34
96 49
96 22
96 77
96 10
96 61
96 40
96 7
96 82
96 19
96 14
96 23
96 74
96 38
96 15
96 18
96 58
68 33
68 78
68 2
68 4
68 89
68 76
68 21
68 97
68 81
68 60
68 52
68 31
68 42
68 13
54 100
50
22 23
22 17
22 38
22 49
22 45
23 47
23 21
23 44
23 29
17 27
38 20
38 25
38 7
49 3
45 34
47 39
47 8
47 50
47 2
47 32
21 31
44 28
44 14
29 26
27 41
20 33
25 46
25 48
25 37
7 11
7 18
7 30
7 19
7 9
7 35
7 1
3 6
34 36
34 5
39 15
39 13
39 24
39 43
8 40
8 42
8 4
8 10
8 16
8 12
100
34 9
34 18
9 17
18 74
17 5
17 99
74 43
5 66
5 57
5 52
5 19
5 56
5 53
5 37
99 54
99 73
99 59
99 33
99 2
99 46
43 12
43 25
43 15
66 36
66 23
66 3
66 86
66 79
57 87
57 94
57 62
57 93
52 84
52 76
19 85
56 58
56 68
53 30
53 71
53 24
37 11
37 21
37 82
54 32
73 95
59 10
33 77
2 49
2 4
2 67
46 22
46 64
12 65
25 72
15 16
36 13
36 63
23 26
23 81
23 31
23 80
23 51
23 90
23 88
3 55
3 1
86 91
79 98
79 8
79 35
87 61
87 97
87 41
87 38
94 27
94 14
62 47
93 28
93 42
93 6
93 29
93 50
84 39
84 70
84 60
76 20
76 96
85 45
58 89
58 83
68 78
68 100
30 69
30 75
30 92
30 7
30 44
71 48
71 40
94
63 67
63 78
63 26
67 44
67 81
67 66
67 13
67 36
67 70
67 65
67 28
67 64
67 3
78 87
26 41
26 89
26 29
26 21
26 19
26 32
44 46
81 88
81 20
66 73
13 24
13 77
13 85
13 33
36 50
36 90
36 57
36 31
70 1
65 60
28 35
28 7
28 84
28 5
28 22
64 75
64 56
64 68
3 39
87 94
87 30
41 93
41 34
41 8
41 62
41 80
41 45
41 86
41 40
41 38
41 71
89 23
89 74
89 10
29 37
21 25
21 61
19 92
19 6
19 82
19 12
19 79
32 59
46 53
88 43
88 17
20 72
73 2
73 14
73 48
24 58
24 27
24 55
24 15
77 91
85 11
33 16
50 42
50 51
90 83
90 18
90 54
90 76
57 52
57 49
57 9
31 69
31 47
1 4
100
57 12
57 38
57 78
57 32
57 77
57 14
57 10
57 62
57 41
57 76
57 93
57 97
12 6
12 37
12 33
12 68
12 65
12 99
12 30
12 35
12 2
12 73
12 42
12 72
12 48
12 66
12 47
12 81
12 71
12 25
12 54
12 3
12 69
12 36
12 29
12 58
38 4
38 89
38 88
38 13
38 52
38 59
38 60
38 63
38 95
78 91
78 26
78 31
78 22
78 98
78 55
78 34
78 64
78 94
32 39
32 43
32 1
32 46
32 28
32 21
32 79
32 23
32 44
32 75
32 83
32 20
32 40
32 56
32 90
32 51
32 15
32 85
77 5
77 8
77 96
77 27
77 24
14 45
14 16
14 9
10 7
62 100
62 19
62 84
62 74
41 82
41 53
41 87
41 17
41 67
76 18
76 61
76 50
76 80
76 86
76 92
76 70
93 11
97 49
54
36 14
14 19
19 30
30 10
30 24
10 44
24 50
24 38
24 48
44 39
44 21
44 42
44 23
50 51
50 46
38 7
38 28
48 6
39 2
21 27
21 9
42 20
42 25
42 15
42 5
42 49
42 41
23 16
51 18
46 40
7 53
7 31
7 22
28 43
28 32
28 13
6 47
2 8
2 52
2 17
2 12
2 3
2 26
2 11
2 4
27 37
27 29
27 35
27 54
27 1
9 33
20 34
20 45
100
37 50
37 14
37 60
37 78
37 95
50 51
50 99
50 45
50 38
50 67
50 48
50 84
50 74
50 85
50 15
50 36
50 90
50 27
50 12
50 7
50 5
50 49
50 4
50 30
50 42
50 19
50 6
50 23
50 76
50 21
50 17
50 33
50 83
50 32
50 57
50 72
50 75
50 9
50 28
50 35
50 65
50 20
50 26
50 40
50 64
50 10
50 62
50 47
14 29
14 81
14 73
14 52
14 8
14 70
14 80
14 98
14 63
14 96
14 31
14 68
14 69
14 71
14 16
14 58
60 94
60 39
60 11
60 92
60 59
60 44
60 2
60 13
78 93
78 34
78 25
78 18
95 87
95 79
95 22
95 97
95 61
51 82
51 100
51 91
51 88
51 86
99 24
99 1
99 77
99 53
99 41
45 3
45 55
45 46
45 66
45 89
38 43
38 56
38 54
9
8 5
8 1
8 6
5 3
1 4
1 2
1 7
1 9
100
67 10
67 64
67 72
67 42
67 95
67 5
67 52
67 63
67 78
67 20
67 68
67 96
67 49
67 88
67 27
67 99
67 25
67 32
67 12
67 53
67 38
67 21
67 89
67 28
67 14
67 79
67 13
67 46
67 17
67 40
67 56
67 76
67 9
67 47
67 34
67 33
67 22
67 29
67 43
67 70
67 75
67 83
67 31
67 19
67 50
67 86
67 51
67 30
67 84
67 61
67 59
67 80
67 62
67 100
67 91
67 57
67 74
67 26
67 11
67 48
67 35
67 7
67 73
67 4
67 97
67 81
67 16
67 71
67 18
67 69
67 6
67 66
10 87
10 44
10 94
10 45
10 41
10 23
10 58
10 37
10 98
10 2
10 15
10 8
10 85
10 60
10 82
10 3
10 92
10 54
10 55
64 39
72 1
72 36
42 93
42 24
42 90
95 77
95 65
49
1 16
1 30
1 42
16 46
16 45
16 29
30 17
30 36
30 48
30 11
30 2
30 13
30 20
30 25
30 8
30 23
30 24
30 7
30 38
30 32
30 44
42 12
42 10
42 15
42 40
42 37
42 35
42 43
42 4
42 19
42 31
42 9
42 34
42 3
42 26
42 41
42 21
46 27
46 6
46 5
46 47
46 18
46 49
46 22
45 39
45 14
45 33
45 28
100
53 57
53 16
53 49
57 51
57 98
57 45
16 32
16 58
49 39
49 12
49 40
49 36
49 34
49 97
51 3
98 2
98 74
98 4
45 42
45 77
45 18
32 61
32 54
58 20
58 87
58 76
58 99
39 23
12 47
40 80
36 28
36 5
36 70
34 93
97 52
3 89
2 75
74 26
74 41
4 59
42 81
42 92
77 31
77 69
77 6
77 63
18 66
61 88
54 62
20 90
20 73
20 55
20 56
87 8
87 100
76 22
76 25
99 14
23 91
47 9
47 46
80 21
80 7
80 15
80 33
80 19
80 50
28 96
28 11
28 29
28 78
28 94
5 86
70 37
70 30
93 60
93 72
93 68
93 27
52 95
52 85
89 83
75 79
75 82
26 35
26 48
26 13
26 84
26 17
26 24
26 38
41 65
41 71
41 10
41 44
41 1
59 67
59 64
59 43
43
37 8
37 22
8 12
8 32
8 29
8 20
8 42
8 24
8 15
8 1
8 34
8 26
8 41
8 19
22 31
22 25
22 33
22 14
22 40
22 5
22 6
22 17
12 30
12 21
32 28
32 3
32 13
29 36
29 18
29 43
29 38
29 35
29 39
29 7
29 16
20 27
42 9
42 10
42 2
42 23
42 11
24 4
100
80 34
80 14
80 66
80 54
34 31
34 81
34 23
34 69
34 99
34 50
34 59
34 47
34 96
34 82
34 89
34 87
34 71
34 95
34 78
34 56
34 41
34 6
34 58
34 86
14 46
14 44
14 18
14 51
14 79
66 16
66 64
66 65
66 45
66 8
66 68
66 62
66 73
66 60
66 35
66 67
66 57
66 2
66 37
66 26
54 52
54 25
54 22
54 90
31 83
31 4
31 27
31 5
31 75
31 77
81 11
81 72
81 98
81 85
81 76
81 55
81 43
81 28
81 97
81 19
23 29
23 33
23 1
23 38
23 9
69 91
69 32
69 10
69 42
69 88
99 21
99 48
99 13
99 61
99 30
99 39
99 70
99 40
99 7
99 100
99 36
99 93
50 84
50 63
50 94
50 12
50 20
50 24
50 17
50 3
50 49
59 92
59 53
59 74
59 15
6
2 4
2 6
2 5
2 1
2 3
100
96 5
5 85
85 88
85 15
85 40
85 8
85 78
85 83
85 90
88 68
88 53
88 70
88 16
88 63
88 65
88 13
15 46
15 69
15 100
15 62
40 49
8 31
8 77
78 80
78 51
78 14
78 21
83 17
90 72
68 82
53 26
53 42
53 71
53 4
53 95
70 43
70 59
70 35
16 19
16 29
63 81
63 32
63 23
65 74
13 39
46 22
46 89
46 84
46 56
46 34
46 18
69 64
100 86
100 36
100 41
100 20
100 9
100 97
62 38
62 99
62 1
49 58
49 55
49 67
49 45
49 93
49 30
49 52
49 12
31 79
77 92
80 98
80 75
80 33
51 60
51 61
51 28
51 7
14 6
14 47
14 44
21 25
17 37
72 48
72 50
82 3
82 91
82 73
82 10
82 57
26 11
42 87
42 27
42 94
42 2
71 54
71 24
71 66
71 76
50
17 8
17 22
17 39
8 34
8 16
22 9
39 12
39 25
39 19
39 30
39 3
34 5
34 13
16 27
16 23
16 42
16 38
16 40
16 6
16 7
9 15
9 47
12 36
12 4
12 11
12 2
12 24
25 28
25 33
19 49
19 45
19 21
19 20
30 29
3 31
3 48
5 1
13 10
27 44
23 18
42 35
38 43
40 41
40 37
40 46
40 32
6 14
7 26
7 50
100
25 74
25 54
25 73
25 47
25 29
25 99
25 18
25 60
25 1
25 15
25 40
25 5
25 17
25 37
25 81
25 92
25 86
25 91
25 41
25 6
25 82
25 38
25 58
25 71
25 46
25 78
25 7
25 57
25 11
25 14
25 4
25 22
25 35
25 66
25 94
25 2
25 30
25 56
25 63
25 31
25 100
25 62
25 13
25 39
25 67
74 87
74 51
74 65
74 33
74 26
74 16
74 89
74 98
74 64
74 75
74 72
74 50
74 53
74 23
74 43
74 48
74 88
74 36
74 9
74 84
74 10
74 52
74 21
74 24
74 79
74 34
74 55
74 80
74 70
74 45
54 42
73 49
73 20
73 77
47 3
47 8
47 69
47 93
47 76
29 44
29 85
29 90
29 95
99 27
99 12
99 59
99 19
99 28
18 83
18 96
18 61
18 68
18 32
60 97
97
86 38
86 35
86 61
86 76
86 19
86 59
86 15
86 10
86 39
86 53
86 80
86 47
86 67
86 46
86 97
86 54
86 12
86 91
86 37
86 74
86 90
86 88
86 25
86 94
86 23
86 31
86 30
86 71
86 43
86 24
38 68
38 2
38 45
38 49
38 75
38 69
38 32
38 1
38 55
35 77
35 95
35 50
35 73
35 85
35 65
35 26
35 41
35 11
35 21
35 79
35 4
35 28
35 36
35 60
35 63
35 92
35 7
35 64
35 29
35 56
35 58
35 87
35 89
35 42
35 8
35 40
35 13
35 16
35 3
35 14
35 52
35 62
35 22
35 70
35 57
35 93
35 83
35 34
35 78
35 72
35 9
35 20
35 44
35 51
35 66
35 6
35 81
35 82
35 96
35 18
35 48
61 5
61 33
61 84
61 17
61 27
100
95 17
95 77
95 39
95 90
95 66
95 32
95 70
95 75
95 51
95 8
95 28
95 19
95 7
95 69
95 22
95 83
95 73
95 25
95 50
95 93
95 92
95 6
95 2
95 85
95 88
95 94
95 52
95 34
95 81
95 61
95 87
95 45
95 38
95 97
95 13
95 46
95 76
95 14
95 48
95 98
95 37
95 89
95 78
95 49
95 91
95 80
95 23
95 63
95 18
95 40
95 20
95 31
95 26
95 16
95 100
95 35
95 53
95 68
95 60
95 4
95 15
95 74
95 1
95 27
17 65
17 71
17 55
17 59
17 58
17 11
17 33
17 47
17 42
17 72
17 56
17 41
17 21
17 96
17 67
17 30
17 84
17 57
17 29
17 3
17 62
17 10
17 54
17 82
17 5
17 79
17 64
77 44
77 43
77 36
39 12
39 9
39 86
39 99
90 24
90
81 87
81 20
81 31
81 89
81 30
81 85
81 10
81 37
81 6
81 12
81 26
87 29
87 4
87 1
87 73
87 33
20 9
31 84
31 27
31 45
31 69
31 23
31 15
31 57
31 60
31 59
31 56
31 22
31 35
31 78
31 42
31 25
31 44
31 28
31 21
31 86
31 43
31 11
31 74
31 36
31 47
31 16
31 70
31 63
31 65
31 76
31 55
31 88
31 52
31 64
31 34
31 48
31 14
31 24
31 7
31 2
31 75
31 19
31 3
31 62
31 72
31 90
89 54
89 32
89 13
30 58
30 61
30 38
30 71
30 41
30 53
30 82
30 68
30 5
30 50
30 66
30 8
30 83
30 18
85 17
85 46
85 77
85 79
85 51
10 39
10 80
10 49
10 40
10 67
100
50 82
50 76
50 46
50 18
50 29
50 35
50 8
50 65
50 87
50 84
50 38
50 96
50 12
50 72
50 68
50 92
50 79
50 64
50 42
50 4
50 89
50 17
50 63
50 21
50 6
50 74
82 100
76 44
76 3
76 85
76 61
76 52
76 88
76 43
76 31
76 95
76 14
76 19
76 37
76 49
76 81
76 83
76 77
76 60
76 93
76 36
76 32
76 1
46 11
46 73
46 15
46 33
18 25
18 56
18 7
18 99
18 71
29 91
29 16
29 26
29 45
29 39
29 97
35 27
35 66
35 20
35 9
35 47
35 2
35 13
35 67
35 58
35 57
35 41
8 69
8 48
8 23
8 24
8 5
65 90
65 86
65 10
65 80
65 34
65 78
65 98
65 51
87 70
87 59
87 30
87 55
87 22
84 40
84 28
84 53
84 54
84 62
38 75
38 94
55
31 19
31 38
31 36
19 33
19 1
19 46
19 55
19 30
19 43
19 32
19 54
38 3
36 53
33 20
33 22
33 16
33 25
33 10
1 48
1 27
46 42
46 50
46 29
46 11
46 15
46 44
55 8
55 12
55 13
55 45
30 34
30 49
43 47
32 52
32 37
32 41
32 51
32 7
32 2
32 24
54 40
3 28
3 39
3 6
3 9
3 14
53 26
53 21
53 5
20 17
20 35
20 4
22 23
22 18
100
32 45
32 65
45 66
45 86
45 64
45 82
45 84
45 29
65 48
66 95
86 97
86 57
86 93
86 24
64 77
82 4
84 88
84 33
84 27
29 62
29 70
48 17
95 9
95 67
95 20
97 51
97 50
97 54
97 59
97 39
97 12
57 13
93 3
93 96
93 73
93 90
93 76
24 37
77 58
77 44
77 7
4 42
88 31
88 53
88 69
88 36
88 68
88 79
33 47
33 41
33 91
27 25
27 80
27 11
27 40
27 74
62 81
70 28
70 75
17 83
9 21
9 87
9 8
9 85
9 35
67 98
20 16
51 89
51 18
50 43
50 99
50 30
50 55
50 49
54 61
54 52
59 23
59 19
39 34
39 92
39 10
39 72
39 56
12 100
12 22
12 1
12 71
12 94
12 15
13 26
13 38
3 5
3 78
3 63
3 14
3 60
3 6
3 2
3 46
10
4 10
4 5
4 8
10 3
5 9
8 2
8 1
8 7
8 6
100
78 6
78 59
78 29
78 83
78 91
78 61
78 22
78 52
78 55
78 26
78 15
78 53
78 73
78 89
78 38
78 30
78 4
78 42
78 60
78 95
78 79
78 88
78 45
78 11
78 69
78 76
78 66
78 58
78 3
78 68
78 21
78 97
78 64
78 27
78 70
78 56
78 35
78 40
78 71
78 99
78 43
78 41
78 50
78 67
78 37
78 84
78 48
78 39
78 1
78 2
78 80
78 62
78 54
78 25
78 93
78 96
78 24
78 20
78 72
78 14
78 47
78 31
78 8
78 34
78 13
78 57
78 87
78 12
78 98
78 77
78 86
78 32
78 16
78 74
78 18
78 90
78 19
6 33
6 65
6 7
6 51
6 36
6 44
6 49
6 17
6 100
6 82
6 94
6 10
6 23
6 75
6 28
6 46
6 5
6 85
6 92
6 81
6 9
59 63
88
26 7
26 31
26 50
26 53
26 30
26 4
26 60
26 77
7 14
7 12
7 1
7 82
7 47
7 29
7 68
7 46
7 18
7 28
7 65
7 9
7 78
7 25
7 57
7 27
7 63
7 84
7 42
7 17
7 22
7 59
7 71
7 6
7 70
7 72
7 20
7 73
7 36
7 51
31 88
31 24
31 83
31 43
31 79
50 13
50 34
50 16
50 38
50 23
50 56
50 74
50 75
50 48
53 81
53 45
53 66
53 67
53 32
53 61
53 5
53 19
53 41
53 40
53 44
30 87
30 3
30 55
30 49
4 8
4 86
4 54
4 35
4 76
60 58
60 64
77 69
77 11
77 33
14 52
14 39
14 80
14 62
14 37
12 15
12 21
12 10
12 85
12 2
100
23 83
23 90
23 84
23 72
23 35
23 55
23 44
23 73
23 51
23 82
23 12
23 30
23 28
23 93
23 53
23 25
23 42
23 49
23 1
23 64
23 8
23 74
23 40
23 87
23 63
23 52
23 4
23 32
23 43
23 79
23 10
23 100
23 46
23 85
23 71
23 97
23 91
23 89
23 37
23 99
23 15
23 94
23 95
23 66
23 57
23 13
23 14
23 11
23 6
23 3
23 98
23 76
23 38
23 75
23 9
23 69
23 22
23 5
23 2
23 18
23 7
23 68
23 36
23 47
23 48
23 20
23 27
23 77
23 21
23 62
23 60
23 92
23 39
23 31
23 70
23 34
83 50
83 67
83 80
83 86
83 59
83 88
83 78
83 19
83 26
83 33
83 81
83 16
83 61
83 24
83 96
83 58
83 56
83 45
83 29
83 41
83 65
83 17
83 54
45
44 14
44 8
44 21
44 40
44 32
44 6
44 28
44 30
44 12
44 37
44 10
14 4
14 7
14 25
14 33
14 17
14 26
14 31
14 11
14 5
14 13
14 38
14 23
14 39
14 43
14 15
14 18
14 1
14 45
14 20
14 36
14 9
14 41
14 3
14 34
14 16
14 27
14 35
14 29
14 2
14 24
8 19
21 22
21 42
100
84 30
30 91
30 37
30 53
91 29
91 14
37 33
37 80
37 98
37 62
37 61
53 60
53 76
29 55
14 67
14 15
33 13
33 52
80 43
98 56
98 5
98 28
98 74
62 72
62 97
61 58
61 54
61 8
60 2
60 77
76 11
55 96
55 85
67 63
15 90
15 44
13 79
52 100
52 99
52 12
43 87
43 41
56 66
56 93
56 69
56 3
5 20
5 18
28 34
28 78
74 82
74 68
72 25
97 48
58 50
58 40
58 7
54 22
54 21
54 31
8 75
2 49
77 70
77 45
77 47
11 17
11 88
11 36
11 6
11 39
11 23
96 92
96 64
96 19
96 38
85 65
85 86
63 94
63 4
90 83
90 81
90 89
90 46
90 10
44 26
44 95
44 9
44 32
44 51
44 1
44 73
79 57
79 42
79 35
79 16
79 24
79 27
79 71
100 59
58
24 56
56 7
56 45
7 18
7 53
7 36
7 33
7 39
7 35
7 57
45 29
45 9
18 2
18 30
18 1
18 32
18 6
53 43
53 58
53 21
53 4
53 13
53 28
53 14
53 25
36 46
33 26
33 22
39 51
39 52
39 20
39 44
35 37
35 8
35 12
35 5
57 11
57 40
57 54
57 10
57 55
57 48
29 3
9 16
9 38
9 27
9 15
2 49
2 17
2 41
2 50
2 19
2 31
2 23
2 42
30 34
1 47
100
22 77
22 63
77 90
63 72
90 96
90 41
90 15
90 69
72 33
72 100
96 92
96 89
41 67
15 16
15 62
15 28
15 17
15 73
69 7
33 49
100 51
92 76
89 88
89 12
89 80
89 11
89 3
89 23
67 35
16 5
16 82
16 10
16 30
62 81
62 9
62 64
28 44
28 71
28 87
17 25
73 95
7 42
7 66
7 1
7 27
7 20
7 38
7 93
7 56
49 83
49 21
49 60
49 79
51 52
76 14
76 48
76 4
76 47
76 54
88 94
12 29
12 19
80 8
80 57
80 43
11 65
11 37
3 75
3 39
3 53
3 84
3 68
23 97
23 32
23 46
23 6
23 86
23 99
35 2
35 78
35 98
5 36
5 61
82 45
10 40
10 18
10 26
10 70
10 31
30 24
81 74
81 50
81 55
9 13
64 85
44 58
44 59
71 91
71 34
59
25 45
25 8
25 47
25 17
25 9
25 19
25 56
25 44
25 51
25 14
25 20
25 24
25 22
25 12
25 26
25 2
25 59
25 50
25 40
25 57
25 54
25 39
25 53
25 29
25 55
25 27
25 33
25 37
25 38
25 7
25 42
25 18
25 11
25 32
25 36
25 34
25 31
25 6
25 21
25 52
25 58
25 1
25 30
25 43
25 28
25 35
25 10
25 3
25 4
25 48
25 13
25 5
25 49
25 23
25 41
25 46
25 15
25 16
100
11 21
11 82
11 25
11 2
11 81
21 37
21 75
21 39
21 92
21 14
21 17
21 29
21 9
21 97
21 34
21 3
21 41
21 90
21 55
21 44
21 94
21 56
21 28
21 20
21 50
21 85
21 80
21 87
21 6
21 45
21 1
21 40
21 13
21 51
21 35
21 43
21 74
82 23
82 61
82 91
82 24
82 5
82 27
82 38
82 67
82 8
82 53
82 99
82 10
82 60
82 54
82 7
82 93
82 84
82 59
82 26
82 31
82 95
82 86
82 57
82 4
82 15
82 49
82 89
82 64
82 18
82 73
82 19
82 46
82 62
82 88
82 47
82 16
82 63
82 42
25 22
25 36
25 66
25 33
25 71
2 72
2 79
2 30
2 68
2 58
81 77
81 76
81 78
81 48
81 100
37 65
37 98
37 70
37 52
37 12
75 69
75 96
75 83
75 32
98
36 27
36 91
36 29
27 7
27 65
27 4
27 68
27 73
27 18
27 98
27 83
27 19
27 35
27 69
27 21
27 33
27 63
27 40
27 59
27 88
27 56
27 3
27 67
27 52
27 30
27 32
27 80
27 87
27 11
27 22
27 70
27 85
27 58
27 1
27 53
27 12
27 74
27 17
27 15
27 50
27 39
27 61
27 84
27 72
27 78
27 23
27 62
27 79
27 34
27 28
27 71
27 25
27 57
27 51
27 96
27 41
27 90
27 10
27 49
27 66
27 94
27 45
27 26
27 6
27 9
91 46
91 76
91 75
91 8
91 82
91 95
91 47
91 5
91 14
91 93
91 81
91 38
91 54
91 13
91 92
91 86
91 48
91 24
91 64
91 31
91 20
91 89
91 16
91 60
91 77
91 43
29 37
29 2
29 55
29 97
7 42
7 44
100
87 9
87 28
87 25
87 90
87 85
87 51
87 18
87 94
87 19
87 98
87 84
87 80
87 4
87 41
87 77
87 35
87 13
87 10
87 99
87 59
87 1
87 63
87 50
87 69
87 14
87 20
87 95
87 79
87 17
87 49
9 82
9 65
9 26
9 92
9 62
9 70
9 88
9 39
28 47
28 78
28 60
28 67
25 57
90 83
90 37
90 81
85 56
85 8
85 61
85 23
85 58
51 43
51 71
51 22
51 5
51 32
51 46
51 36
51 53
51 7
51 66
51 21
51 24
51 52
51 31
51 3
51 75
51 30
51 38
51 89
51 34
51 72
51 74
51 86
51 16
51 42
51 93
18 91
18 33
18 100
18 44
18 2
18 27
18 40
18 73
94 15
94 12
94 45
94 55
19 96
19 48
98 76
98 6
98 54
98 97
98 64
98 68
84 11
84 29
98
84 75
84 57
84 26
84 43
84 93
84 47
84 32
84 69
84 54
84 36
84 90
84 25
84 6
84 59
84 22
84 10
84 86
84 51
84 70
84 30
84 37
84 55
84 91
84 16
84 88
84 83
84 80
84 15
84 53
84 1
84 79
84 95
84 28
84 33
84 23
84 5
84 85
84 20
84 71
84 52
84 98
84 74
84 17
84 38
84 49
84 94
84 60
84 41
84 76
84 14
84 42
84 78
84 8
84 48
84 29
84 81
84 31
84 64
84 4
84 87
84 62
84 12
84 63
84 7
84 72
84 19
84 9
84 3
84 77
84 58
84 11
84 82
84 92
84 68
84 67
84 65
84 34
75 21
75 35
75 50
75 66
75 13
75 46
75 56
75 18
75 45
75 61
75 73
75 24
57 27
57 89
57 97
26 39
26 2
43 40
43 44
43 96
100
98 88
98 49
98 83
98 22
98 95
98 50
98 54
98 40
98 69
98 7
98 39
98 4
98 74
98 73
98 8
98 32
98 47
98 99
98 19
88 31
88 36
88 15
88 16
88 61
88 84
88 82
49 38
49 78
83 58
22 37
22 65
22 75
22 77
22 10
22 27
22 34
22 64
22 60
22 41
22 9
22 43
22 20
22 93
22 76
22 97
95 44
95 68
95 86
95 14
95 56
95 91
95 25
95 80
95 12
95 59
95 53
95 26
95 48
95 23
95 21
95 1
95 66
95 62
95 52
50 87
50 29
50 30
50 3
50 5
50 55
50 13
50 11
54 79
54 46
40 33
40 85
40 17
40 35
40 2
69 6
69 63
7 70
7 67
7 100
7 89
7 24
39 45
39 90
39 18
39 28
39 57
39 72
39 51
39 42
4 81
4 92
4 71
4 96
4 94
42
19 33
19 32
33 16
33 36
33 6
33 23
32 10
32 25
32 5
32 13
32 15
32 27
32 9
32 2
16 42
16 22
16 38
16 28
16 7
16 8
16 31
16 29
16 40
16 26
16 35
36 21
36 34
36 18
36 14
36 4
6 30
23 3
23 20
10 1
10 11
10 41
10 37
10 17
10 12
10 24
25 39
100
49 7
49 70
49 67
49 1
49 24
49 69
49 92
49 55
49 84
49 51
49 88
49 26
49 54
49 18
49 73
49 12
49 58
49 60
49 52
49 35
49 59
49 22
49 100
49 25
49 93
49 32
49 45
49 98
49 80
49 57
49 47
49 19
49 87
49 99
49 43
49 85
49 71
49 11
49 23
49 38
49 42
49 40
49 72
49 17
49 8
49 50
49 37
49 63
49 15
49 28
49 66
49 76
49 34
49 13
49 16
49 10
49 31
49 96
49 65
49 91
49 90
49 36
49 75
49 6
49 33
49 82
49 53
49 4
49 83
49 74
49 30
49 2
49 3
49 46
49 77
49 89
49 68
49 14
49 20
49 21
49 95
49 48
49 78
49 79
49 61
49 41
49 56
49 97
49 39
7 27
7 62
7 94
70 64
67 86
67 5
67 44
67 81
67 29
1 9
8
3 1
1 6
1 5
1 7
1 8
6 2
6 4
100
18 93
18 22
93 88
22 19
22 90
22 67
88 1
88 99
19 75
19 43
19 41
90 44
90 48
90 17
90 100
67 5
67 4
1 39
99 2
75 46
43 96
43 72
43 68
41 86
41 16
41 73
41 76
44 74
44 79
48 56
17 53
17 89
17 31
17 50
17 54
17 24
17 40
17 94
100 8
5 84
4 47
4 37
4 34
39 7
39 92
39 97
2 91
46 52
46 87
96 26
96 95
96 98
96 61
96 82
96 36
96 63
72 12
72 35
72 60
72 11
68 83
68 51
68 10
86 28
16 6
16 13
16 30
16 42
73 70
73 64
76 33
74 25
74 9
74 29
74 27
79 55
79 49
79 45
56 77
56 80
56 78
56 58
56 21
56 32
53 23
89 15
31 69
31 81
31 85
50 14
50 3
50 38
50 65
54 66
54 71
54 62
24 20
24 57
40 59
6
6 5
6 4
5 3
4 2
4 1
100
32 45
45 59
45 83
59 99
59 25
59 74
59 43
59 11
83 2
83 61
83 18
99 4
99 21
99 91
99 26
99 54
99 33
25 62
74 36
74 85
43 8
43 12
43 70
11 46
11 53
11 29
11 94
11 68
2 31
2 15
61 63
61 7
61 56
61 96
18 66
18 93
18 89
18 57
18 52
18 55
18 39
4 95
21 38
21 84
21 34
21 98
21 78
21 77
91 17
91 24
26 51
26 23
26 60
26 90
26 6
26 64
26 79
54 58
54 13
33 30
33 72
62 97
62 100
62 44
62 42
62 86
62 49
62 73
36 75
36 48
36 9
36 82
85 69
85 71
85 40
85 5
8 20
8 76
8 88
12 28
12 87
12 81
70 1
70 80
70 50
70 65
70 37
70 67
70 14
46 3
53 16
53 22
53 47
53 35
53 27
29 92
29 19
29 41
94 10
7
4 1
4 5
1 7
1 2
1 6
5 3
100
60 43
60 72
60 2
60 64
43 38
43 12
43 35
43 88
43 96
72 9
72 33
72 16
72 56
72 89
72 51
72 11
72 55
72 87
72 46
72 8
72 71
72 90
72 69
72 20
72 81
72 47
72 14
72 52
72 42
72 7
72 85
72 97
72 31
72 49
72 39
72 44
72 82
72 29
72 98
72 73
72 95
72 61
72 74
72 40
72 80
72 45
72 27
72 19
72 53
72 68
72 65
72 37
72 26
72 66
72 25
72 10
72 1
72 91
72 93
2 84
2 34
64 6
64 70
64 48
64 22
38 4
38 62
38 75
12 18
12 17
12 76
12 86
12 36
12 58
12 63
12 23
12 3
12 15
12 41
12 32
12 100
12 94
12 28
12 99
12 50
12 54
35 57
35 59
35 78
35 83
35 30
88 92
88 21
88 67
88 77
96 13
96 24
96 5
96 79
58
37 32
37 3
37 18
37 24
37 51
37 25
37 47
37 4
37 7
37 17
37 6
37 53
37 31
37 36
37 26
37 55
37 14
37 49
37 38
37 5
37 54
37 34
37 27
37 16
37 46
37 28
37 57
37 56
37 10
37 19
37 13
37 20
37 48
37 21
37 42
37 1
37 33
37 9
37 8
37 45
37 52
37 44
37 39
37 23
37 35
37 40
37 11
37 43
37 58
37 30
37 12
32 29
32 15
32 50
3 22
18 41
18 2
100
49 99
49 73
49 76
49 31
49 48
49 82
49 91
49 87
49 50
49 69
99 3
99 34
99 75
99 33
99 42
99 23
99 22
99 56
99 38
99 64
99 36
99 66
99 100
99 95
99 39
99 1
99 13
99 53
99 84
99 86
99 24
99 54
99 97
99 10
99 92
99 58
99 90
99 93
99 41
99 78
99 62
99 25
99 7
99 32
99 2
99 26
99 67
99 96
99 88
99 14
99 81
99 27
99 52
99 70
99 20
99 55
99 19
99 5
73 11
73 18
73 29
73 17
73 47
73 46
73 98
73 89
73 79
73 45
73 59
73 16
73 61
73 15
76 74
76 43
76 40
76 35
76 72
76 9
76 65
76 12
76 21
76 71
76 63
76 77
76 57
76 30
76 85
76 6
76 4
76 28
76 8
76 94
76 44
76 68
76 37
31 80
31 51
31 83
48 60
88
86 88
88 17
88 78
17 76
17 81
17 33
17 22
17 39
78 72
76 80
76 4
76 8
76 43
81 1
81 35
81 15
33 58
22 85
39 42
39 28
39 63
39 84
72 87
72 27
72 12
80 67
80 26
80 34
80 29
80 45
4 20
8 14
43 41
1 47
1 71
1 64
35 70
15 9
15 36
15 5
58 13
58 73
58 52
58 49
85 10
85 61
85 83
42 18
28 3
28 6
63 82
84 50
84 75
87 74
27 32
27 19
12 30
12 69
67 31
26 66
26 2
34 25
29 24
29 23
45 59
45 48
20 11
14 79
14 7
14 68
14 21
41 53
47 57
47 46
47 77
71 16
71 38
64 40
64 60
64 62
64 44
64 65
64 37
70 51
70 56
70 54
9 55
100
99 97
99 58
99 46
99 83
99 43
97 89
58 50
58 93
58 35
58 23
58 94
58 84
58 82
58 16
58 31
58 96
46 26
83 20
43 28
89 67
50 73
50 40
50 32
93 91
35 1
23 95
94 24
94 100
94 51
94 18
84 9
82 2
82 61
82 88
82 15
16 98
31 6
31 42
96 90
96 65
96 69
96 12
26 30
26 36
20 4
20 77
20 81
28 92
28 17
67 54
67 63
67 72
67 11
67 66
67 68
73 87
40 41
32 55
91 33
91 86
91 13
91 48
1 75
95 44
95 47
95 21
24 60
24 34
24 39
24 37
24 5
100 57
100 25
100 64
100 52
51 56
51 10
18 7
18 70
18 85
9 49
2 62
2 3
61 45
61 76
61 27
61 79
61 19
61 22
61 53
88 78
15 59
15 29
98 80
6 74
6 8
6 14
6 38
6 71
99
24 99
99 27
27 79
79 69
69 20
20 53
20 38
20 54
20 71
20 42
53 78
53 57
53 94
53 75
53 72
53 92
38 8
38 1
38 39
54 60
54 85
71 50
42 11
42 12
78 10
78 82
78 81
78 93
57 77
57 23
94 44
94 97
94 98
75 18
75 51
72 76
72 47
72 4
72 45
92 74
92 25
8 13
8 6
1 28
1 36
39 15
39 89
39 62
39 32
39 63
60 56
85 95
85 31
85 46
50 84
11 2
12 3
10 26
10 83
10 91
82 67
81 14
81 21
81 58
81 16
81 33
81 49
81 40
81 86
93 87
77 61
23 34
44 17
44 68
44 90
97 37
98 29
98 30
18 73
18 9
18 41
18 66
51 35
51 88
76 80
47 64
47 65
47 7
4 52
45 43
45 96
45 48
45 55
74 5
25 70
25 22
25 59
25 19
100
53 27
53 59
53 61
53 36
53 51
53 39
53 22
53 74
27 58
27 46
27 35
27 16
59 7
59 45
59 32
59 50
59 49
59 48
59 24
59 64
59 4
61 79
61 67
61 80
61 65
61 54
36 85
36 91
36 38
36 86
36 97
51 57
51 47
51 73
51 40
51 28
51 93
51 13
51 84
51 78
51 29
51 30
51 5
51 52
51 26
51 82
51 89
51 75
51 10
51 19
51 62
39 37
39 100
39 23
39 99
39 56
22 63
22 18
22 14
22 81
22 41
74 70
74 12
74 25
74 72
74 87
74 6
74 69
74 88
74 55
74 34
58 42
58 96
58 9
58 83
58 71
58 8
46 98
46 11
46 33
46 1
46 3
46 66
46 60
46 76
46 92
46 68
46 21
46 77
46 17
46 95
35 90
35 94
35 20
35 2
35 44
16 43
16 15
16 31
87
5 18
5 68
5 14
5 2
5 46
5 19
5 43
5 72
5 47
5 51
5 85
5 34
5 29
5 74
5 53
5 60
5 16
5 6
5 64
5 63
5 67
5 41
5 82
5 36
5 58
5 21
5 83
5 79
5 70
5 76
5 61
5 26
5 66
5 48
5 28
5 80
5 13
5 84
5 20
5 3
5 4
5 65
5 24
5 78
5 81
5 8
5 50
5 45
5 56
5 1
5 39
5 86
5 17
5 59
5 23
5 33
5 12
5 40
5 7
5 25
5 35
5 71
5 62
5 77
5 10
5 52
5 49
5 44
5 55
5 37
5 22
5 27
5 11
5 15
5 54
5 9
5 31
5 32
5 75
18 87
18 42
18 38
18 73
68 57
14 30
14 69
100
78 70
70 83
70 15
83 69
83 51
83 55
15 45
15 24
15 34
15 95
15 97
69 92
51 27
51 46
51 58
55 68
55 28
55 43
45 64
45 44
45 17
45 80
45 25
24 99
24 21
24 8
24 53
34 77
34 90
34 12
34 16
95 40
97 61
97 10
97 74
92 84
92 6
92 4
27 41
27 36
27 38
27 82
46 98
46 31
46 1
46 48
58 75
68 32
28 87
28 73
28 3
28 79
28 33
43 37
64 93
44 11
44 65
17 56
17 29
80 42
80 49
25 89
25 63
25 88
99 52
21 85
8 9
8 50
8 76
8 26
8 94
53 47
53 30
53 81
77 39
90 100
90 57
90 91
90 2
12 7
12 96
12 66
12 72
16 23
16 19
40 54
40 86
61 13
61 60
10 67
74 5
74 18
74 35
84 59
6 20
6 14
6 71
6 62
6 22
7
2 4
2 7
4 3
4 1
7 5
3 6
100
93 30
30 33
30 11
30 6
30 26
30 45
30 57
30 43
30 66
30 42
30 68
30 78
30 100
30 4
30 79
30 50
30 20
33 58
33 54
33 71
33 53
33 91
33 25
33 13
11 95
11 27
11 23
11 29
6 98
6 97
6 48
6 96
6 60
26 73
26 9
26 1
26 81
26 84
26 7
26 72
26 3
26 82
26 39
26 28
26 21
26 44
26 90
45 47
45 70
45 5
45 8
45 31
57 34
57 2
57 38
57 74
57 40
57 41
57 17
57 62
57 15
57 69
57 55
57 49
57 94
57 56
57 99
57 67
57 37
57 76
57 35
43 80
43 51
43 88
43 61
43 14
43 32
43 24
43 89
43 65
66 77
66 63
66 83
66 86
66 10
42 22
42 18
42 64
42 46
42 92
68 36
68 59
68 52
68 12
68 16
68 75
78 19
78 85
78 87
92
5 9
5 13
5 59
9 47
9 75
9 60
13 53
59 78
59 27
59 86
47 35
75 22
60 16
60 48
60 64
60 36
53 19
53 11
53 83
53 6
53 7
78 51
27 84
27 30
86 18
86 91
86 20
86 32
86 58
35 1
22 40
22 92
22 89
22 66
22 76
16 52
16 37
48 62
48 77
48 44
48 71
48 24
48 28
48 90
64 69
64 15
64 29
64 45
64 14
64 23
64 50
64 56
64 79
64 68
36 73
36 21
19 55
19 46
19 80
11 57
11 54
11 42
11 26
11 8
11 33
83 38
6 4
7 39
51 43
84 88
30 87
18 25
91 67
91 82
91 49
20 3
20 81
32 85
32 10
32 41
58 61
58 74
58 12
1 2
40 17
40 72
92 70
89 63
89 34
66 65
76 31
