100
1 1 0
3 3 0
40 37 0
46 94 0
50 99 0
52 58 0
58 49 0
59 60 0
64 55 0
69 47 0
70 34 0
72 65 0
80 90 0
86 85 0
95 93 0
99 97 0
100 100 0
100 100 0
100 100 0
100 100 0
4 4 1
3 2
4 4 1
2 1
40 79 1
20 36
50 99 1
20 39
60 44 1
28 22
61 76 1
15 20
64 79 1
36 38
73 70 1
39 26
99 97 1
13 24
100 100 1
47 39
100 100 1
76 79
100 100 1
82 91
7 10 2
1 2
7 1
29 24 2
11 9
7 10
42 41 2
21 26
7 7
61 52 2
26 21
34 28
76 82 2
44 33
17 27
100 100 2
57 56
38 54
100 100 2
57 68
58 34
100 100 2
25 16
11 9
52 61 3
20 27
25 43
30 41
73 55 3
53 36
52 31
56 33
77 63 3
27 23
51 32
63 47
77 78 3
27 32
42 53
19 31
85 86 3
16 17
25 29
41 43
100 100 3
48 59
68 75
86 81
100 100 3
54 74
50 39
40 40
100 100 3
30 53
63 71
56 66
20 21 4
13 16
16 16
11 12
14 15
42 35 4
27 17
14 15
31 19
29 24
43 31 4
6 11
20 18
8 12
26 21
81 74 4
53 33
31 19
17 12
52 34
100 100 4
95 96
37 22
12 23
9 14
100 100 4
28 37
58 55
10 19
80 63
100 100 4
65 54
52 67
32 39
24 38
46 43 5
16 13
23 24
30 23
33 29
7 7
56 72 5
17 12
15 11
33 41
31 43
31 25
65 48 5
39 26
25 25
43 28
12 11
48 35
89 93 5
81 83
24 26
50 42
56 75
57 56
100 100 5
70 49
13 22
79 64
81 80
30 47
100 100 5
10 10
36 44
66 59
84 89
13 16
100 100 5
67 40
70 82
62 57
8 9
43 52
35 42 6
17 12
7 7
14 24
23 33
13 19
8 9
58 79 6
44 63
38 66
18 35
22 28
31 34
38 45
67 70 6
63 65
44 30
38 48
42 53
34 28
18 32
78 74 6
52 46
60 53
62 51
41 54
39 41
14 27
100 100 6
71 81
38 63
62 42
81 71
34 49
68 54
100 100 6
65 66
21 26
69 56
51 50
57 50
66 62
16 16 7
9 8
11 9
14 15
13 10
12 11
3 5
5 6
43 31 7
26 21
10 13
35 24
34 22
8 12
23 18
4 7
50 60 7
26 33
16 28
20 36
17 21
7 7
22 25
19 31
62 63 7
47 54
24 35
45 38
51 50
18 20
33 44
11 15
64 46 7
51 35
50 30
43 31
45 35
61 43
30 23
49 31
100 100 7
91 91
92 93
93 95
94 97
92 90
94 91
96 92
100 100 7
32 54
43 28
48 71
53 33
38 51
61 58
35 24
100 100 7
22 25
49 31
47 45
67 67
35 51
17 21
80 66
54 41 8
45 26
13 19
21 23
11 18
13 10
47 33
51 38
18 20
62 78 8
13 16
11 9
20 21
55 70
54 65
47 66
26 36
24 20
63 41 8
25 16
15 11
35 21
49 28
47 30
4 7
15 14
18 14
88 91 8
47 45
27 26
29 33
50 39
43 55
41 24
66 68
42 53
100 100 8
88 91
69 62
60 53
41 24
8 9
72 77
77 78
49 40
100 100 8
32 54
84 89
73 76
32 63
66 44
42 35
70 58
71 63
28 28 9
16 13
7 7
12 17
5 6
20 15
17 12
17 21
16 19
21 23
51 38 9
18 14
24 23
21 17
13 16
32 27
48 35
16 16
12 14
6 8
67 73 9
33 44
41 42
62 69
27 35
23 30
40 55
24 47
7 10
58 61
70 76 9
21 14
50 45
59 63
51 56
21 32
40 43
19 25
23 15
43 55
100 100 9
6 11
8 12
10 13
12 14
11 12
10 10
9 8
8 6
7 4
100 100 9
46 67
34 49
36 47
54 65
54 44
28 37
78 65
29 30
66 56
100 100 9
56 54
63 80
46 67
47 66
59 54
46 46
36 47
42 59
67 73
44 54 10
14 18
21 17
3 5
21 38
34 40
31 46
41 51
13 22
22 37
23 21
52 52 10
31 28
20 18
31 34
31 25
8 15
34 31
15 11
44 45
34 40
31 37
72 59 10
6 8
25 22
55 31
49 46
46 28
28 25
26 24
52 37
25 28
19 19
97 97 10
13 13
81 89
82 88
83 87
84 86
85 85
86 84
87 83
88 82
89 81
97 97 10
10 19
11 18
12 17
13 16
14 15
15 14
16 13
17 12
18 11
19 10
100 100 10
69 32
70 31
75 26
78 26
77 18
81 17
86 15
88 13
95 12
94 4
100 100 10
20 27
62 51
32 54
60 77
56 69
35 60
30 41
38 63
84 83
66 50
100 100 10
94 88
38 63
36 29
55 34
40 52
21 26
32 48
61 67
57 38
25 19
100 100 10
12 14
24 23
29 30
41 39
46 46
57 59
66 68
77 75
87 86
91 91
100 100 10
45 26
80 75
46 61
45 47
17 21
43 46
78 80
18 29
26 24
54 62
100 100 10
2 9
2 33
8 66
80 93
60 95
40 73
13 14
85 84
50 49
42 42
