100
33
26 1
22 3
29 3
10 3
31 1
23 2
32 3
5 3
25 3
16 2
13 3
18 3
30 2
12 3
27 3
15 3
2 1
6 2
33 2
3 3
14 3
17 2
8 3
7 1
28 1
24 1
9 3
1 2
19 3
20 3
11 2
4 1
21 3
770
304 10
286 14
3 19
483 26
159 14
51 15
632 6
40 24
575 13
596 11
604 21
263 26
125 19
205 14
240 20
234 24
560 18
307 12
384 12
18 19
223 25
24 16
32 21
111 6
217 7
734 14
319 19
7 19
275 23
373 7
92 21
374 17
306 8
591 26
500 27
448 7
659 30
16 17
450 27
623 25
456 14
82 16
593 19
744 12
654 23
6 18
645 15
282 8
766 20
530 14
168 7
44 12
398 27
548 25
357 6
50 25
363 12
639 22
462 24
369 25
322 23
300 7
687 26
115 26
653 29
20 15
352 27
716 9
764 19
400 19
406 14
379 8
96 11
25 22
327 15
241 18
765 16
491 30
332 16
355 14
431 24
138 26
715 12
609 20
271 15
299 19
614 10
341 22
471 15
338 6
201 29
518 11
625 19
292 21
532 12
762 17
690 22
753 21
376 29
93 17
22 12
343 23
693 19
399 7
146 15
317 9
83 22
427 23
266 10
536 28
370 27
677 23
316 26
595 13
132 14
590 12
482 8
43 16
57 20
383 18
458 26
323 25
497 7
601 23
688 8
633 12
626 15
86 26
571 21
209 10
463 30
156 6
117 7
202 9
387 28
145 7
264 30
646 11
464 28
289 28
605 16
162 22
127 23
195 15
535 24
443 17
538 16
34 25
455 12
603 7
346 7
130 24
280 16
681 24
320 11
713 28
313 20
668 13
64 28
102 27
630 20
412 12
439 16
121 25
204 18
738 19
610 8
704 7
55 13
685 6
325 13
723 17
454 29
729 22
394 25
506 14
84 28
181 10
276 13
186 26
449 9
107 10
403 11
664 18
430 28
391 24
577 17
534 20
581 22
129 6
345 13
649 13
230 12
354 26
546 21
641 24
246 21
287 10
244 7
544 9
169 29
393 17
150 11
81 30
527 7
652 19
478 17
27 24
139 8
158 10
509 10
672 7
269 19
629 21
418 19
508 26
283 18
288 30
474 23
627 29
411 26
75 27
72 25
196 13
194 7
675 21
53 11
28 14
52 23
80 8
315 22
166 28
487 14
340 10
437 14
157 8
634 10
539 18
359 28
728 12
467 10
719 11
215 30
731 18
679 19
698 23
30 17
543 15
137 18
451 21
59 8
582 18
49 27
372 21
692 18
190 8
366 18
720 21
572 7
542 30
537 6
558 6
584 30
328 17
232 14
655 12
583 10
708 10
336 8
667 8
617 12
76 29
10 17
124 29
99 7
770 18
154 26
714 22
545 17
562 10
568 19
364 16
407 20
557 20
549 19
351 9
755 13
193 17
732 20
665 28
444 23
113 18
495 13
563 22
238 26
682 30
513 28
749 22
414 28
447 25
756 14
613 28
452 19
265 24
758 20
308 24
386 10
69 15
314 28
724 27
123 15
218 21
191 22
490 18
267 25
401 9
710 26
103 15
600 27
739 21
256 22
631 16
618 9
496 23
177 27
644 17
763 15
712 20
273 7
19 13
484 20
648 25
67 19
389 6
718 19
183 20
747 16
642 30
531 26
637 28
684 12
748 14
141 22
142 25
47 9
89 24
709 14
767 18
318 29
188 12
433 6
362 8
658 10
309 16
579 15
740 23
259 18
486 16
171 19
390 20
673 15
696 17
507 24
251 25
268 9
599 25
229 6
541 10
250 13
66 16
381 16
705 8
331 18
656 6
60 10
33 11
333 20
225 29
155 18
15 14
175 13
371 9
233 22
702 9
485 28
602 29
298 9
441 30
621 27
569 27
71 7
311 18
210 26
179 18
622 13
258 6
737 11
461 16
619 17
470 29
128 27
140 30
235 8
751 23
587 14
588 16
606 24
416 8
432 22
337 30
65 12
420 17
561 28
45 22
697 21
404 17
335 12
650 21
699 13
721 23
180 28
70 23
37 18
743 24
56 14
741 17
361 30
208 16
41 26
551 11
95 25
519 23
281 6
35 15
428 27
133 20
277 17
90 10
220 27
446 15
460 18
213 20
378 23
380 22
442 18
261 14
608 30
423 29
592 20
134 16
257 16
628 23
302 27
9 21
200 23
661 26
98 29
214 12
136 12
116 24
385 14
636 14
94 9
39 10
769 19
726 26
635 26
492 24
301 25
520 15
615 6
293 17
212 28
227 19
662 24
12 22
638 8
701 29
152 27
216 8
476 7
326 7
242 23
517 6
717 13
237 28
524 13
481 12
730 24
14 18
674 17
402 13
459 20
174 11
279 24
105 12
221 11
725 25
38 14
516 18
388 26
375 13
173 9
435 26
295 11
607 18
678 27
647 7
421 7
410 6
203 11
224 9
525 9
184 16
512 8
382 30
350 25
368 11
742 25
187 14
417 24
515 20
440 8
689 10
566 30
612 26
499 11
206 22
426 25
707 24
254 8
408 16
122 13
472 11
573 11
312 14
342 29
438 20
163 24
182 30
434 10
598 9
396 21
419 9
445 13
522 27
222 13
198 27
176 23
415 18
761 21
392 15
148 9
243 15
511 16
671 11
54 21
553 13
348 21
510 30
248 19
494 15
585 24
147 17
131 28
245 29
735 15
255 20
126 11
161 20
555 8
501 17
502 21
97 23
353 11
46 19
570 23
686 20
253 9
360 10
110 16
670 9
488 6
192 21
189 24
429 21
660 16
228 17
62 18
219 23
143 13
88 6
118 21
395 29
514 12
722 15
178 17
167 21
498 25
101 19
503 19
733 10
540 8
339 26
657 14
752 17
475 13
504 29
61 26
294 15
347 17
526 21
274 11
310 30
754 15
344 15
211 24
436 12
226 15
554 27
108 14
236 10
285 22
760 16
149 19
63 22
576 29
2 17
711 18
324 21
574 9
85 14
578 25
120 9
556 12
640 18
643 27
683 14
611 22
736 13
413 22
589 28
700 11
586 8
469 25
160 16
330 28
1 18
165 12
666 20
42 20
74 11
559 14
480 10
746 20
405 30
676 29
272 27
278 29
703 25
616 14
367 19
750 19
523 29
680 16
112 20
87 12
377 15
694 27
114 8
477 27
564 16
262 12
533 22
580 6
78 9
109 30
706 16
768 17
691 28
695 15
260 28
31 13
365 22
68 21
172 15
552 7
349 19
270 21
489 22
727 16
164 30
651 9
151 23
466 8
291 20
409 10
239 16
465 22
297 13
479 21
468 9
425 13
521 19
23 18
424 15
100 13
321 27
624 7
26 20
745 18
153 21
296 23
550 23
231 30
73 17
17 23
13 20
759 22
11 16
249 17
199 19
170 25
453 11
567 26
104 28
290 26
106 22
620 11
547 29
8 15
594 15
529 25
135 10
91 20
77 13
356 24
597 17
303 29
79 18
669 25
29 23
144 29
119 17
247 11
528 17
358 20
284 12
48 17
305 6
5 16
58 24
21 21
185 6
36 19
493 9
4 20
422 11
663 22
207 6
473 19
252 27
457 6
329 24
197 25
565 24
334 14
757 18
505 22
397 23
35
31 1
35 2
27 2
6 3
29 3
30 1
14 3
24 3
16 2
10 1
3 3
7 3
26 3
13 1
25 3
20 3
22 3
34 3
1 2
33 1
32 2
17 3
21 2
11 3
12 3
28 3
8 2
2 1
4 3
9 3
5 3
18 1
23 3
19 3
15 2
150
5 30
241 9
860 3
475 2
727 21
191 15
743 27
141 1
879 25
154 11
264 12
118 13
589 13
404 4
231 29
440 21
267 29
643 9
714 21
403 29
288 8
575 17
833 21
815 13
437 9
585 11
626 19
469 27
556 5
144 21
27 21
208 29
778 5
679 19
313 3
375 29
214 10
774 28
340 29
285 25
502 15
522 3
587 3
884 27
877 16
767 7
289 7
430 24
249 1
655 9
991 27
893 15
726 9
381 3
945 17
325 1
378 21
326 25
393 15
206 17
391 25
17 21
631 25
188 7
385 23
905 15
168 15
913 19
520 7
376 7
367 19
88 15
116 15
543 13
95 11
178 13
580 19
651 3
992 5
635 21
963 7
900 23
548 15
826 21
839 9
284 20
476 29
605 29
542 1
145 22
364 3
143 1
356 11
827 19
423 17
955 14
933 23
347 15
185 23
993 19
813 13
311 17
474 7
902 19
886 6
224 13
862 23
498 29
591 23
360 29
496 27
870 27
447 26
892 1
751 27
86 3
225 5
660 27
205 7
420 25
472 7
511 13
467 7
937 13
669 7
901 11
590 5
799 5
616 19
260 11
339 3
121 5
261 27
312 1
845 17
287 23
503 3
47 21
563 29
254 5
213 13
272 27
811 1
544 18
76 27
644 3
259 17
646 23
331 13
846 23
3
12 24
10 21
8 16
11
947 1
200 21
950 19
267 16
255 13
262 24
851 30
150 21
892 27
388 5
828 9
166
920 4
575 4
843 4
280 4
270 4
850 4
880 4
869 4
426 4
617 4
668 4
623 4
102 4
895 4
42 4
407 4
169 4
496 4
981 4
76 4
779 4
673 4
871 4
166 4
595 4
759 4
362 4
468 4
460 4
177 4
219 4
714 4
704 4
521 4
364 4
886 4
799 4
127 4
865 4
641 4
770 4
60 4
928 4
392 4
899 4
791 4
268 4
20 4
971 4
253 4
924 4
508 4
54 4
339 4
147 4
976 4
241 4
652 4
291 4
636 4
64 4
558 4
228 4
384 4
86 4
319 4
444 4
332 4
24 4
818 4
489 4
733 4
956 4
312 4
943 4
857 4
324 4
979 4
654 4
994 4
175 4
435 4
822 4
585 4
967 4
867 4
835 4
399 4
540 4
647 4
762 4
724 4
754 4
986 4
287 4
525 4
601 4
261 4
962 4
481 4
548 4
630 4
231 4
195 4
503 4
681 4
374 4
861 4
214 4
516 4
748 4
531 4
33 4
139 4
4 4
10 4
250 4
337 4
659 4
347 4
969 4
72 4
838 4
456 4
911 4
352 4
193 4
123 4
310 4
93 4
951 4
781 4
1 4
48 4
560 4
904 4
699 4
204 4
694 4
475 4
665 4
796 4
936 4
417 4
606 4
300 4
157 4
913 4
133 4
826 4
684 4
118 4
670 4
608 4
184 4
808 4
518 4
833 4
110 4
570 4
741 4
692 4
145 4
783 4
454 4
583 4
90
192 13
196 10
122 19
89 20
254 11
26 14
182 5
214 15
111 12
217 29
126 30
190 18
42 10
292 30
282 16
218 10
79 18
67 12
114 24
226 27
127 15
136 2
28 16
203 1
105 22
16 27
59 9
244 5
204 24
189 16
213 3
7 13
162 9
245 25
49 19
88 22
286 19
109 7
300 18
256 4
132 21
211 8
22 23
144 17
128 26
116 3
197 1
101 29
168 4
138 14
92 6
269 9
17 24
173 28
14 29
237 2
185 25
287 7
96 4
187 8
252 22
201 17
86 21
141 11
225 23
99 11
63 2
35 3
199 27
4 5
54 30
272 14
242 26
8 26
146 23
240 13
87 15
3 25
48 7
216 6
100 8
253 28
37 1
207 20
161 20
155 6
71 17
293 21
46 28
223 12
28
25 2
22 3
6 1
23 1
26 1
7 2
14 2
15 3
28 2
27 3
19 1
12 3
9 3
16 3
5 3
20 1
18 3
11 2
10 3
13 3
3 1
17 3
2 1
21 3
8 2
4 2
24 3
1 2
90
30 9
22 6
215 1
201 2
167 10
234 27
100 1
156 12
62 26
66 14
36 16
87 2
202 23
252 15
61 25
288 16
121 13
13 15
275 29
226 26
218 30
141 22
187 7
190 2
268 25
265 10
220 20
6 20
164 30
239 28
74 30
260 14
158 29
88 5
223 18
295 6
242 21
258 24
26 23
186 9
232 13
227 12
274 9
193 16
136 1
179 28
116 23
231 17
119 8
225 4
297 11
23 19
49 8
188 24
97 12
56 11
33 13
194 20
46 4
169 26
197 11
59 27
133 17
11 21
53 10
65 17
198 27
98 3
217 22
291 3
157 19
178 4
233 8
208 7
205 19
115 6
120 25
19 22
38 28
177 3
103 21
153 14
176 5
161 15
8 24
37 18
155 18
18 29
75 7
279 5
35
33 1
6 2
34 3
23 3
21 2
16 3
31 3
14 2
22 3
7 1
26 3
4 1
27 2
18 3
5 3
11 3
35 2
30 3
3 3
24 3
20 3
17 1
2 1
9 2
12 3
10 3
19 3
32 2
1 2
8 3
28 1
25 3
13 3
15 1
29 3
494
107 21
308 5
466 12
5 9
365 1
44 18
390 10
291 17
13 24
456 3
21 16
51 30
174 21
462 2
103 25
358 8
233 21
431 1
259 28
328 16
438 5
179 29
203 30
444 1
413 5
143 29
41 23
334 7
439 4
453 1
429 3
61 12
333 8
452 1
14 5
261 29
62 11
29 30
52 8
406 10
397 7
260 30
299 21
262 27
436 1
395 8
209 20
228 6
335 1
270 22
355 15
213 20
276 9
474 3
65 25
376 15
2 21
412 6
189 9
30 1
437 6
247 30
288 19
361 7
207 28
393 9
238 23
127 15
392 10
219 26
6 27
493 19
90 27
85 23
139 16
362 5
3 14
236 28
396 8
113 25
459 2
463 2
286 13
253 19
454 2
223 30
310 4
146 6
156 18
345 12
471 10
158 25
342 4
251 17
129 13
457 2
428 5
45 28
485 7
283 16
394 9
66 27
108 7
26 8
364 7
336 12
380 7
306 15
424 3
351 10
40 24
243 26
76 19
353 17
375 8
10 20
404 10
425 1
91 30
54 4
134 21
171 17
47 14
162 26
39 24
294 25
446 7
81 30
168 22
109 13
96 17
356 11
59 26
290 18
226 30
440 3
401 7
366 12
337 16
167 24
121 29
407 9
18 25
210 19
135 25
9 15
42 23
367 13
17 13
24 10
473 5
1 28
309 22
114 11
289 21
400 8
461 2
192 25
387 6
264 19
399 9
125 27
479 2
16 11
489 17
117 21
37 13
153 22
317 14
191 26
287 3
381 1
149 27
448 5
116 30
60 23
169 14
199 12
273 18
389 8
181 29
88 29
240 16
166 28
64 7
241 11
303 14
242 22
105 23
258 29
383 11
68 17
416 8
377 14
348 14
275 3
193 15
343 7
278 25
372 11
87 21
83 27
63 8
196 17
106 22
151 29
230 3
248 26
220 6
340 10
101 27
388 10
411 3
374 4
354 16
97 13
201 25
71 16
442 1
475 16
465 8
470 21
435 2
486 14
27 2
483 18
144 28
110 17
302 9
263 26
420 4
451 2
398 6
321 14
384 10
69 27
282 26
414 5
197 27
331 15
28 22
284 21
104 8
77 21
332 14
198 16
403 11
255 18
120 30
293 26
23 19
152 23
70 24
245 28
100 9
147 3
484 22
410 7
131 12
318 9
206 4
164 30
159 24
231 2
467 1
305 23
447 6
176 20
138 17
136 26
34 16
322 13
450 3
298 14
150 30
391 5
58 24
128 29
443 1
126 16
312 4
7 6
124 29
95 18
177 30
460 2
172 17
229 19
102 26
346 11
373 2
211 21
320 17
455 1
212 30
427 6
492 24
256 5
208 27
423 4
272 23
297 15
225 22
235 11
182 29
338 15
426 1
224 29
458 2
314 17
78 30
445 8
140 20
74 5
464 2
190 13
20 17
227 17
200 10
163 25
307 19
434 3
359 13
421 5
491 25
324 9
84 26
341 9
31 19
265 20
56 10
33 14
323 12
271 21
330 15
175 27
53 5
408 8
215 25
49 13
98 11
469 9
478 28
185 16
48 14
173 22
441 2
295 23
252 25
281 27
325 15
487 13
244 25
415 9
112 12
419 6
350 6
405 10
267 20
319 18
122 28
35 14
11 23
92 29
269 26
249 24
205 28
19 4
178 29
221 3
180 29
232 2
214 25
266 8
73 6
111 16
155 29
187 6
148 9
142 30
277 18
257 11
285 15
368 4
386 7
93 20
157 16
79 29
417 7
115 10
123 30
371 6
477 4
494 26
357 10
32 6
204 29
280 17
183 29
184 28
222 15
490 20
480 11
363 5
304 24
360 12
57 17
327 17
449 4
46 15
254 18
349 13
237 24
161 30
186 13
234 20
43 22
67 24
482 23
344 13
50 12
165 29
94 23
274 8
301 20
313 19
369 13
133 19
422 5
382 12
370 12
86 19
36 28
82 28
268 19
433 4
379 12
279 23
188 13
15 26
217 18
4 12
202 8
315 13
326 14
25 3
38 25
80 29
347 10
118 20
12 29
130 30
170 18
141 9
418 7
481 6
145 11
239 22
329 19
476 15
409 8
218 4
296 10
99 10
137 24
378 13
430 2
195 18
216 24
246 27
8 7
154 21
339 11
488 27
292 10
472 29
385 1
89 28
119 14
72 28
160 23
316 18
468 30
402 1
311 22
352 9
432 5
250 18
132 20
75 20
55 15
300 24
22 18
194 14
32
4 2
19 3
23 2
11 3
6 3
21 1
2 1
24 2
12 3
18 2
13 1
10 3
8 3
14 3
5 1
9 1
15 3
32 2
25 3
26 1
30 1
17 3
31 3
1 2
27 3
7 2
16 3
20 3
29 2
3 3
28 3
22 3
797
210 20
265 14
82 27
246 26
351 25
743 4
629 15
236 17
240 18
352 24
637 10
322 3
219 11
503 13
767 6
507 11
777 9
276 13
647 11
193 15
543 1
565 17
759 9
340 21
252 18
559 5
310 8
619 13
682 15
375 7
570 14
144 26
412 20
469 2
190 12
384 16
61 29
301 2
648 12
178 19
114 19
388 1
468 13
290 5
67 30
188 18
655 1
234 14
377 9
689 6
711 12
389 5
625 15
448 10
102 29
610 8
478 19
37 28
280 25
66 29
369 21
699 9
491 16
709 8
228 24
195 17
793 6
121 25
87 30
666 7
229 26
225 16
183 25
161 22
484 4
785 9
392 8
260 10
560 17
292 10
413 21
756 11
313 9
443 20
111 28
113 18
146 28
636 4
96 26
427 12
261 11
118 19
28 30
342 18
192 14
546 13
179 20
90 27
713 14
457 2
527 6
550 19
324 5
317 12
327 8
211 23
715 10
63 22
293 11
395 22
439 16
723 7
364 4
681 6
116 29
213 20
372 10
604 5
399 2
795 6
302 3
174 20
202 15
581 10
490 15
47 23
749 3
410 16
271 10
598 3
187 17
635 14
789 4
617 5
440 14
264 13
770 9
18 27
683 10
437 14
106 26
744 5
556 16
593 16
266 15
464 5
597 11
78 26
43 29
81 26
334 24
553 2
159 24
311 12
580 3
361 1
326 7
732 5
710 11
706 13
567 11
557 3
385 4
445 12
203 16
444 11
214 24
137 30
486 17
456 9
141 23
734 7
726 9
42 28
530 9
286 7
608 5
745 6
237 16
176 22
343 5
613 11
277 14
424 17
474 2
754 10
212 4
119 20
594 8
145 27
402 5
434 10
391 7
150 19
415 18
134 30
672 6
572 16
403 20
153 18
685 14
323 4
48 24
639 9
420 21
742 11
45 27
400 3
256 9
180 21
513 19
346 23
304 5
332 2
438 11
433 12
475 11
769 8
74 29
525 15
784 8
380 17
354 24
552 16
576 6
186 16
329 18
128 20
32 22
21 27
394 21
691 6
783 9
753 7
653 6
115 28
171 13
291 9
318 13
197 11
136 27
199 12
511 18
94 25
533 4
167 23
64 23
151 16
231 13
460 15
337 25
248 17
431 7
406 5
168 26
725 9
17 26
315 15
701 11
582 11
283 18
453 6
36 27
696 12
441 19
589 15
717 1
496 10
139 20
267 16
644 14
621 8
333 3
162 25
254 22
739 8
693 11
618 12
221 3
24 29
638 11
149 18
614 3
92 29
359 1
123 26
586 14
632 15
692 10
59 29
447 9
328 12
189 19
590 5
259 24
56 29
626 3
86 30
781 4
561 18
419 20
517 11
708 7
642 12
714 9
663 10
592 6
679 3
109 28
481 10
514 21
257 5
702 8
207 21
670 4
85 24
232 9
242 21
579 2
198 8
112 20
680 12
143 25
761 11
72 28
10 24
416 19
93 30
729 13
105 25
51 25
83 23
740 9
154 21
516 10
44 26
450 1
668 9
583 12
495 2
569 13
671 5
35 26
633 12
338 20
531 1
55 24
299 8
100 27
269 8
184 14
29 28
244 22
676 7
607 4
373 18
451 2
771 10
53 24
250 9
652 1
103 23
466 7
554 1
249 25
470 3
762 12
370 8
673 7
498 8
595 9
667 8
429 14
349 16
471 21
519 1
499 9
397 18
27 28
57 24
401 4
205 21
379 16
545 9
25 30
611 9
665 6
125 21
79 30
357 22
4 23
760 10
690 14
374 6
678 2
263 12
462 4
320 1
336 16
506 1
650 4
19 23
164 15
216 4
26 30
501 10
497 11
485 16
616 2
428 13
508 7
658 14
674 11
358 20
309 11
360 1
660 7
721 5
465 6
779 9
386 1
273 4
512 20
788 7
76 25
40 30
101 28
596 10
737 12
446 8
294 12
738 3
227 23
251 24
459 14
175 21
223 13
623 6
651 5
421 15
382 20
339 17
654 13
524 14
752 6
425 18
281 20
396 21
297 6
463 1
603 14
724 8
772 4
669 3
204 17
140 28
537 6
698 14
5 23
697 13
201 14
148 17
316 23
408 19
194 16
520 20
58 29
12 27
688 13
578 1
568 17
731 4
430 15
766 5
163 13
23 27
458 10
547 14
600 5
34 29
390 6
239 20
423 5
765 4
278 15
677 1
411 17
363 3
38 28
510 12
797 4
70 25
584 16
80 29
509 8
50 22
407 8
574 13
6 26
353 23
226 22
575 14
656 2
571 15
483 21
298 7
528 7
502 12
289 4
541 12
605 6
776 8
91 28
758 8
489 19
347 14
268 7
551 18
707 14
728 10
476 14
454 7
158 23
782 7
775 7
449 1
152 17
748 9
245 25
238 19
8 26
305 6
345 20
536 5
564 16
622 9
270 9
89 30
414 1
747 8
217 20
3 23
620 7
68 27
763 11
686 11
69 26
288 3
135 29
473 1
73 28
182 24
173 19
122 29
117 23
2 22
295 13
662 9
694 1
381 18
88 24
365 21
104 24
487 18
627 4
110 30
247 16
548 17
132 30
480 9
306 7
49 30
312 8
539 8
719 5
741 10
558 4
60 27
422 16
308 10
209 17
488 4
368 20
220 8
160 21
544 2
130 23
16 26
787 6
235 15
768 7
230 16
755 12
624 10
170 25
253 25
659 6
417 14
355 23
529 8
573 12
172 26
243 16
383 15
645 15
505 15
331 1
700 10
409 12
751 5
156 27
274 5
196 18
649 1
75 30
657 3
22 27
241 19
366 22
13 22
41 27
479 8
786 8
71 28
452 11
126 18
426 7
129 22
84 22
764 3
169 24
191 13
461 3
587 6
792 7
562 14
796 5
432 11
177 18
404 21
720 5
535 3
206 26
7 26
704 10
577 15
314 18
477 18
341 22
142 24
791 6
387 2
344 19
555 3
356 6
398 1
612 10
606 7
348 15
609 6
272 11
30 28
467 8
393 22
526 5
735 12
325 6
62 21
303 4
218 10
282 17
20 24
52 23
534 2
255 23
493 8
521 16
494 17
33 23
718 2
95 25
362 2
730 3
630 13
628 16
157 22
262 4
436 13
200 13
492 7
482 20
549 18
601 12
39 29
684 11
566 18
54 29
99 19
705 12
455 8
599 4
335 4
780 8
746 7
646 10
77 19
727 9
31 21
643 13
500 2
563 15
538 7
9 23
285 6
634 13
790 5
300 9
296 22
585 13
371 9
147 20
794 5
378 19
687 12
208 22
515 9
376 8
131 28
15 25
733 6
65 19
258 20
540 9
275 12
108 27
185 15
640 7
664 5
307 8
279 17
287 8
435 11
750 4
124 28
107 22
405 14
321 2
46 30
215 25
722 6
631 14
661 8
319 11
472 10
757 12
165 16
97 22
778 10
166 17
615 4
224 21
736 11
774 6
675 1
98 23
222 12
155 20
504 14
120 24
523 13
542 11
138 29
522 3
712 13
695 2
350 24
591 3
284 21
233 13
716 11
1 22
641 15
330 19
588 5
133 23
773 5
14 27
181 23
367 19
602 13
418 2
11 27
703 9
442 17
127 19
518 4
532 10
30
12 28
27 29
2 30
28 30
8 28
25 28
15 28
21 29
20 28
5 29
24 29
4 29
11 30
30 29
13 28
29 28
22 30
16 30
17 28
6 28
7 28
1 29
18 29
23 28
26 28
10 28
14 28
3 30
19 30
9 28
90
209 1
80 2
256 1
92 3
216 3
161 3
72 2
29 3
44 1
212 3
159 3
241 2
94 1
109 1
102 1
204 1
226 3
91 1
17 1
254 3
70 2
116 2
18 3
224 3
225 2
186 2
124 3
46 3
52 1
55 1
84 3
202 2
12 3
147 3
185 3
237 1
59 2
163 2
60 2
261 1
174 2
280 2
234 3
135 2
255 1
37 1
118 1
162 1
150 2
126 1
164 1
107 2
48 3
79 2
65 2
215 3
257 3
171 2
276 2
211 2
239 1
286 2
169 1
238 2
40 3
271 1
20 2
252 2
266 3
23 1
114 3
14 1
136 1
26 2
128 2
160 2
199 3
50 2
270 2
138 3
123 1
188 3
35 3
206 1
86 3
292 1
279 3
131 3
170 1
54 1
37
30 28
33 28
35 30
5 28
7 29
12 28
10 29
18 28
20 28
6 28
13 28
9 28
34 29
22 28
27 29
17 30
23 28
26 28
19 29
16 28
32 28
37 29
15 30
28 30
3 28
31 30
8 28
11 28
2 30
14 30
21 28
36 28
1 29
29 28
25 28
4 29
24 28
719
623 12
564 24
88 2
123 9
426 30
11 4
157 5
340 20
710 17
566 15
674 14
718 19
87 3
608 22
324 17
580 20
437 18
30 1
299 20
112 5
536 26
106 4
301 22
490 20
303 25
353 9
258 18
174 16
508 22
409 9
501 26
510 20
671 18
90 5
327 19
64 11
616 27
265 15
162 11
232 13
546 23
257 10
694 17
629 30
377 21
59 1
180 8
91 4
712 20
345 26
698 16
613 10
3 11
175 15
81 13
201 5
462 9
67 3
543 26
239 17
479 7
37 1
212 18
57 3
337 10
60 14
477 18
601 20
335 7
310 21
387 25
422 7
494 7
686 23
169 7
401 23
533 20
667 21
179 11
585 26
187 14
447 26
475 12
54 8
355 20
260 9
391 27
350 14
218 23
590 25
406 28
663 14
415 27
154 14
514 29
597 30
423 11
449 20
269 11
240 6
245 15
562 26
53 9
95 1
382 19
400 26
25 9
128 6
320 25
398 24
436 30
50 3
148 8
360 8
660 18
305 18
291 12
114 8
526 27
645 11
227 11
702 17
195 18
68 5
19 2
405 21
673 15
471 30
440 12
612 11
29 2
47 3
474 13
221 7
27 12
89 11
6 6
215 12
93 2
270 7
598 29
659 22
622 13
205 12
495 12
403 21
94 2
126 7
152 10
638 10
656 28
306 17
333 13
207 6
325 16
62 3
708 17
491 14
237 8
653 21
341 28
615 28
66 9
244 5
484 24
61 4
384 17
689 16
561 28
275 6
626 21
619 24
271 6
701 18
136 8
545 24
72 10
329 22
262 8
531 21
321 24
486 28
568 20
683 15
528 16
700 16
500 10
200 16
313 23
567 14
492 13
158 4
465 8
381 28
238 18
489 15
556 29
679 15
178 12
147 12
675 21
183 16
518 29
349 15
332 18
76 8
651 23
70 12
369 27
274 21
32 2
233 12
317 18
627 9
687 18
248 24
469 26
204 23
411 7
649 20
427 29
617 14
373 24
511 15
452 19
487 22
184 4
548 26
577 23
23 13
43 1
641 24
272 5
118 6
120 5
688 17
456 26
521 11
230 8
496 30
459 30
713 19
69 13
365 14
552 24
255 24
228 10
9 4
41 4
644 10
499 11
569 30
71 11
105 9
363 16
571 19
117 2
392 21
647 11
309 22
402 22
101 3
605 27
99 12
358 12
312 24
473 28
252 23
45 1
540 7
28 11
343 26
39 2
229 9
429 8
282 19
506 16
395 20
177 13
378 12
376 13
75 9
285 19
433 20
633 10
434 19
63 12
522 19
685 19
478 10
453 10
614 29
223 23
681 17
171 11
397 30
386 26
247 17
407 17
672 16
144 4
370 26
156 7
388 30
277 7
542 26
485 23
519 28
470 14
330 21
150 7
210 13
464 25
208 10
224 22
65 10
20 1
168 8
170 6
654 30
129 5
290 13
217 24
706 17
576 27
261 14
676 15
696 19
22 5
539 10
300 23
507 26
642 12
58 2
279 14
331 19
640 10
719 20
235 10
588 9
586 15
133 5
604 24
680 18
135 4
206 10
34 5
451 27
97 2
79 2
55 6
662 13
419 30
110 1
498 18
599 20
634 19
563 25
132 4
159 6
625 22
130 4
36 11
203 7
517 8
115 10
127 9
49 4
643 11
658 23
537 18
600 16
551 21
438 13
669 20
412 10
692 19
322 17
342 27
263 13
364 15
593 25
439 30
583 27
85 1
610 19
677 21
520 12
418 9
579 21
357 13
527 17
151 6
441 23
283 19
538 30
186 15
209 14
516 13
394 16
565 17
431 16
121 4
146 13
559 30
103 5
38 1
173 9
102 1
655 29
432 7
323 14
455 27
222 6
149 16
14 2
390 28
652 22
582 16
51 7
380 29
446 27
628 11
375 9
214 13
326 20
454 19
389 29
448 21
661 17
216 22
185 7
348 17
86 4
314 22
602 29
414 30
140 4
294 10
393 19
549 25
424 23
635 9
458 24
286 19
592 17
190 18
281 24
266 24
352 15
493 8
714 18
278 15
525 29
547 27
307 16
682 16
231 7
10 1
648 28
488 16
461 27
620 24
450 28
211 17
191 17
530 22
107 3
84 2
165 12
468 15
284 19
276 19
202 8
572 13
570 29
138 5
338 18
704 19
524 28
273 15
254 25
292 6
532 27
259 17
189 12
606 24
631 29
141 6
463 26
113 9
243 6
716 19
368 24
145 9
553 23
591 18
650 12
242 7
630 29
361 7
302 26
709 18
264 16
318 27
351 16
344 16
347 28
596 26
416 12
523 18
287 18
196 17
253 12
374 10
529 23
2 11
219 9
695 20
466 16
7 4
589 10
92 8
639 11
246 14
18 9
249 16
611 9
383 7
339 21
241 5
17 10
385 27
554 22
80 4
225 5
703 16
78 14
472 29
408 15
425 10
665 29
356 14
143 13
124 8
483 28
550 22
515 14
442 22
607 23
176 14
594 23
690 15
684 22
155 8
119 6
497 19
194 19
480 24
160 5
354 15
181 7
26 8
125 10
21 1
717 18
715 20
108 3
481 9
670 19
541 26
544 25
557 28
213 5
13 2
220 8
399 27
560 29
164 13
534 19
678 16
122 3
77 15
504 17
362 6
668 20
396 25
420 8
297 16
188 13
73 3
707 16
581 29
603 19
295 25
443 25
573 8
578 8
1 14
82 3
35 1
199 6
44 3
153 9
8 2
404 18
139 7
315 21
575 9
12 3
336 6
234 11
367 25
167 9
137 6
280 25
503 30
632 28
304 19
346 29
289 17
587 29
46 3
161 12
711 18
296 24
251 13
16 8
705 18
428 9
40 5
430 20
268 12
316 19
505 30
83 3
134 8
24 2
435 27
421 25
535 27
267 23
666 22
334 8
618 22
699 15
172 10
417 29
311 20
104 4
697 18
116 9
366 26
109 2
359 11
621 23
693 18
609 12
5 6
636 30
166 10
558 27
595 28
100 4
4 9
509 21
319 26
182 17
131 3
163 14
293 25
379 30
308 22
691 20
512 26
445 27
328 23
142 5
192 16
42 3
111 14
96 1
372 23
574 10
52 10
646 12
298 15
482 17
193 15
467 25
288 26
457 25
584 27
502 9
460 28
513 25
371 25
555 30
476 11
250 15
664 30
637 29
56 14
48 2
624 23
236 9
98 13
657 15
226 12
444 11
410 8
198 14
33 1
197 16
15 13
413 22
74 10
256 11
31 1
33
18 1
25 2
26 3
3 1
9 3
7 1
6 2
24 3
28 3
2 1
4 3
32 3
8 3
5 3
12 3
14 2
13 2
11 1
30 2
29 3
10 1
21 3
1 2
27 3
15 3
20 3
22 3
16 3
23 3
19 3
17 2
33 2
31 1
90
138 30
258 30
217 29
260 30
48 30
233 29
271 28
8 29
251 29
131 29
124 28
275 28
91 30
272 29
165 29
80 30
204 29
149 28
43 29
280 28
109 28
284 28
155 28
153 29
26 28
64 28
201 30
96 28
296 30
136 28
232 29
145 28
78 30
241 30
30 29
294 29
122 30
181 30
21 29
186 29
134 29
108 30
276 30
191 30
39 30
285 30
148 29
22 30
157 30
82 28
283 29
225 30
25 29
18 29
89 29
213 28
66 28
156 30
60 29
87 29
282 29
187 29
210 28
47 29
23 28
85 30
199 28
177 28
164 29
292 29
216 30
101 29
214 28
53 30
268 28
227 30
158 28
17 28
291 28
300 28
67 28
56 30
162 30
119 28
104 30
189 29
140 30
54 28
90 28
29 30
30
10 28
1 29
20 28
30 29
6 28
17 29
21 28
3 30
22 29
5 28
7 30
15 30
16 28
19 28
29 28
26 28
18 28
24 28
12 29
4 30
13 30
25 28
9 28
28 30
8 29
2 30
14 28
27 29
23 28
11 29
35
10 29
4 29
2 30
1 29
22 28
35 29
25 28
6 28
31 28
18 28
30 28
14 28
8 28
34 28
33 30
24 28
13 28
29 30
20 30
9 28
3 28
17 30
12 28
19 28
27 29
32 29
21 28
5 30
7 29
15 29
23 28
16 30
28 28
26 28
11 28
90
124 28
19 29
240 29
46 28
245 28
39 28
220 28
168 28
249 28
157 28
49 29
96 28
233 30
141 30
68 30
280 30
215 28
179 28
183 29
125 30
264 29
45 30
258 30
95 28
71 29
91 28
194 30
29 28
163 28
138 29
247 28
31 30
57 29
250 30
88 30
279 28
34 28
263 28
23 29
134 30
137 29
197 28
70 30
131 30
228 28
186 29
267 30
149 29
63 29
41 28
8 29
100 30
299 30
60 29
292 28
128 28
86 30
271 30
282 29
202 29
225 29
139 28
120 30
115 29
160 30
30 30
2 29
223 29
278 30
181 29
92 30
17 28
140 29
239 29
238 30
62 30
274 28
142 29
253 30
1 29
182 28
300 29
122 28
268 29
151 30
16 28
147 30
295 29
154 29
107 30
30
15 3
26 3
18 3
1 2
10 2
6 3
29 3
30 2
7 3
3 1
22 3
14 3
19 3
2 1
28 1
24 2
25 3
12 3
5 2
27 2
16 3
9 3
17 2
20 1
21 3
11 1
23 3
4 2
13 1
8 1
11
20 1
824 24
619 3
941 18
958 29
600 22
249 5
457 11
756 26
179 8
110 15
30
20 2
27 2
5 1
4 1
30 2
9 3
11 3
25 3
6 2
8 3
24 3
13 3
10 1
23 3
22 3
14 3
2 1
21 3
16 3
3 1
17 1
28 1
18 3
15 2
1 2
7 2
26 3
12 2
29 3
19 3
35
22 28
4 29
24 28
20 28
29 28
31 28
12 29
23 28
14 30
33 30
30 30
17 28
8 30
1 29
7 29
15 28
19 29
13 28
35 29
3 28
26 28
6 28
5 28
21 28
10 28
18 28
25 28
9 28
32 29
2 30
28 30
16 30
27 29
34 28
11 28
10
818 21
66 19
794 13
140 7
513 25
174 9
804 4
436 17
453 29
528 1
35
22 28
20 30
16 28
29 28
1 29
25 28
34 28
23 28
4 29
35 29
12 28
14 30
30 28
24 30
6 28
18 28
19 28
11 30
8 28
17 28
33 30
3 28
27 28
21 29
7 29
2 30
31 29
5 28
9 28
13 28
15 30
10 29
32 29
28 28
26 28
35
30 3
4 2
11 3
16 3
14 3
22 3
7 2
2 1
23 2
1 2
35 2
27 3
10 3
24 3
21 3
28 3
31 3
32 2
9 3
15 3
25 3
26 3
3 3
34 3
6 1
8 3
19 1
12 3
17 3
18 1
20 2
13 1
29 2
33 1
5 1
10
230 7
651 24
601 29
489 2
80 18
120 26
401 5
579 20
268 14
19 10
35
24 3
21 3
14 3
8 3
16 3
15 3
9 2
32 2
17 2
6 2
11 3
29 3
20 3
30 3
1 2
12 2
3 3
26 3
13 1
35 2
33 1
34 3
27 1
19 1
5 3
18 1
2 1
31 3
7 3
22 3
4 3
28 3
23 3
10 1
25 2
690
194 14
297 19
482 11
129 15
209 26
290 13
671 3
284 13
356 5
71 25
350 9
377 26
82 27
626 11
432 10
68 24
619 14
91 16
301 30
172 30
672 4
474 8
106 15
448 3
299 4
345 12
115 20
52 26
89 26
262 11
421 18
298 26
563 9
490 9
404 10
238 17
41 26
456 21
477 6
304 17
412 14
594 13
257 26
658 10
10 29
289 12
573 16
403 26
582 5
374 12
510 17
206 28
103 28
73 20
382 18
287 17
562 17
485 12
252 18
29 26
79 26
109 22
117 8
317 28
248 26
446 1
511 20
552 18
611 6
303 29
656 1
181 21
88 25
659 8
326 21
595 14
359 2
22 29
274 11
420 24
354 13
386 4
105 14
16 27
524 17
599 6
478 3
366 2
606 4
479 9
378 27
214 11
61 28
8 27
689 1
108 21
436 12
272 9
313 2
625 2
475 4
636 8
550 3
383 21
376 22
669 9
453 1
585 8
266 18
504 26
158 10
677 1
76 13
668 10
195 23
166 23
620 13
667 1
328 7
81 24
676 3
327 22
132 16
652 5
296 18
251 22
483 12
415 10
539 12
131 16
233 23
78 15
575 16
530 3
280 29
540 13
329 8
601 8
300 5
604 2
416 11
70 24
577 1
2 20
447 2
310 4
451 6
48 19
516 21
53 21
630 2
56 22
50 29
627 7
5 27
205 23
650 10
336 5
481 11
32 28
148 11
500 8
283 16
441 6
77 14
629 5
592 3
26 23
438 19
371 21
293 10
281 14
342 12
54 21
414 27
600 7
179 8
142 25
364 6
591 10
7 27
256 25
642 12
379 12
357 14
422 8
433 11
419 21
346 13
167 21
176 27
268 5
322 4
216 13
93 6
208 29
241 16
633 5
219 11
20 30
271 21
467 2
663 9
102 13
390 16
546 19
487 21
156 10
165 25
222 22
431 9
138 30
360 7
118 7
385 24
560 15
220 8
515 18
306 7
285 14
44 28
120 30
198 13
244 22
587 3
245 14
578 10
654 2
46 29
375 19
113 18
334 19
318 25
229 24
224 25
80 23
4 24
491 15
428 14
617 14
402 18
572 8
391 3
90 15
439 19
622 13
250 14
323 20
246 9
417 12
532 5
381 20
314 10
496 13
127 30
488 14
104 13
610 3
9 27
523 3
440 5
294 11
614 11
239 18
161 14
407 11
519 15
558 1
163 16
497 3
561 16
182 15
616 13
45 27
3 24
535 10
401 20
192 19
570 15
154 7
513 7
396 2
292 25
243 19
400 19
110 23
13 29
264 8
609 2
153 9
348 15
305 6
87 28
503 16
55 21
223 30
405 11
362 17
365 19
84 11
275 6
286 16
17 24
649 6
406 5
295 12
576 9
471 16
387 2
355 4
215 12
565 11
528 7
646 9
368 8
556 17
212 8
514 8
458 14
136 28
635 1
388 3
536 13
580 3
15 26
34 28
680 5
679 2
429 25
92 29
49 20
553 6
450 5
134 10
645 8
324 20
43 28
522 16
155 10
1 20
413 15
288 18
164 29
221 12
472 4
660 9
261 10
612 7
457 25
126 28
596 3
146 23
128 14
341 24
121 15
95 22
529 12
571 7
361 18
30 15
101 12
42 27
392 4
145 26
598 5
628 4
210 27
618 15
607 5
688 3
72 16
442 7
399 10
495 12
319 11
644 1
75 21
389 15
141 29
312 6
517 20
340 27
569 1
605 3
648 11
149 23
597 4
309 3
330 9
521 5
537 14
184 16
631 1
278 9
57 22
59 26
506 24
507 18
520 4
411 13
315 11
24 30
335 20
666 9
226 18
14 30
683 1
159 10
398 9
124 30
531 4
583 6
369 9
454 2
151 7
603 1
559 17
418 20
62 21
423 9
207 28
543 16
64 22
203 15
508 19
526 5
579 11
608 1
204 16
116 21
470 15
213 21
634 13
202 14
139 23
140 28
254 25
588 1
253 21
174 23
455 20
394 25
237 21
567 13
135 11
36 26
493 5
325 18
615 12
690 2
320 12
542 15
25 25
581 4
249 15
98 24
86 30
547 17
460 15
247 15
445 10
133 17
235 19
122 16
545 18
170 17
114 19
236 20
37 30
125 30
175 25
255 28
191 22
624 1
186 22
316 18
639 11
65 22
466 1
51 30
311 5
197 22
509 10
100 17
173 21
185 17
11 30
147 26
449 4
518 19
193 21
333 2
384 22
353 12
69 29
12 28
85 28
107 6
160 11
465 17
544 6
551 19
424 19
171 18
462 3
473 20
527 6
494 11
437 24
502 4
538 11
307 8
621 14
678 4
308 9
234 8
38 29
674 1
211 7
331 27
201 7
178 7
232 22
686 1
665 8
637 9
344 3
681 4
74 18
351 10
590 1
489 6
651 11
269 20
58 23
434 3
349 16
469 19
682 3
541 8
468 18
655 10
512 4
367 25
123 17
425 9
641 13
33 13
27 24
664 10
231 19
260 24
613 15
673 5
593 12
144 14
647 12
670 8
97 20
111 30
408 6
653 1
265 12
589 9
574 17
217 14
492 10
66 23
427 13
347 14
227 19
661 10
555 14
96 23
47 15
464 16
534 9
380 19
675 2
60 27
67 11
459 15
270 20
410 12
21 30
498 4
548 18
557 18
452 7
602 9
230 22
112 17
183 14
484 12
225 6
190 29
99 27
35 25
31 27
332 1
282 15
687 2
337 6
632 12
358 1
218 10
276 7
199 20
586 2
291 23
196 24
302 24
435 4
480 17
486 13
426 25
443 8
242 17
533 6
638 10
19 29
372 4
188 5
564 10
200 13
157 10
279 25
566 12
119 22
476 5
40 23
549 2
321 3
240 15
143 11
397 8
640 12
393 17
352 11
162 15
623 10
395 7
168 7
277 8
370 10
18 28
169 16
150 27
343 17
6 27
130 13
505 25
187 29
568 14
501 9
152 25
263 7
662 8
499 14
554 3
409 7
94 21
177 28
180 25
338 7
463 4
339 26
657 9
525 11
258 29
684 2
39 22
444 9
643 11
63 20
430 26
259 23
228 13
83 28
584 7
461 16
189 6
137 22
363 5
28 21
685 3
23 29
373 11
267 19
273 10
523
91 2
393 23
278 6
304 16
440 27
43 7
16 4
222 8
387 17
333 20
83 12
126 10
115 18
370 14
13 18
377 28
326 9
415 21
458 28
496 9
184 24
189 15
120 2
215 15
107 22
206 1
151 1
444 23
202 10
442 26
255 7
366 17
495 1
272 7
408 22
513 22
70 8
219 6
204 5
319 21
233 4
477 28
331 23
491 29
252 2
448 25
65 4
435 24
500 26
315 14
328 16
355 15
514 27
44 5
227 21
210 12
407 27
128 12
478 29
256 9
135 1
134 19
243 18
192 19
179 17
193 13
297 17
399 24
88 5
282 13
198 9
208 10
400 20
376 15
112 4
79 24
155 17
119 1
152 4
147 1
373 14
378 19
481 30
108 2
298 18
260 21
465 27
163 9
311 11
59 14
220 17
103 9
25 27
332 24
75 18
451 25
29 1
485 30
77 19
188 14
187 22
518 24
268 8
330 23
241 16
422 25
117 8
284 14
307 17
73 17
54 14
180 17
86 3
142 10
461 28
353 13
314 28
232 4
264 13
40 12
216 16
49 2
183 3
5 23
231 1
23 13
172 4
24 24
476 30
410 19
327 10
313 24
85 2
150 6
177 9
271 4
318 17
123 6
329 22
224 6
445 24
294 4
394 16
474 29
250 15
80 19
401 21
93 8
57 22
209 3
316 15
317 16
32 17
279 7
164 24
441 27
308 18
374 15
334 22
309 8
361 15
237 9
137 3
1 10
211 20
175 13
470 28
371 27
236 29
6 19
368 12
78 23
265 14
493 29
494 30
455 28
457 30
367 23
8 22
169 27
267 15
375 18
50 8
452 25
218 3
139 7
121 7
300 8
460 27
226 11
385 17
482 30
383 15
341 26
436 25
473 28
484 30
2 20
483 30
434 23
397 19
170 20
136 2
230 3
160 8
221 18
424 21
203 4
42 13
95 30
295 5
12 12
166 1
27 25
63 2
181 18
116 7
390 20
7 29
253 16
427 23
416 22
245 11
247 2
412 24
426 22
340 16
171 3
506 4
28 7
292 12
246 12
129 21
178 25
242 17
402 25
159 7
429 29
223 9
293 3
61 8
96 5
522 10
421 24
413 24
498 5
288 11
263 12
277 5
168 27
31 29
456 25
26 5
102 8
45 1
174 12
37 22
144 1
369 13
199 15
186 21
100 7
505 19
106 21
51 9
466 28
22 11
396 18
109 3
248 13
56 11
475 29
55 15
114 13
269 9
225 19
194 6
306 13
463 25
46 5
431 24
82 11
21 21
281 12
133 18
296 14
420 22
195 7
141 9
105 18
127 11
447 28
520 13
276 9
254 25
48 2
259 11
411 20
350 10
229 9
99 2
345 13
508 20
359 13
280 10
352 12
76 8
325 11
414 20
301 19
20 2
182 2
312 23
185 18
87 4
251 7
405 22
384 16
207 8
285 16
471 30
275 8
449 30
501 18
60 7
487 29
4 17
197 14
15 28
437 26
357 17
519 8
523 2
372 17
90 1
240 3
287 10
454 26
200 9
310 19
214 14
249 14
479 29
176 14
35 21
507 11
344 12
244 27
52 14
517 7
30 30
138 6
145 4
419 23
84 1
257 5
89 26
11 14
158 12
258 10
146 5
143 3
509 12
504 16
347 15
321 13
360 14
363 20
173 25
453 26
111 23
391 21
283 10
464 26
14 15
337 11
365 16
66 5
3 6
41 12
140 8
290 13
71 16
62 16
336 10
511 6
154 20
10 9
417 23
64 3
162 6
515 14
430 27
489 28
380 17
302 12
358 19
472 30
362 16
469 29
205 7
9 16
499 28
468 27
234 5
349 18
39 11
118 6
17 26
392 23
124 23
438 30
291 13
217 13
516 3
122 5
459 27
512 15
191 26
492 29
98 1
521 23
351 11
428 21
335 18
125 20
406 26
262 22
270 6
74 13
81 15
274 11
69 7
18 3
409 21
322 14
439 26
149 3
323 15
425 22
130 2
354 21
386 23
92 3
201 4
67 6
94 9
196 5
161 5
19 8
388 18
403 25
382 14
38 1
432 22
486 30
165 2
113 12
238 14
395 17
497 17
261 17
228 28
462 29
450 30
467 28
364 27
47 6
320 12
239 15
433 23
97 6
446 25
443 22
153 11
213 14
289 12
33 5
235 3
339 19
157 12
72 14
286 16
53 26
346 14
167 6
299 15
488 30
389 19
343 11
324 10
342 19
132 4
36 1
212 13
348 20
398 20
266 2
34 13
381 18
418 29
305 12
58 15
101 8
503 21
379 16
68 7
356 16
110 4
490 29
404 21
190 16
502 25
148 2
131 3
510 29
273 10
156 11
104 10
423 21
480 29
338 16
303 20
30
16 1
1 2
24 2
19 3
10 3
4 1
6 3
5 3
18 2
26 3
8 2
11 3
30 2
15 3
12 3
3 1
14 3
9 1
17 3
2 1
27 2
21 2
22 3
20 3
7 3
29 3
13 2
25 1
28 1
23 3
30
2 1
15 2
4 1
28 1
19 1
20 3
10 2
24 2
29 3
8 3
11 3
22 3
16 3
23 2
12 1
6 3
7 3
30 2
13 1
26 3
17 3
1 2
21 3
3 1
9 3
27 2
25 3
18 2
5 3
14 3
33
9 28
13 29
10 29
14 28
33 29
28 28
5 29
22 28
2 30
3 30
4 29
23 29
26 28
21 28
6 30
18 28
11 28
25 28
31 30
19 28
29 30
1 29
17 30
7 30
12 28
15 28
27 28
24 28
30 29
8 28
16 28
32 28
20 28
90
201 14
88 3
91 19
287 1
41 22
288 17
86 29
111 5
158 2
282 18
65 13
7 11
182 9
264 12
273 6
13 26
150 26
196 19
195 11
292 23
184 6
115 21
277 28
272 25
32 30
98 12
130 4
76 15
27 27
170 22
290 29
289 26
87 24
295 22
178 25
57 1
172 23
140 1
59 4
4 20
15 21
11 23
84 14
10 9
276 16
143 14
192 18
212 5
104 16
73 18
234 21
242 27
249 9
217 7
229 4
297 3
72 6
33 5
203 20
20 17
8 8
145 20
29 2
46 7
117 7
299 15
296 24
133 28
121 24
107 8
224 30
248 11
180 12
254 19
44 25
141 29
174 30
183 15
171 17
2 16
122 3
148 13
269 2
100 28
266 8
240 13
54 10
153 10
236 10
197 27
90
267 29
79 29
121 29
146 29
44 29
107 30
272 30
77 30
254 28
46 30
245 28
134 29
158 30
259 28
183 28
70 30
226 28
237 28
212 29
144 30
282 30
189 28
85 30
124 28
260 29
83 28
209 30
182 28
161 30
6 29
200 28
174 28
26 28
109 28
256 29
135 28
115 28
180 29
132 30
285 29
268 29
28 28
88 28
253 30
193 30
205 28
52 30
64 30
197 29
108 29
276 29
251 30
19 29
131 30
249 28
15 30
275 29
118 29
273 30
65 29
242 29
203 30
295 29
90 29
75 29
291 30
23 28
11 28
61 30
82 30
149 29
32 30
56 28
292 28
167 29
50 28
188 28
218 30
176 30
48 29
204 28
286 28
39 29
261 30
166 30
128 30
33 28
22 28
119 29
54 29
35
6 28
9 28
5 28
16 28
3 28
8 28
1 29
14 28
28 28
12 29
29 28
17 29
13 28
27 28
26 28
34 28
19 28
7 29
18 28
21 28
23 30
20 30
4 29
10 30
35 29
11 28
31 29
15 28
2 30
32 29
24 30
33 30
25 28
30 28
22 30
30
19 29
18 29
9 29
1 29
8 28
21 28
7 28
24 29
6 29
25 28
17 28
12 28
27 29
22 28
3 30
13 30
2 30
20 28
11 28
26 28
4 30
28 30
14 28
5 28
16 30
29 28
15 30
30 29
10 28
23 28
90
242 28
92 29
38 30
248 29
154 28
215 30
118 28
4 28
32 28
244 29
106 29
134 28
51 29
105 28
300 30
159 28
235 30
178 30
221 28
214 30
260 28
184 30
131 30
176 29
241 30
71 30
210 30
52 30
170 30
187 30
115 29
230 28
177 29
201 28
171 28
84 29
5 30
114 29
252 30
253 28
139 29
280 29
299 29
23 29
29 29
282 28
7 28
33 28
68 28
161 28
18 29
211 29
74 30
257 29
207 30
297 30
63 29
217 28
271 28
119 29
292 29
197 28
48 28
196 28
49 28
265 30
194 29
127 30
148 29
62 28
82 30
111 28
77 28
130 30
212 29
64 30
36 30
31 29
163 30
20 29
246 29
8 30
123 30
93 29
255 29
101 29
44 30
43 28
209 28
164 30
33
11 28
14 28
2 30
4 29
8 29
31 30
21 28
10 28
28 28
18 28
1 29
6 28
27 28
33 29
7 28
17 28
26 30
12 28
19 29
29 28
30 29
22 30
25 28
15 28
20 30
32 28
23 30
3 28
24 28
9 30
13 29
5 29
16 28
505
504 7
139 10
195 10
60 11
82 7
140 11
26 23
70 6
404 30
105 8
5 19
352 13
74 5
92 22
416 23
253 1
137 9
255 8
170 8
499 24
101 5
472 26
397 20
501 22
141 3
474 28
316 13
383 17
198 22
402 24
174 20
455 29
431 26
459 30
399 24
332 24
492 29
406 21
95 1
460 30
223 7
201 26
412 26
340 21
467 21
224 8
87 20
232 6
243 5
62 2
149 14
453 30
214 1
482 15
64 21
187 23
411 27
148 12
234 3
364 24
424 27
362 21
169 7
448 25
336 13
468 22
286 3
45 18
456 29
274 25
246 21
186 4
53 3
446 23
179 5
188 24
483 6
296 24
355 19
18 24
423 27
185 14
342 11
464 18
51 6
396 27
134 22
6 14
38 12
11 22
235 3
12 4
28 16
126 5
113 6
333 20
86 4
118 11
251 7
284 17
490 4
263 8
279 4
205 7
375 28
353 13
491 23
104 4
339 25
330 22
324 11
486 5
194 21
184 7
247 17
193 18
272 17
46 13
493 28
161 8
39 1
189 11
120 18
108 13
299 11
485 19
444 29
389 22
277 6
414 25
291 28
211 19
119 6
252 7
376 22
94 12
248 8
356 20
25 27
500 8
334 21
22 29
361 29
199 23
72 3
79 14
470 24
244 12
439 25
249 5
112 5
498 21
259 1
269 23
42 1
449 26
407 22
315 12
88 21
301 27
65 22
367 19
294 10
451 28
63 3
37 1
378 18
413 26
480 20
494 11
379 19
437 30
293 5
91 18
165 4
473 27
323 10
280 5
497 25
479 1
103 3
157 22
207 9
505 3
400 25
359 20
495 27
58 18
390 29
452 29
314 10
268 15
10 18
258 8
374 21
200 7
270 10
283 28
76 17
52 2
89 21
297 26
136 18
326 14
210 12
408 23
481 16
1 5
48 25
264 4
302 24
138 13
387 19
178 4
298 20
487 17
110 23
204 18
55 14
155 17
289 17
102 2
168 6
257 2
218 8
114 20
496 14
380 28
240 1
327 11
117 10
29 1
360 27
304 25
8 13
261 14
350 16
109 14
417 25
409 30
171 15
67 27
145 1
222 11
429 27
164 4
313 10
123 7
160 1
432 27
156 25
366 15
220 9
265 1
354 14
9 21
372 20
225 6
216 3
219 8
317 15
329 13
167 5
239 4
175 13
440 26
128 7
254 2
23 20
278 26
287 4
266 2
450 27
393 20
391 23
57 4
392 23
50 5
206 8
150 8
212 6
363 22
177 3
4 6
43 2
30 30
176 2
365 25
401 23
166 2
192 20
421 29
403 26
99 3
377 18
282 29
295 29
40 2
281 16
20 26
357 26
73 4
159 7
213 7
191 13
19 9
466 20
106 1
153 19
14 7
54 13
288 13
228 6
142 4
465 19
426 25
292 4
271 21
370 23
341 10
13 3
125 9
131 3
475 29
306 7
182 3
180 1
418 30
386 21
115 8
273 22
415 28
147 3
84 2
17 25
430 28
36 17
96 2
267 5
172 12
441 27
290 18
395 24
256 25
66 5
422 29
143 5
107 4
24 17
196 11
347 15
75 28
503 18
307 16
320 21
241 2
477 10
208 5
226 9
447 24
49 4
325 13
349 16
83 1
146 2
116 9
231 5
471 25
41 3
78 16
158 6
351 17
151 9
154 25
181 2
121 21
27 2
285 2
438 30
476 12
227 6
127 6
16 11
152 10
445 30
242 1
318 17
236 3
405 20
398 28
454 30
129 10
85 3
488 26
203 10
68 19
77 1
457 29
373 26
382 20
463 30
331 23
433 29
61 1
31 12
33 1
343 25
47 11
34 20
190 12
358 15
69 5
458 29
81 18
427 26
369 22
410 27
276 5
310 14
124 8
420 28
308 17
221 10
122 14
381 24
197 12
346 15
489 2
275 16
425 28
173 16
3 12
15 15
97 3
44 4
71 7
502 13
80 15
348 16
328 12
233 8
215 2
442 28
394 26
443 30
162 9
245 20
2 8
305 11
144 6
93 29
435 28
385 19
133 15
345 14
335 19
59 14
368 20
461 30
56 20
388 21
135 16
484 9
478 30
312 9
338 26
132 9
384 18
32 27
98 7
262 10
250 6
462 30
428 27
238 3
7 10
111 1
371 24
229 7
209 16
436 29
100 4
237 3
319 9
322 9
202 9
217 13
434 30
90 9
344 16
303 13
321 15
183 6
260 17
337 14
469 23
130 8
419 25
309 13
35 16
230 3
300 21
311 11
21 28
163 12
5
1 30
3 30
5 30
2 30
4 30
90
287 1
231 16
212 23
45 28
137 6
13 20
286 29
221 5
145 30
237 3
243 22
200 19
98 14
159 5
146 9
155 15
16 5
100 23
168 2
150 4
97 19
24 2
82 9
92 16
12 30
251 11
236 20
296 19
259 28
175 26
55 15
149 8
49 10
4 4
285 6
37 8
299 8
157 13
202 13
181 23
115 20
89 7
196 25
295 27
189 14
96 22
165 10
9 3
46 24
209 7
112 17
163 3
260 24
192 24
91 17
249 14
40 12
220 4
229 18
265 21
206 15
223 25
177 21
22 6
8 1
289 2
147 12
178 27
127 11
290 30
164 28
41 25
256 17
60 11
32 27
121 22
138 1
154 29
35 13
70 21
266 9
208 12
39 26
14 18
272 26
48 29
188 7
198 18
239 10
113 16
90
61 28
41 28
123 29
64 28
102 30
135 28
15 29
42 29
265 28
271 30
267 28
297 29
292 28
5 30
55 30
26 28
248 30
139 29
274 30
190 28
79 29
17 29
53 29
14 29
224 30
47 30
240 29
235 29
232 28
98 30
18 30
268 28
254 28
115 29
204 28
59 28
143 29
253 30
142 29
291 29
293 30
19 29
96 30
280 29
159 28
158 29
153 28
157 29
92 28
49 29
33 30
279 30
67 29
169 28
264 28
11 30
113 28
140 30
7 29
167 30
227 30
32 28
62 28
118 28
258 29
39 28
191 30
150 28
127 30
299 28
69 28
137 30
270 29
111 28
116 30
233 30
3 30
25 30
109 28
129 29
194 30
219 29
110 30
172 30
174 29
216 29
294 30
250 29
107 29
230 28
30
1 29
10 30
24 29
19 28
3 28
14 28
27 29
6 28
9 28
17 28
8 28
29 28
5 30
15 28
16 28
12 29
22 30
2 30
11 28
18 30
21 29
30 29
28 30
20 28
26 30
7 29
25 28
13 28
23 28
4 29
35
1 29
32 29
21 28
13 28
30 28
18 28
8 30
4 29
2 30
22 30
7 30
19 29
12 28
23 30
11 29
16 28
9 28
6 28
33 30
31 28
28 30
14 28
17 28
35 29
10 29
25 28
5 29
27 28
26 28
29 28
24 28
34 28
20 28
15 28
3 28
35
12 3
35 2
22 3
18 2
8 2
1 2
20 3
14 3
17 3
24 3
4 1
21 3
3 1
5 1
29 3
28 3
32 2
9 3
16 3
19 3
7 3
15 3
10 3
34 3
30 3
11 3
25 2
6 1
33 1
13 2
2 1
26 3
31 2
23 1
27 3
496
702 16
761 6
588 12
212 12
853 26
634 8
671 6
171 26
914 14
292 12
307 26
875 16
809 4
704 8
325 10
564 18
839 24
605 4
166 26
985 18
522 6
830 14
801 16
971 16
858 8
46 24
132 26
103 26
328 6
795 24
68 28
894 14
646 4
319 4
982 30
157 16
964 6
85 8
551 14
601 10
517 12
461 10
169 22
869 10
418 24
618 2
361 6
728 18
748 16
895 14
127 22
826 12
394 2
391 8
20 29
972 20
86 22
629 12
836 20
444 12
190 14
482 28
446 10
138 20
163 6
206 26
781 16
520 26
370 4
597 22
25 23
456 16
968 28
764 28
744 12
978 6
527 14
880 22
935 4
412 30
440 12
678 20
773 30
283 10
668 10
23 5
863 12
94 24
49 6
627 22
214 26
530 14
851 8
173 22
941 20
919 16
908 14
65 8
806 4
452 4
345 20
556 18
536 28
70 10
767 24
177 12
560 30
403 24
824 4
734 30
933 18
715 6
959 10
623 16
351 26
635 16
543 22
931 18
791 28
331 28
762 6
726 24
340 4
792 2
430 14
695 24
202 12
664 6
993 26
265 24
367 12
277 26
450 10
243 16
920 26
888 20
887 12
946 30
51 18
950 28
431 10
915 30
241 16
612 10
120 4
433 6
883 14
998 8
249 2
575 18
26 21
24 1
804 14
644 2
468 26
866 12
197 22
682 12
708 4
335 18
871 8
653 16
199 6
539 12
432 26
154 6
82 6
225 12
496 4
750 30
758 8
248 18
983 14
786 22
442 14
445 18
587 28
667 6
714 30
501 24
53 24
28 15
661 28
685 22
294 8
365 20
425 26
414 18
473 18
376 26
321 4
960 22
145 2
436 8
591 8
970 26
208 28
191 30
579 24
113 26
889 30
893 16
955 6
834 16
638 26
705 10
426 12
600 16
300 18
673 28
500 18
102 8
658 30
909 24
259 8
817 2
986 10
752 22
789 16
184 24
881 8
961 6
979 12
284 4
812 10
901 24
706 26
779 6
508 28
347 18
657 14
681 2
151 20
498 2
735 18
188 18
788 30
879 20
521 22
312 6
478 16
842 12
237 14
216 14
857 6
233 6
149 16
377 4
357 20
185 16
308 10
514 6
117 24
490 14
532 8
5 19
350 4
741 18
639 8
754 30
770 2
832 24
201 26
965 20
88 4
525 24
256 12
385 10
475 2
991 10
122 26
93 24
691 26
504 4
375 2
314 30
316 2
967 22
811 14
949 16
32 6
159 16
835 12
927 14
957 22
417 14
540 2
533 24
713 24
295 8
302 26
409 22
21 27
381 24
260 18
311 6
304 8
161 22
396 12
465 16
958 18
258 2
196 28
876 24
129 20
717 4
493 26
119 12
898 30
310 18
925 28
825 2
505 30
877 2
943 24
477 6
276 8
563 12
656 22
913 8
240 18
547 24
270 26
544 4
848 30
917 10
137 24
997 14
135 2
96 14
10 17
922 8
977 6
83 10
174 28
395 30
617 18
64 2
406 24
643 24
924 14
131 2
89 14
38 24
784 28
731 2
399 2
7 13
463 6
313 2
353 22
896 18
275 2
189 28
63 6
91 8
95 30
290 2
364 20
689 14
271 30
911 6
449 16
246 8
139 24
263 8
613 16
854 8
1000 20
485 22
419 26
338 18
666 20
279 20
57 10
158 30
59 28
800 26
973 2
136 18
810 20
660 4
994 6
674 4
861 10
541 4
610 14
868 30
398 14
904 28
976 6
625 20
374 16
562 26
287 16
428 30
416 22
873 26
747 8
179 18
802 12
30 7
611 6
944 30
577 22
382 2
238 26
740 28
665 2
951 30
200 10
698 24
472 30
29 11
389 20
39 22
584 2
743 30
847 20
785 12
401 2
776 26
831 20
360 10
228 28
298 16
637 10
640 28
333 12
593 14
850 10
421 2
818 2
98 26
330 26
559 24
355 14
147 22
616 4
457 18
467 18
546 14
427 26
90 22
878 16
843 10
140 6
15 3
148 20
61 26
383 30
62 28
892 14
531 6
280 10
813 26
352 30
207 24
130 24
387 18
71 6
410 30
757 26
327 20
988 2
509 28
405 6
386 8
628 22
369 16
936 26
245 24
193 14
885 26
107 10
606 2
429 20
242 24
392 28
332 4
18 9
907 16
99 14
235 18
694 4
48 28
503 4
771 18
939 24
150 26
783 4
22 25
244 30
27 15
932 30
494 24
656
435 11
284 14
219 12
438 8
94 16
615 28
297 13
286 1
27 12
175 2
594 24
165 3
587 23
98 16
232 21
128 10
512 18
49 11
302 17
299 5
329 17
215 20
560 26
55 9
636 27
134 3
348 11
542 27
383 8
289 6
396 6
325 19
62 2
176 16
451 19
213 17
135 8
647 29
95 5
241 18
323 20
152 15
607 28
236 23
7 5
29 9
16 1
214 21
652 30
89 16
221 22
247 21
238 21
228 13
146 14
593 25
490 23
618 27
634 28
8 12
34 7
536 20
332 14
537 26
389 25
321 21
456 10
279 19
244 23
65 11
390 6
30 8
26 6
253 20
529 30
45 9
93 17
185 18
18 2
324 22
468 12
580 28
319 5
487 30
239 20
419 25
444 27
436 10
589 28
612 24
503 23
64 12
282 11
467 27
186 17
158 3
479 24
47 4
409 25
470 17
271 21
352 17
75 14
412 8
196 10
287 7
197 25
427 16
74 9
358 19
217 13
346 18
237 12
204 13
84 7
370 6
643 30
73 10
563 30
192 1
296 23
306 19
129 8
567 19
97 10
600 24
606 29
502 16
648 28
592 30
452 18
388 5
424 20
183 16
246 3
445 9
182 9
621 25
511 19
127 16
294 21
145 10
565 28
224 8
256 23
198 15
581 27
199 20
569 26
524 28
278 2
557 21
372 16
499 30
110 11
258 19
285 17
598 26
562 20
317 13
603 28
22 5
159 1
633 29
408 26
254 19
200 19
349 25
443 23
381 15
497 18
638 28
63 12
591 26
41 13
133 13
522 30
601 30
23 1
637 29
411 9
112 3
4 7
404 8
626 25
91 14
79 14
130 9
357 20
187 4
337 5
103 5
272 15
15 2
546 29
368 13
331 15
555 24
533 23
226 21
20 3
208 14
425 17
415 18
142 15
273 17
96 2
308 21
42 12
194 14
651 28
218 13
447 29
168 14
88 2
378 4
506 22
505 17
495 16
344 13
233 3
371 20
56 8
366 17
161 18
353 6
229 6
628 30
333 18
171 2
611 29
13 4
399 14
216 2
43 5
583 25
629 29
24 8
481 27
157 7
416 18
80 13
121 15
566 27
288 23
304 20
532 18
639 27
496 19
442 24
184 15
44 10
220 18
174 3
72 2
143 2
463 11
124 11
354 2
515 22
550 20
484 20
361 25
122 14
312 16
441 25
274 22
117 17
33 12
248 2
328 11
265 16
81 11
458 29
523 29
322 21
653 29
101 8
249 18
429 25
498 27
86 3
449 14
376 18
31 7
32 3
99 11
53 12
137 3
478 25
377 17
104 4
622 29
338 8
446 27
605 30
345 12
602 29
290 1
500 29
534 22
364 3
189 1
355 10
426 26
245 22
227 14
52 13
531 28
39 8
2 10
58 13
391 11
335 8
281 12
320 22
518 30
169 7
492 16
178 14
263 22
493 18
418 23
360 9
167 8
387 25
464 28
491 17
422 21
623 28
262 19
202 15
166 8
311 10
407 10
283 5
472 30
341 14
160 1
584 24
67 12
367 14
469 13
252 11
210 18
298 12
205 12
153 14
206 16
528 19
461 14
482 23
35 11
439 20
71 11
267 1
59 7
136 1
540 25
616 28
624 27
462 21
614 27
608 26
144 1
428 26
454 26
350 10
277 21
77 12
138 12
635 30
234 13
108 13
235 24
291 1
149 12
339 1
494 17
471 21
150 11
147 13
559 27
568 20
570 21
123 9
632 30
547 22
590 27
126 17
395 25
270 16
125 18
519 26
656 29
525 27
423 24
620 30
336 23
572 26
402 24
69 9
295 18
577 29
410 24
315 11
223 9
485 29
403 23
266 10
625 26
480 24
17 3
374 15
11 4
83 3
269 3
85 6
465 28
604 27
457 18
631 27
417 24
180 13
115 13
66 13
453 21
195 11
343 13
330 16
303 16
68 10
609 25
305 23
384 13
309 20
610 30
460 15
292 6
155 6
373 20
275 3
437 9
28 1
38 5
87 10
211 17
617 30
530 29
181 19
276 22
280 6
392 10
516 27
243 17
513 24
19 2
255 24
379 25
201 18
92 6
162 17
334 10
517 21
432 29
113 15
654 28
242 19
375 5
646 30
552 20
613 25
508 21
488 25
151 9
477 29
106 4
268 19
231 15
301 20
527 20
230 4
501 17
340 9
327 2
57 14
107 14
261 20
397 12
342 13
225 7
3 12
561 25
90 15
466 28
207 15
455 13
558 28
10 4
251 1
116 10
630 28
119 16
203 14
359 25
394 7
440 26
190 8
538 19
539 26
40 7
413 7
433 15
100 9
640 28
520 25
541 30
139 11
310 4
164 3
650 29
36 10
545 23
596 28
574 24
48 12
140 16
564 29
573 25
240 11
385 5
111 10
14 4
120 16
212 2
553 30
543 26
191 16
398 11
222 21
46 8
300 18
37 6
521 24
597 27
400 7
420 24
595 29
257 22
293 14
551 18
173 3
307 9
507 24
21 6
188 1
588 29
177 1
209 9
76 13
619 26
434 12
365 20
448 15
535 21
114 14
489 24
193 2
316 14
644 29
179 23
82 7
163 16
514 23
131 7
118 16
475 15
655 30
347 15
9 5
314 7
351 18
1 7
54 2
109 12
132 14
50 10
356 21
599 25
544 24
473 29
369 8
393 8
154 5
556 19
582 26
61 6
51 9
363 22
386 6
642 28
405 7
78 15
421 22
579 22
156 4
148 16
430 27
627 26
326 3
60 11
450 27
576 30
170 5
70 8
105 9
649 30
250 4
264 23
571 22
476 14
586 22
504 22
554 25
509 20
259 18
382 24
5 6
313 15
549 21
474 14
362 19
526 26
12 4
431 26
459 16
578 28
585 23
401 25
25 7
318 6
6 6
260 17
141 17
548 30
483 22
486 15
510 29
575 23
102 10
380 24
645 28
406 11
172 4
414 19
641 29
35
1 29
16 28
26 28
25 28
11 30
19 30
4 30
7 29
13 28
27 28
5 28
18 30
32 29
21 28
20 28
15 28
14 30
10 28
2 30
34 28
23 29
6 29
3 28
28 28
35 29
31 29
30 28
17 28
8 29
29 28
24 28
33 30
22 28
12 28
9 28
30
12 3
14 3
16 1
15 3
28 1
10 2
29 3
27 2
5 3
11 3
17 3
25 3
26 3
3 3
4 2
13 3
21 1
9 1
18 3
2 1
1 2
7 2
23 1
6 3
20 3
24 3
8 1
19 2
22 2
30 2
769
153 10
504 3
82 23
732 21
201 22
480 11
450 12
532 21
399 10
80 1
747 15
108 5
489 25
286 11
422 10
751 8
21 8
692 18
233 1
616 3
246 10
749 10
218 12
138 15
15 13
310 3
205 23
184 5
376 8
3 14
575 18
1 13
343 6
661 21
506 13
537 11
12 15
68 12
436 15
52 22
538 17
219 6
258 25
757 9
558 1
645 4
244 16
421 6
656 19
705 21
79 13
724 22
259 19
159 23
127 12
351 24
223 16
457 21
419 14
609 13
533 15
172 18
214 1
740 16
428 16
307 19
145 18
673 18
276 6
578 12
711 7
624 10
439 13
131 23
255 3
260 21
301 12
280 25
331 17
721 14
638 25
433 21
728 9
61 19
514 25
188 13
10 10
471 4
720 20
143 20
208 17
582 5
443 22
46 14
689 19
199 20
98 2
544 4
703 4
555 25
277 12
58 5
392 14
135 3
685 13
676 4
767 14
668 16
370 12
559 17
238 7
264 17
505 17
308 17
679 1
601 22
446 2
237 15
348 4
228 20
30 16
250 8
526 4
333 25
5 15
56 9
17 18
267 24
124 4
579 19
764 11
469 20
627 2
65 13
344 10
381 11
78 6
126 2
723 16
547 6
364 5
461 17
374 6
416 7
690 17
483 5
166 21
23 9
291 23
84 21
631 1
137 13
594 10
507 9
311 21
677 8
168 12
210 13
115 1
303 2
607 15
413 9
353 12
632 13
222 4
699 2
541 19
356 19
2 12
553 22
434 1
586 21
687 21
729 15
86 9
466 7
148 8
474 2
204 21
476 18
754 18
174 16
274 4
628 16
234 25
414 25
245 4
157 13
54 18
715 10
765 13
564 7
719 8
26 15
615 11
756 15
515 1
391 13
405 13
714 15
203 16
195 24
587 23
113 17
539 3
248 6
451 14
18 14
102 6
316 15
707 17
42 13
194 4
14 9
511 23
360 17
542 2
596 18
462 25
379 19
562 15
326 6
155 17
513 7
278 10
574 4
665 3
190 9
465 3
66 23
477 12
599 2
604 9
192 2
606 5
556 9
653 22
263 13
598 6
444 4
77 4
597 12
660 15
527 6
330 5
730 17
710 3
89 15
107 13
718 4
585 15
99 22
202 12
669 12
746 19
334 1
493 4
178 8
40 15
254 11
387 9
704 23
273 22
123 20
371 22
424 18
397 4
662 1
696 6
221 22
342 2
454 5
608 19
418 12
741 8
410 5
396 18
189 23
761 16
517 12
458 13
33 12
179 15
119 14
700 24
580 7
614 23
282 9
253 2
70 18
171 14
149 22
478 16
213 3
373 18
181 1
688 5
551 24
359 21
209 15
498 20
92 18
198 6
41 21
697 8
229 23
164 15
76 2
745 7
499 18
412 19
393 16
576 14
81 7
165 5
388 25
680 7
385 23
55 16
629 5
573 2
694 10
716 6
528 10
490 15
510 19
640 19
358 13
479 9
211 5
309 25
649 12
114 3
706 9
335 15
315 7
727 5
118 6
96 14
170 10
368 4
442 10
252 14
11 11
177 2
151 14
106 9
742 11
72 24
150 12
265 15
636 23
27 7
361 3
212 7
400 22
552 18
395 12
571 10
266 9
744 17
288 1
339 21
345 14
545 20
314 1
35 6
497 12
323 24
630 11
271 2
456 9
39 19
468 8
726 19
185 7
232 3
20 10
257 1
523 14
200 18
763 14
37 5
206 19
701 12
350 8
525 20
269 20
509 5
317 10
748 13
654 5
470 24
572 6
739 20
427 24
557 21
453 20
292 20
142 24
220 2
670 22
567 8
31 10
122 16
97 16
590 13
753 16
154 9
29 18
147 4
460 19
116 21
302 10
762 10
226 14
305 13
500 22
293 18
652 24
655 13
230 13
759 13
91 11
300 14
642 8
634 21
53 8
709 11
589 17
423 4
161 11
563 23
217 18
111 7
129 19
22 13
340 3
548 8
357 7
140 11
318 4
639 3
648 16
612 7
452 8
322 12
650 2
197 8
625 22
698 16
584 1
481 23
737 6
621 6
4 11
568 20
617 14
610 25
382 5
337 19
304 23
133 21
270 16
110 15
235 19
9 14
600 14
196 10
437 7
71 10
261 5
365 1
173 22
602 20
691 15
240 21
503 10
683 3
112 23
394 2
731 13
570 22
183 25
43 9
64 17
518 18
487 21
540 5
520 8
239 11
362 9
626 12
491 19
187 11
467 14
328 2
162 1
48 20
186 3
386 7
336 11
485 3
560 5
297 24
24 11
522 16
241 17
59 7
83 5
63 3
404 17
401 6
74 22
712 5
420 22
657 23
352 18
95 10
341 9
215 11
672 24
530 7
313 11
36 14
430 23
449 24
432 5
686 23
620 4
130 25
641 17
482 17
93 24
389 3
455 1
332 23
231 9
473 22
623 24
565 19
717 12
619 20
752 12
283 3
431 19
121 8
8 12
101 20
19 12
281 7
216 9
678 10
73 20
90 3
32 20
736 10
109 11
411 21
134 1
28 19
768 12
224 10
561 11
592 24
464 11
577 16
569 24
664 11
349 22
463 23
275 8
16 16
407 3
117 18
633 15
249 12
67 8
554 13
644 10
295 16
671 20
666 9
403 20
272 14
646 6
320 8
6 13
651 18
622 18
722 18
367 10
256 7
207 25
384 1
225 8
324 22
7 16
163 7
296 8
51 10
508 11
306 5
167 6
667 6
429 25
502 6
484 7
236 5
605 17
603 4
659 17
104 19
103 8
247 18
417 20
45 7
725 11
146 6
512 15
735 12
372 2
695 14
279 15
658 25
684 11
175 24
426 8
755 11
566 3
262 23
243 22
289 19
298 6
643 20
38 17
702 20
125 24
268 18
329 7
325 14
47 4
312 9
611 1
647 14
618 8
191 19
593 16
378 16
290 17
227 24
595 8
294 22
363 23
588 11
34 8
327 16
57 15
425 2
139 5
87 17
549 10
50 12
543 14
319 20
447 6
120 10
713 13
128 22
758 17
398 8
347 20
390 17
415 11
693 22
445 18
366 11
338 13
375 20
355 15
743 9
613 21
88 25
409 15
738 14
521 2
169 20
440 9
156 3
734 18
94 12
132 7
100 4
494 24
472 6
529 25
663 7
674 14
448 16
136 17
519 24
591 3
369 24
682 25
285 5
531 23
406 1
441 3
769 13
284 21
60 21
354 25
516 21
176 4
501 8
380 21
13 17
85 19
62 11
524 22
251 24
495 14
550 12
25 17
158 19
242 20
377 14
681 9
475 10
535 13
287 13
49 6
180 21
496 2
459 15
69 14
534 1
160 25
75 16
44 11
635 9
486 13
536 9
546 16
492 16
438 17
182 17
408 23
105 25
193 14
141 9
144 16
402 24
760 12
708 19
675 2
766 15
583 9
152 2
321 18
299 4
346 16
383 15
435 11
488 1
733 7
750 14
637 7
581 25
32
6 2
17 1
4 1
9 2
7 3
28 3
20 3
29 2
32 2
25 3
12 3
27 3
1 2
8 3
30 1
14 2
21 2
15 1
2 1
18 3
16 1
10 3
23 3
31 3
5 3
24 3
19 3
11 3
22 2
13 3
3 1
26 3
90
224 30
251 30
237 30
32 28
27 28
210 30
277 29
181 28
77 28
280 30
142 28
175 30
145 28
136 30
65 30
3 30
282 29
33 30
250 28
94 30
50 29
59 30
242 29
22 28
12 28
31 29
155 29
48 30
56 28
170 30
84 29
283 28
190 29
138 28
57 28
99 29
218 28
271 29
67 28
229 28
196 29
236 29
43 28
46 29
248 28
293 30
287 28
37 29
182 29
152 28
186 29
272 30
194 30
285 30
265 29
23 30
121 28
129 29
149 30
109 28
216 29
120 28
103 30
147 30
139 30
252 30
189 30
133 29
131 30
70 29
234 29
122 28
49 29
132 28
41 29
255 28
226 28
245 28
257 29
5 28
289 30
261 29
85 29
137 29
286 28
116 29
15 30
66 30
200 29
100 30
491
653 27
1000 3
812 23
240 15
511 19
989 27
458 3
295 13
995 5
138 13
885 7
695 3
450 25
54 15
436 9
433 1
708 29
220 7
667 11
202 21
325 5
800 17
31 25
916 19
509 11
454 21
476 9
200 25
600 21
106 1
416 15
323 3
261 19
966 1
490 3
602 15
933 25
701 7
144 5
84 23
355 17
308 13
614 25
815 11
900 19
906 17
739 17
852 21
688 17
869 21
343 19
254 19
206 17
718 23
300 5
545 23
117 7
786 3
409 13
698 7
877 1
835 5
551 29
21 8
156 19
581 29
710 17
622 15
947 13
140 23
586 11
276 17
870 15
465 11
823 29
544 15
669 11
644 7
100 9
763 17
480 25
26 18
60 19
484 17
333 27
353 3
867 21
920 23
655 27
35 9
858 27
330 3
820 3
125 19
659 9
550 27
406 7
32 15
584 29
768 23
954 15
24 2
398 11
868 27
297 25
294 13
798 21
910 29
998 17
804 1
226 9
911 3
81 23
784 7
239 15
247 3
537 1
314 19
627 11
873 5
590 11
89 11
864 21
467 9
428 17
790 25
145 27
97 25
457 21
82 3
205 17
953 19
530 1
425 21
846 9
275 15
96 7
162 21
639 5
861 15
345 29
980 21
146 5
211 9
991 25
583 17
155 19
519 27
778 27
449 21
666 11
578 3
224 9
714 25
172 9
354 23
56 21
114 7
12 4
132 9
468 29
90 29
230 3
691 29
761 21
166 17
534 15
131 23
405 13
201 19
742 23
108 17
317 25
383 15
781 23
154 29
601 11
833 5
618 25
358 7
278 23
137 5
352 1
78 13
809 29
992 7
126 7
559 1
174 7
569 27
402 23
694 3
921 27
257 15
535 29
194 23
520 3
612 1
936 17
41 1
324 23
787 1
61 9
811 7
470 25
565 15
514 19
207 17
51 25
2 14
249 27
483 1
555 9
34 11
107 7
447 7
648 11
29 24
663 17
16 10
147 7
677 9
423 11
957 19
528 3
805 7
538 5
464 21
150 3
234 11
98 3
168 15
948 29
281 17
57 17
55 29
105 29
733 5
760 9
438 11
372 21
940 25
888 13
617 25
964 3
486 17
284 23
336 13
327 29
289 29
180 5
986 5
692 29
210 23
326 21
445 25
770 9
642 7
115 7
417 1
293 9
28 22
914 17
499 25
705 25
408 25
560 15
887 9
961 21
64 9
822 9
285 19
568 23
437 15
634 23
623 21
488 19
516 7
420 25
963 29
715 9
263 1
859 19
630 13
111 21
260 11
575 29
48 21
17 6
30 28
875 25
459 25
616 17
455 7
342 23
87 29
654 17
561 17
593 3
139 7
580 9
994 1
397 19
136 25
973 9
50 29
849 19
780 7
228 17
3 12
872 1
740 29
522 11
262 23
643 13
461 29
847 3
505 29
794 7
119 25
788 3
264 9
876 29
452 15
783 9
831 5
556 7
208 5
133 17
176 29
824 21
368 21
533 27
750 19
918 17
928 21
952 3
683 9
45 1
880 27
378 27
59 15
546 21
329 29
842 3
384 27
707 1
280 11
821 29
625 29
313 29
513 13
756 9
704 29
818 5
233 29
67 13
71 17
518 17
120 27
917 29
507 21
909 21
27 30
589 3
221 17
599 23
271 29
391 13
387 5
178 3
826 7
77 9
905 19
987 7
116 11
475 25
830 29
63 19
553 11
349 27
216 29
418 9
182 25
722 23
748 25
817 17
421 19
810 3
93 9
908 29
566 17
721 29
927 21
80 5
190 21
950 17
956 19
970 7
939 21
976 17
636 9
671 29
843 19
801 7
344 13
646 17
676 17
267 21
404 17
502 19
88 19
222 27
597 17
463 3
446 29
70 17
512 9
524 19
605 9
494 9
758 23
731 5
682 5
895 13
453 17
134 5
938 17
893 11
74 9
702 27
837 23
395 25
62 5
498 23
33 27
941 27
13 20
570 17
874 25
424 27
789 19
571 9
728 11
6 26
104 7
932 27
803 23
729 13
204 7
526 5
495 13
841 23
189 3
25 16
435 1
588 29
903 15
235 5
69 9
109 15
118 7
697 15
946 5
984 13
771 3
359 5
755 15
252 25
797 21
157 25
348 1
53 17
340 15
549 25
716 27
827 15
321 17
242 5
629 27
246 9
101 13
347 29
598 15
712 3
315 29
972 3
658 5
301 21
456 7
103 21
35
30 1
24 3
27 2
22 3
9 3
19 3
3 1
21 3
7 2
11 3
20 3
28 3
13 3
23 3
14 3
4 2
2 1
31 3
10 3
33 1
18 3
16 2
6 1
34 3
12 3
8 3
17 2
25 3
29 1
26 3
15 3
5 1
35 2
32 2
1 2
30
342 24
388 21
217 20
373 18
609 11
884 30
358 23
538 1
254 19
82 7
438 22
155 12
29 14
293 2
188 3
550 8
201 9
759 17
864 16
486 13
561 29
508 4
27 15
86 26
99 5
878 10
524 25
182 27
787 28
395 6
28
2 1
22 1
25 2
1 2
14 3
3 1
5 3
13 3
23 3
4 1
10 3
17 2
15 3
8 1
6 2
7 1
16 3
26 1
28 2
18 2
12 3
9 3
24 2
20 3
27 3
11 3
19 3
21 2
35
3 28
25 29
16 30
29 28
21 28
13 28
11 28
18 30
1 29
17 29
32 29
10 28
15 28
35 29
24 28
6 30
4 28
7 28
30 28
14 29
34 28
5 28
19 28
8 29
12 30
27 28
22 28
9 29
33 30
20 28
23 28
2 30
28 30
26 28
31 28
37
30 1
26 3
32 3
22 3
6 3
3 3
2 1
29 3
15 1
17 3
1 2
34 2
27 2
18 3
35 1
37 2
36 3
20 3
5 1
14 3
25 3
13 3
23 3
8 1
24 3
7 3
16 3
9 3
19 2
28 3
33 3
10 3
12 2
4 2
11 2
21 3
31 1
28
21 28
16 28
18 30
4 29
17 28
13 28
10 29
20 30
8 30
25 29
14 28
3 30
26 30
28 29
15 29
9 28
22 29
27 28
1 29
7 28
23 28
19 30
24 28
6 28
5 29
2 30
12 28
11 28
28
1 29
11 28
15 28
13 28
2 30
19 28
9 30
6 30
12 28
26 30
8 28
16 28
17 29
24 29
3 28
27 28
7 28
28 29
18 30
23 28
20 28
21 30
14 28
4 29
22 30
5 29
10 29
25 29
250
69 9
394 10
351 9
475 10
664 9
548 9
200 9
278 10
949 10
703 9
492 9
514 10
762 10
544 10
691 9
481 9
218 10
193 9
185 9
225 9
665 9
376 9
152 9
748 10
364 9
371 10
915 9
611 9
220 9
41 10
697 10
678 10
744 9
840 10
863 9
925 10
321 9
848 10
166 9
20 10
772 10
704 9
862 10
738 9
555 9
201 10
885 9
537 10
890 9
296 10
888 10
50 9
191 9
523 10
601 10
797 10
312 9
240 9
519 10
647 10
777 10
775 9
23 10
413 10
759 9
687 9
978 9
998 10
25 9
930 9
590 9
15 10
923 10
619 10
122 9
170 10
869 10
948 9
582 9
821 10
231 10
168 10
843 9
427 10
210 10
116 10
868 10
283 10
812 10
836 10
783 10
466 10
655 10
488 10
570 9
932 10
378 9
479 9
845 9
322 9
460 9
57 10
287 10
670 9
246 10
101 10
199 10
714 9
552 9
608 10
187 9
858 10
419 9
424 10
814 9
729 9
156 9
761 9
966 9
589 9
995 10
856 9
504 10
393 9
36 9
24 9
454 10
435 10
515 9
195 10
831 10
188 9
924 9
275 10
358 10
330 9
279 9
942 9
695 10
887 10
1 10
610 9
444 9
522 9
334 10
177 10
844 10
112 10
368 10
239 10
918 9
331 9
31 9
967 9
125 10
658 9
418 9
912 9
194 10
605 10
789 10
989 9
264 9
682 9
928 9
668 9
471 9
356 10
174 9
819 9
822 9
850 9
453 10
10 10
965 9
992 10
171 10
155 10
511 9
94 9
89 9
700 10
689 10
377 9
389 9
975 9
742 10
769 10
164 9
306 10
276 9
252 9
692 10
717 10
53 10
530 10
937 10
145 9
343 9
229 9
624 10
667 10
947 9
88 10
934 10
184 10
270 9
483 9
855 9
355 9
602 10
443 9
532 9
558 10
159 9
731 10
253 9
190 10
136 10
753 10
130 10
594 9
496 9
518 10
315 9
409 10
565 10
727 10
713 10
901 10
579 10
557 9
271 9
871 10
599 9
758 10
857 10
781 9
259 10
498 10
613 9
646 9
303 10
234 9
147 9
616 10
405 10
249 9
123 10
361 9
10
736 26
798 9
731 1
411 18
862 4
615 11
684 30
449 15
409 22
675 8
37
14 29
16 28
13 28
15 30
19 28
27 28
1 29
34 29
26 28
37 29
35 30
12 30
3 28
24 28
33 29
7 30
17 29
28 28
9 29
20 28
4 29
2 30
23 28
11 28
25 28
10 28
8 28
22 30
36 28
29 28
6 28
32 28
5 30
18 28
31 28
30 28
21 28
30
14 3
26 3
23 3
4 2
6 3
28 1
15 1
10 2
22 2
7 1
2 1
20 3
21 3
27 2
19 2
8 3
29 3
12 1
11 3
1 2
17 1
25 3
5 2
18 3
9 3
16 3
24 1
3 3
13 3
30 2
32
20 3
9 2
16 3
1 2
23 3
4 2
7 3
32 2
22 3
18 1
24 2
3 3
11 1
10 3
31 3
5 1
25 3
2 1
29 2
6 1
15 3
21 2
27 3
13 3
17 1
12 3
14 2
8 3
30 1
28 3
26 3
19 3
30
7 3
26 3
4 2
3 1
13 3
18 3
25 3
12 1
28 1
27 2
19 2
24 2
2 1
6 1
22 3
1 2
9 3
5 3
10 3
15 2
11 3
20 3
16 2
23 3
8 3
17 1
14 3
30 2
21 1
29 3
35
20 3
21 2
24 3
31 3
27 3
18 3
16 3
2 1
14 3
5 2
13 3
26 3
3 3
10 2
34 3
32 2
1 2
9 1
25 3
30 3
29 2
6 1
28 3
11 3
4 2
19 1
15 3
12 3
17 3
22 3
7 1
23 1
35 2
8 3
33 1
491
674 8
318 28
396 30
736 14
317 8
117 18
777 30
560 2
640 16
902 18
772 6
400 16
1000 16
727 20
690 14
24 23
849 20
91 8
688 26
102 26
273 2
834 26
871 10
387 26
914 14
390 20
157 22
347 14
814 16
726 14
409 8
423 12
397 16
212 30
589 18
214 2
781 6
626 2
506 6
683 6
642 4
244 30
194 4
744 6
159 28
848 26
948 2
687 28
812 10
660 22
41 4
60 24
328 28
555 30
722 22
539 24
780 22
915 18
200 30
898 2
189 2
406 2
524 30
718 22
76 18
922 18
74 12
7 25
875 14
601 24
268 14
749 10
196 8
786 28
192 12
816 2
929 18
563 8
201 2
209 2
35 12
146 10
817 28
494 20
899 28
770 4
894 12
275 6
743 8
979 12
183 18
151 6
462 18
112 18
353 24
111 18
426 8
839 16
530 4
822 26
791 24
199 20
110 18
761 24
586 20
580 8
101 8
248 12
949 28
300 6
376 2
61 2
218 26
203 14
27 21
644 26
312 24
66 12
842 6
776 12
382 16
46 16
17 15
731 16
48 10
686 30
885 14
263 12
637 8
677 28
919 6
259 24
758 10
587 30
351 14
998 4
28 9
266 22
283 4
947 4
830 24
350 6
692 2
49 30
31 4
211 10
787 2
747 2
5 29
746 14
893 18
532 28
205 28
813 16
1 7
676 18
529 6
617 20
513 12
654 30
56 18
682 16
508 4
81 12
282 30
701 30
473 30
600 2
752 8
401 22
988 20
25 1
961 28
380 30
765 6
911 2
109 14
95 6
243 14
525 28
303 18
309 20
372 4
499 26
901 14
724 20
330 26
323 20
659 18
554 18
975 2
184 10
936 14
886 30
304 24
420 14
50 24
652 20
606 28
69 2
358 2
33 12
705 24
909 12
541 20
267 2
521 22
509 6
651 4
633 28
123 8
963 16
545 10
375 4
138 18
246 26
629 8
535 2
480 20
713 28
94 8
430 8
945 6
799 28
437 26
195 22
734 6
190 8
997 4
30 5
569 28
668 6
784 28
191 20
611 20
844 10
753 22
232 8
930 6
436 12
125 16
891 16
843 30
627 30
441 20
549 16
75 8
11 17
526 28
750 14
402 14
256 28
270 18
503 4
415 22
58 26
155 26
454 18
198 16
145 12
943 24
489 20
224 10
788 10
584 2
186 18
939 20
458 24
51 30
316 6
167 26
78 10
295 2
995 14
475 28
800 26
448 6
562 22
139 4
987 28
757 24
653 24
966 8
325 20
779 12
870 22
413 4
331 16
217 8
236 10
723 20
329 10
610 18
129 2
147 18
449 22
14 11
699 8
741 22
269 26
981 8
774 12
602 14
863 26
954 2
386 12
311 26
36 12
26 3
957 10
866 24
695 22
624 28
927 26
542 4
407 30
628 26
962 8
327 10
493 4
346 28
399 28
520 30
432 30
287 12
603 10
518 30
136 4
615 10
107 2
313 26
789 2
959 16
570 6
176 2
593 2
336 4
310 26
213 22
852 18
694 12
588 20
319 12
771 22
681 18
811 24
568 26
763 6
476 18
739 8
595 6
366 30
798 28
634 2
265 16
384 12
751 12
715 20
546 22
87 18
641 22
445 28
755 18
501 12
730 24
187 10
608 8
261 20
862 24
622 2
433 24
733 14
182 20
491 4
210 16
38 28
551 4
845 22
23 27
173 8
381 28
144 16
356 26
286 22
783 10
504 24
964 4
83 14
365 6
884 26
208 8
561 24
917 18
417 24
829 4
775 22
367 18
853 16
395 20
253 18
544 28
262 6
470 30
925 24
132 10
946 4
100 18
745 4
65 28
583 4
160 2
773 16
935 30
645 30
289 12
647 18
404 22
955 28
337 4
854 22
837 14
908 6
29 19
149 4
113 30
485 2
178 26
278 16
971 20
564 16
20 13
82 20
712 18
67 30
923 20
419 20
497 24
609 10
557 26
385 10
594 8
573 16
993 2
53 28
808 30
880 22
679 16
429 30
264 4
355 18
133 16
913 22
238 18
879 24
804 20
950 16
220 8
500 22
450 10
631 2
297 26
425 8
708 28
40 2
657 20
672 2
855 10
357 30
63 24
126 30
821 16
180 20
991 26
158 16
598 4
903 14
877 18
619 16
982 22
616 12
240 22
334 14
333 26
585 8
250 14
577 28
650 4
204 24
306 14
239 18
452 20
35
31 28
7 29
26 28
35 29
17 28
32 29
3 28
30 28
22 28
15 28
6 28
14 28
24 28
27 30
5 30
2 30
34 28
23 28
13 29
20 28
18 30
1 29
29 28
11 28
4 29
28 28
9 30
12 29
16 28
8 28
25 29
10 30
21 28
19 28
33 30
30
17 28
16 28
13 28
23 28
21 29
26 28
14 28
30 29
8 28
10 28
4 28
1 29
25 28
9 29
18 30
27 29
28 30
11 28
12 29
22 30
5 30
15 30
24 29
29 28
6 29
2 30
7 28
3 30
20 28
19 28
533
217 21
98 2
342 19
179 21
406 12
85 3
234 18
134 22
399 11
482 9
86 23
30 1
162 30
450 7
27 28
202 26
318 21
514 12
224 25
315 7
28 20
530 14
50 12
459 5
200 26
505 30
192 30
339 12
219 29
188 8
79 22
495 4
310 22
426 12
378 17
270 29
491 1
529 19
38 28
391 14
55 30
157 17
326 22
252 23
359 19
10 17
51 11
294 20
327 21
518 17
117 13
226 19
392 14
386 17
145 15
282 3
494 1
444 6
101 13
148 16
115 14
365 16
283 16
258 4
171 12
325 16
104 5
180 20
44 24
320 23
182 30
243 21
402 3
78 23
193 29
502 2
68 17
164 20
528 22
306 25
1 27
395 17
91 25
257 10
517 2
301 19
146 14
178 22
488 3
341 19
69 5
208 24
504 1
8 26
131 21
67 26
65 18
9 3
508 5
371 17
253 30
481 10
121 15
465 2
133 15
124 9
288 25
6 12
169 15
255 28
522 25
509 3
405 13
108 13
303 24
387 16
246 16
2 23
410 10
245 19
142 22
385 6
377 18
485 6
248 21
498 2
431 12
70 4
189 12
372 16
428 10
353 25
23 9
375 20
81 24
291 10
4 19
362 20
415 6
269 30
299 26
360 19
305 26
361 18
457 5
333 10
416 6
250 19
519 4
330 13
309 16
521 21
323 18
240 26
474 1
110 25
18 10
403 1
367 15
31 17
93 1
17 25
368 14
422 9
363 19
235 30
515 28
210 22
394 18
420 3
203 26
510 11
354 24
223 26
230 30
452 4
419 12
144 22
190 11
490 2
357 21
429 9
374 21
12 21
167 30
421 3
384 8
293 24
14 29
382 13
105 17
460 4
63 22
247 22
512 13
297 28
468 7
337 16
331 11
56 26
458 2
154 4
373 15
265 23
284 15
344 11
503 2
128 30
275 17
469 6
340 19
281 9
478 1
262 19
54 7
334 9
40 29
260 1
47 21
129 27
5 7
57 30
355 23
59 28
417 9
259 3
20 4
278 25
273 29
159 27
398 14
72 24
114 18
286 20
181 18
173 28
525 7
396 16
84 18
236 29
111 24
352 26
119 6
150 14
187 12
233 21
433 10
423 2
7 5
156 18
107 1
414 7
196 26
308 17
237 28
264 24
242 26
347 13
94 27
216 17
335 6
73 23
103 20
466 1
205 30
76 28
49 10
222 27
186 13
165 9
388 15
37 2
300 25
338 15
296 29
379 1
212 21
33 3
77 17
218 20
370 18
400 11
88 30
346 14
42 19
155 19
328 20
516 29
276 27
153 21
204 25
229 12
71 25
168 29
24 15
418 5
317 10
280 6
271 14
497 2
314 15
19 11
311 14
102 21
21 8
443 6
277 26
118 6
209 23
441 9
350 10
366 3
274 28
126 23
116 28
158 10
143 7
292 21
461 4
424 4
439 11
472 3
380 15
408 11
324 17
298 27
499 2
80 21
432 11
147 13
290 21
507 9
160 26
122 22
149 15
438 7
332 8
221 15
358 20
451 4
267 16
449 1
484 7
453 4
39 27
175 26
351 27
166 16
197 29
287 11
90 26
376 19
35 29
53 27
244 20
409 12
407 11
266 18
463 4
198 20
467 8
322 19
526 10
195 15
473 2
527 6
58 29
228 18
199 26
336 13
272 18
532 23
464 3
389 14
446 8
62 23
95 6
511 8
11 18
123 14
486 5
82 27
383 12
456 3
92 9
66 27
454 6
343 18
43 24
225 24
506 26
448 5
74 30
140 8
52 28
97 23
304 23
152 5
137 24
312 13
213 14
174 27
268 15
45 23
251 24
412 5
437 8
41 28
135 25
493 2
64 19
75 29
163 24
96 5
61 24
215 29
523 15
26 2
241 17
172 19
489 2
263 22
13 16
348 8
476 2
369 8
455 5
120 30
364 17
194 17
207 30
201 26
430 13
36 28
249 12
520 24
404 14
483 8
183 29
138 21
435 10
381 14
393 13
132 20
302 25
206 27
60 25
411 7
220 16
232 22
397 15
238 27
34 27
500 1
15 14
170 12
161 25
32 16
231 4
477 2
106 22
440 10
285 12
524 20
46 22
401 10
496 3
214 27
445 5
321 20
390 7
184 28
239 18
254 29
442 8
307 18
125 24
356 22
3 22
279 13
99 14
436 9
177 23
513 16
316 7
413 9
141 23
319 24
185 11
191 13
492 3
313 13
470 5
48 19
427 11
136 29
531 18
345 9
112 20
480 11
487 4
25 13
501 1
475 1
113 19
127 28
349 11
261 25
16 6
29 30
130 16
22 24
151 12
87 11
434 4
425 8
329 9
227 19
89 10
289 25
471 4
256 11
83 26
211 22
100 16
533 27
462 1
176 24
447 7
295 30
109 12
479 12
139 19
1
484 1
35
1 29
21 28
11 28
14 28
17 30
19 28
22 28
34 28
6 30
13 28
9 30
4 29
26 28
23 28
32 29
3 28
16 28
18 28
2 30
10 30
29 28
33 30
28 28
27 29
25 28
30 28
35 29
7 28
5 29
12 28
24 28
20 30
8 29
15 29
31 28
3
1 30
2 29
3 30
494
580 23
612 11
139 17
613 17
642 15
411 5
444 5
145 17
835 25
865 17
423 9
918 25
280 1
561 27
557 17
290 19
105 17
820 13
403 23
521 19
903 1
203 7
295 5
33 21
729 7
818 29
730 29
108 17
441 5
446 9
100 27
892 1
166 5
944 9
783 23
217 3
18 4
680 25
679 1
750 15
908 21
556 5
764 5
464 21
980 7
998 7
277 19
118 1
414 3
535 23
624 27
420 17
249 1
301 29
804 27
454 3
424 9
333 25
964 3
480 13
142 19
428 5
962 13
21 16
761 27
30 30
876 17
787 25
721 21
732 13
25 18
982 13
204 23
586 5
824 15
275 27
893 1
325 9
177 1
621 19
646 7
355 7
362 29
938 29
357 19
494 9
495 11
859 27
792 23
628 23
960 19
775 1
374 27
60 21
19 24
879 3
574 13
961 25
749 21
690 7
404 29
165 29
95 7
273 13
526 5
737 19
252 3
858 5
23 22
525 29
97 11
910 7
762 27
665 25
484 1
503 3
256 9
616 3
181 13
26 16
785 7
59 17
271 5
408 3
436 5
640 5
266 15
523 25
470 29
763 23
151 21
317 7
186 21
52 27
13 2
603 7
600 3
416 27
121 17
207 29
218 29
348 5
592 1
514 17
58 5
816 21
848 11
885 27
811 17
668 21
837 5
566 7
344 19
274 19
725 3
618 21
691 23
99 9
756 5
214 17
509 23
966 11
985 3
40 19
734 1
272 23
103 11
553 3
704 25
381 29
693 19
228 15
710 15
440 27
396 15
745 21
371 29
609 25
853 23
902 17
476 9
716 29
386 5
957 19
862 13
353 5
977 19
874 1
146 5
124 3
656 21
388 23
901 25
51 21
760 9
696 25
391 17
931 23
814 29
463 19
265 5
916 21
660 15
154 13
585 9
635 27
29 28
782 3
572 25
39 19
743 29
426 17
625 1
341 17
933 21
22 10
511 23
602 13
676 29
460 23
663 25
598 25
81 25
104 19
384 11
637 17
559 25
911 15
821 3
66 3
735 5
685 25
584 15
224 9
812 9
246 23
564 11
583 13
753 23
711 29
294 7
573 17
453 19
806 9
368 17
839 5
942 27
88 3
791 23
326 23
912 11
32 21
984 11
866 25
452 13
379 25
870 1
830 5
558 25
979 7
182 11
597 23
519 15
402 29
163 9
488 9
439 9
841 9
650 1
954 23
546 13
794 21
417 13
796 9
219 3
448 5
406 3
533 7
947 5
552 27
582 21
973 3
195 27
72 9
906 19
24 14
475 17
670 1
202 5
397 21
861 15
967 7
894 19
46 23
802 13
318 1
522 1
645 7
225 25
703 17
803 1
856 17
543 13
235 3
992 29
633 25
78 19
184 3
37 7
483 25
881 17
237 13
744 27
303 15
442 27
102 17
930 27
123 9
929 9
945 29
143 23
689 21
939 1
920 21
741 25
17 6
347 3
113 15
604 29
539 9
128 13
399 27
144 3
343 11
976 15
506 7
332 27
434 23
860 13
377 19
449 11
654 7
305 13
705 1
54 5
210 9
216 9
528 19
188 7
970 21
593 7
547 9
459 13
57 7
222 11
316 17
349 5
233 3
63 17
801 9
193 3
485 25
372 25
627 25
430 1
86 11
190 3
356 5
450 7
999 27
657 9
65 5
681 21
49 23
383 21
478 11
754 19
1000 27
90 27
937 27
675 15
567 5
777 27
666 15
335 17
953 1
629 9
288 19
713 9
321 27
350 3
185 23
720 1
965 25
327 25
883 27
293 5
955 5
135 13
28 26
161 19
921 27
376 17
342 23
719 17
413 13
989 15
857 11
504 25
469 3
589 9
127 3
472 11
27 20
438 27
800 15
187 13
987 11
672 9
599 21
254 29
825 15
369 5
993 21
661 21
746 25
849 23
20 8
712 5
678 9
126 15
934 9
608 1
425 19
168 1
261 19
851 21
662 19
948 7
595 11
292 3
529 29
155 13
487 11
226 5
109 15
16 12
925 27
337 13
900 13
919 21
855 21
563 27
491 11
531 21
164 27
917 7
264 29
927 29
882 5
577 5
171 29
724 23
461 13
809 11
864 17
68 1
367 23
658 23
498 1
209 3
47 13
880 11
707 9
614 15
790 9
545 19
308 7
283 23
630 27
555 17
489 11
400 13
838 25
79 27
364 13
831 11
243 23
956 21
268 19
941 5
427 17
807 23
623 27
28
4 29
6 28
16 28
19 30
23 28
10 28
26 30
22 30
1 29
18 28
2 30
7 28
17 29
13 30
11 30
20 29
12 30
3 28
5 28
27 28
28 29
24 28
14 29
9 29
21 28
25 29
8 28
15 28
28
13 28
3 28
7 30
2 30
15 30
9 28
8 30
1 29
4 29
5 29
25 29
21 28
16 28
17 30
11 29
14 28
6 29
26 30
28 29
24 28
18 28
22 30
20 29
23 28
10 28
12 28
19 28
27 28
32
19 28
21 28
13 28
15 28
4 29
20 30
11 28
16 28
23 30
25 28
1 29
5 28
17 29
31 28
24 28
27 30
6 28
32 29
28 28
29 29
12 30
7 29
22 29
9 30
30 30
3 28
18 28
10 28
26 28
8 29
14 28
2 30
35
5 28
16 29
32 29
25 28
15 28
9 28
18 30
23 28
1 29
29 29
35 29
4 29
6 30
12 28
27 28
2 30
3 28
11 28
30 30
28 28
14 28
8 28
10 28
20 30
31 28
7 28
22 30
17 28
34 28
33 30
21 28
13 29
24 28
26 28
19 29
90
86 8
120 6
50 14
144 9
183 4
291 5
32 22
282 6
224 2
16 20
125 14
75 26
195 27
233 17
95 11
239 18
53 10
269 15
149 13
264 8
30 5
126 7
10 29
106 15
168 3
6 4
88 18
133 21
258 23
248 14
193 10
102 28
247 7
172 24
179 16
196 5
219 9
257 13
275 3
228 21
99 24
98 30
135 23
246 4
110 25
203 25
182 19
96 12
170 29
298 27
39 9
131 2
117 8
64 16
2 2
287 12
109 18
51 23
152 20
119 1
91 7
284 24
263 20
123 12
267 16
18 21
299 11
279 19
214 1
150 11
78 19
81 3
21 27
79 17
72 25
3 28
221 26
216 10
140 22
14 13
241 29
55 15
202 30
142 17
294 28
174 30
27 6
276 22
71 1
200 26
30
5 2
17 2
13 3
11 1
12 1
30 2
25 3
6 1
4 2
15 3
21 1
28 1
24 2
29 3
8 3
7 3
19 3
26 3
23 3
14 3
22 1
2 1
10 2
9 3
16 3
3 3
20 3
18 3
1 2
27 2
33
6 28
10 28
30 29
24 28
31 30
22 28
5 30
16 29
20 28
1 29
2 30
11 28
29 28
21 28
4 30
15 28
12 30
13 28
7 28
9 29
25 29
17 28
27 28
8 29
14 30
32 28
26 28
18 28
3 28
28 30
33 29
23 28
19 29
28
6 3
20 3
4 2
21 2
22 2
7 3
10 3
5 1
17 1
1 2
15 1
8 3
2 1
24 3
19 3
23 3
28 2
9 3
12 3
11 2
26 1
3 1
25 2
16 2
27 3
14 1
13 3
18 3
28
18 3
9 3
10 2
1 2
19 3
27 3
2 1
26 1
5 2
21 2
14 3
7 1
4 2
13 3
11 3
23 1
24 2
8 1
25 2
3 3
28 2
12 1
15 3
6 1
17 3
20 3
22 3
16 3
480
360 1
163 18
115 6
291 10
342 19
35 26
253 18
389 2
252 19
471 10
268 3
137 14
85 6
167 14
441 10
390 1
476 5
116 5
397 24
434 17
180 1
73 18
37 24
50 11
359 2
475 6
257 14
150 1
330 1
408 13
44 17
55 6
349 12
84 7
420 1
352 9
467 14
236 5
201 10
121 30
212 29
465 16
148 3
326 5
72 19
388 3
307 24
276 25
310 21
318 13
407 14
304 27
60 1
317 14
109 12
95 26
387 4
165 16
231 10
135 16
67 24
136 15
433 18
154 27
468 13
287 14
394 27
356 5
75 16
261 10
119 2
15 16
68 23
213 28
81 10
56 5
259 12
94 27
143 8
364 27
435 16
218 23
223 18
171 10
464 17
406 15
321 10
31 30
126 25
240 1
234 7
28 3
320 11
6 25
479 2
204 7
371 20
146 5
152 29
242 29
13 18
64 27
334 27
250 21
466 15
447 4
187 24
238 3
440 11
345 16
164 17
292 9
353 8
110 11
132 19
100 21
286 15
219 22
27 4
65 26
423 28
459 22
210 1
166 15
260 11
322 9
325 6
243 28
42 19
214 27
395 26
458 23
97 24
450 1
424 27
470 11
376 15
278 23
41 20
239 2
9 22
429 22
267 4
46 15
333 28
303 28
188 23
48 13
411 10
436 15
221 20
20 11
225 16
386 5
398 23
156 25
480 1
106 15
82 9
77 14
26 5
76 15
355 6
78 13
354 7
445 6
118 3
130 21
40 21
437 14
301 30
373 18
102 19
24 7
179 2
51 10
368 23
271 30
324 7
113 8
92 29
432 19
393 28
198 13
422 29
365 26
211 30
138 13
12 19
205 6
289 12
174 7
112 9
184 27
34 27
52 9
264 7
47 14
168 13
362 29
193 18
141 10
332 29
194 17
323 8
404 17
5 26
340 21
413 8
23 8
117 4
25 6
70 21
384 7
377 14
157 24
308 23
43 18
403 18
414 7
162 19
39 22
347 14
306 25
344 17
111 10
175 6
274 27
142 9
402 19
316 15
400 21
114 7
442 9
8 23
383 8
222 19
220 21
4 27
7 24
215 26
186 25
1 30
415 6
266 5
409 12
374 17
461 20
343 18
454 27
2 29
96 25
83 8
89 2
159 22
127 24
311 20
444 7
183 28
176 5
255 16
417 4
151 30
90 1
456 25
419 2
86 5
177 4
71 20
263 8
385 6
195 16
469 12
302 29
296 5
10 21
410 11
288 13
272 29
123 28
145 6
361 30
133 18
379 12
462 19
209 2
230 11
122 29
392 29
378 13
438 13
372 19
140 11
283 18
202 9
262 9
431 20
107 14
88 3
430 21
460 21
30 1
125 26
327 4
147 4
269 2
18 13
312 19
416 5
338 23
192 19
337 24
53 8
254 17
59 2
66 25
298 3
285 16
181 30
346 15
428 23
282 19
235 6
101 20
315 16
169 12
17 14
120 1
57 4
16 15
293 8
98 23
251 20
336 25
74 17
391 30
247 24
224 17
256 15
396 25
363 28
19 12
22 9
229 12
191 20
277 24
246 25
294 7
200 11
208 3
178 3
297 4
172 9
453 28
232 9
226 15
248 23
319 12
185 26
443 8
421 30
448 3
36 25
207 4
449 2
129 22
451 30
381 10
199 12
62 29
280 21
258 13
38 23
405 16
401 20
233 8
369 22
351 10
439 12
478 3
473 8
189 22
309 22
329 2
446 5
104 17
91 30
370 21
366 25
399 22
275 26
281 20
357 4
87 4
203 8
173 8
80 11
196 15
249 22
144 7
58 3
265 6
99 22
279 22
124 27
477 4
341 20
160 21
339 22
331 30
314 17
182 29
241 30
11 20
382 9
284 17
227 14
54 7
29 2
217 24
295 6
32 29
161 20
367 24
290 11
105 16
228 13
348 13
425 26
426 25
418 3
299 2
358 3
273 28
380 11
139 12
350 11
14 17
69 22
313 18
463 18
93 28
79 12
305 26
33 28
474 7
134 17
170 11
158 23
45 16
335 26
149 2
197 14
328 3
206 5
244 27
128 23
153 28
3 28
300 1
455 26
103 18
270 1
412 9
427 24
245 26
472 9
190 21
452 29
61 30
216 25
237 4
21 10
375 16
63 28
131 20
108 13
49 12
457 24
155 26
485
189 8
287 7
477 4
297 14
273 20
419 30
116 6
27 18
379 20
177 11
171 3
352 24
83 14
390 27
303 16
395 26
410 25
13 24
184 27
444 27
68 4
324 19
15 26
155 8
318 20
73 16
114 5
282 10
224 8
187 23
483 11
285 19
259 11
47 12
60 7
210 4
247 9
246 7
43 9
263 12
172 2
226 17
33 8
190 9
374 18
111 8
50 17
180 20
424 30
131 13
103 24
482 17
146 6
455 29
280 7
147 1
53 10
309 14
148 18
182 22
98 1
3 16
346 21
96 2
358 17
195 25
290 14
365 22
412 30
227 12
336 25
448 23
281 22
435 29
25 23
341 19
12 9
462 23
152 15
270 10
485 20
252 4
20 13
218 3
117 9
54 11
192 5
110 7
16 28
216 14
308 16
232 3
236 8
41 20
295 22
120 8
162 6
231 2
294 17
288 8
269 9
359 17
432 26
115 2
51 18
157 3
484 2
312 20
17 29
78 9
442 25
439 29
201 16
142 7
298 15
244 26
144 4
178 5
208 15
221 11
52 10
243 26
89 10
391 23
113 4
248 10
416 27
242 25
153 21
85 20
347 26
384 20
306 13
409 28
380 21
399 24
129 11
330 25
392 29
344 20
205 3
438 29
2 14
334 27
296 13
397 22
465 28
255 30
39 12
355 27
316 15
356 19
314 15
257 10
38 19
46 16
378 23
109 12
35 23
311 23
58 19
29 1
121 13
422 30
45 7
343 26
31 24
102 2
93 5
186 14
133 1
276 14
183 12
30 30
481 9
199 12
450 25
430 29
99 2
451 26
6 6
167 18
385 21
84 18
383 19
305 22
174 9
234 7
23 20
458 8
427 29
254 17
166 17
122 21
97 3
139 15
67 3
206 3
449 24
76 6
11 4
459 30
354 19
237 27
238 4
429 29
460 1
81 13
10 5
423 28
428 29
331 27
348 22
292 16
69 1
310 15
321 15
185 25
293 9
426 29
307 15
193 2
156 2
44 21
235 8
339 17
14 25
34 22
22 27
440 30
143 3
415 26
94 24
268 21
123 25
230 2
48 11
364 21
105 3
357 16
447 30
363 20
480 16
301 13
203 26
272 19
398 23
64 3
91 3
256 23
251 16
350 15
325 22
63 2
21 11
413 25
332 20
90 11
213 6
291 15
457 10
360 18
49 7
335 29
361 28
402 27
150 1
279 6
130 16
75 7
87 9
127 15
108 20
401 24
393 24
420 30
26 10
42 6
55 12
118 10
24 21
228 4
278 8
137 1
271 18
8 19
260 4
194 3
164 9
258 9
434 28
468 12
100 4
198 11
200 25
443 26
454 29
436 30
461 13
82 1
283 11
163 11
261 5
265 30
191 10
36 25
404 29
452 27
229 5
471 7
124 19
204 16
239 23
107 20
59 13
104 2
408 28
470 27
112 3
302 28
132 13
327 14
138 4
405 26
362 30
217 15
367 19
372 16
377 22
474 26
464 5
28 12
453 28
476 24
456 25
161 8
479 21
9 22
329 30
145 5
106 22
373 17
370 22
411 28
250 7
7 8
289 21
1 7
431 30
414 26
240 12
95 1
389 26
351 16
366 23
140 5
319 12
337 25
40 2
37 3
135 2
61 14
338 16
101 18
317 28
160 14
126 25
433 27
371 29
387 25
277 22
57 13
92 4
320 13
333 21
425 28
441 24
472 15
168 7
215 14
299 16
212 17
5 17
403 25
340 18
159 19
394 25
369 21
211 5
445 28
421 30
134 14
417 27
275 13
400 26
181 18
382 29
66 10
326 13
77 8
179 12
79 12
70 4
274 20
62 15
18 15
214 26
284 23
376 20
71 5
345 19
175 9
406 23
88 1
249 15
136 17
220 10
151 26
149 9
125 3
300 12
266 12
368 20
223 7
467 3
141 6
478 14
375 19
72 1
32 7
176 10
170 4
158 4
253 16
207 4
128 26
188 5
197 11
264 6
4 3
396 21
169 8
313 24
267 11
119 7
209 17
74 17
463 19
165 10
304 17
437 30
466 29
353 16
407 24
202 13
469 6
86 18
322 16
342 20
19 2
245 9
154 18
381 22
473 18
222 6
56 5
328 16
349 23
386 24
315 24
196 10
446 29
286 25
262 6
80 7
173 5
323 21
418 28
65 9
388 21
233 6
241 13
225 9
219 4
475 22
35
24 28
22 28
12 28
28 28
15 30
9 28
20 28
34 28
17 29
1 29
25 29
13 30
7 28
31 28
21 28
5 29
29 28
14 30
6 28
23 28
27 30
18 30
32 29
4 29
11 28
19 28
2 30
8 28
33 30
10 29
30 28
35 29
16 28
3 28
26 28
90
91 16
83 22
267 1
134 13
285 6
97 19
4 17
40 23
252 11
110 3
54 25
185 19
128 14
245 3
70 13
179 5
204 24
50 4
112 10
155 6
198 2
186 21
87 26
171 4
298 10
20 29
62 7
297 16
10 10
156 8
56 12
96 28
21 24
172 25
206 19
6 14
235 4
160 20
158 11
17 6
273 29
49 2
187 9
258 12
48 20
2 3
205 7
251 18
213 13
289 5
94 8
300 22
165 7
215 17
276 27
224 2
27 1
269 20
73 11
164 16
282 26
261 25
127 29
146 12
108 15
41 18
68 5
88 9
38 21
222 8
138 24
167 17
107 30
223 14
240 15
9 15
231 30
7 27
253 21
150 26
262 9
24 30
145 23
149 27
264 28
147 1
277 23
148 18
122 22
197 28
481
74 14
292 21
285 14
361 30
279 8
218 8
449 28
133 13
362 1
295 24
319 18
126 6
350 19
435 14
284 13
391 30
430 9
101 11
46 16
95 5
249 8
310 9
226 15
143 23
61 1
85 25
458 7
466 15
384 23
96 6
98 8
306 5
302 1
154 4
111 21
275 4
274 3
222 11
183 3
255 14
159 9
421 30
240 29
157 7
84 24
160 10
194 14
60 30
20 20
81 21
346 15
17 17
25 25
91 1
75 15
455 4
328 27
345 14
410 19
107 17
16 16
197 17
135 15
68 8
141 21
456 5
348 17
242 1
477 26
119 29
423 2
227 16
51 21
459 8
256 15
212 2
317 16
473 22
375 14
394 3
130 10
282 11
193 13
48 18
122 2
425 4
147 27
89 29
329 28
332 1
65 5
40 10
5 5
393 2
420 29
433 12
78 18
200 20
261 20
216 6
448 27
335 4
349 18
87 27
409 18
440 19
258 17
140 20
161 11
381 20
413 22
4 4
342 11
34 4
324 23
39 9
245 4
419 28
428 7
228 17
174 24
142 22
99 9
347 16
220 11
37 7
250 9
303 2
280 9
359 28
442 21
232 21
208 28
321 20
465 14
158 8
164 14
238 27
437 16
378 17
441 20
9 9
311 10
339 8
313 12
390 29
257 16
83 23
364 3
24 24
165 15
273 2
66 6
327 26
221 10
41 11
443 22
44 14
121 1
454 3
427 6
368 7
67 7
325 24
187 7
397 6
191 11
104 14
343 12
418 27
110 20
322 21
260 19
145 25
278 7
379 18
276 5
380 19
106 16
270 29
269 28
162 12
462 11
131 11
469 18
213 3
53 23
127 7
55 25
336 5
176 26
186 6
431 10
470 19
33 3
357 26
189 9
125 5
341 10
401 10
453 2
475 24
340 9
271 30
184 4
434 13
150 30
73 13
300 29
30 30
180 30
27 27
472 21
198 18
351 20
479 28
316 15
62 2
265 24
291 20
88 28
370 9
97 7
18 18
426 5
109 19
237 26
446 25
471 20
259 18
172 22
105 15
178 28
395 4
108 18
146 26
239 28
334 3
402 11
103 13
129 9
411 20
314 13
70 10
225 14
262 21
117 27
307 6
253 12
8 8
118 28
445 24
308 7
272 1
407 16
422 1
217 7
120 30
481 30
93 3
476 25
138 18
166 16
38 8
330 29
241 30
42 12
353 22
358 27
112 22
369 8
480 29
403 12
195 15
185 5
80 20
354 23
86 26
128 8
406 15
115 25
203 23
399 8
79 19
7 7
155 5
171 21
59 29
58 28
229 18
293 22
64 4
386 25
69 9
326 25
266 25
13 13
283 12
116 26
246 5
382 21
92 2
223 12
175 25
373 12
252 11
323 22
457 6
356 25
286 15
52 22
367 6
199 19
210 30
294 23
123 3
374 13
219 9
57 27
296 25
49 19
22 22
43 13
363 2
188 8
383 22
10 10
400 9
182 2
11 11
366 5
439 18
149 29
408 17
377 16
298 27
463 12
21 21
168 18
290 19
301 30
215 5
474 23
134 14
337 6
312 11
205 25
315 14
28 28
54 24
170 20
214 4
139 19
331 30
452 1
318 17
385 24
202 22
179 29
304 3
396 5
281 10
114 24
417 26
31 1
132 12
392 1
72 12
371 10
438 17
254 13
436 15
251 10
211 1
3 3
415 24
177 27
414 23
15 15
268 27
444 23
156 6
35 5
167 17
207 27
432 11
352 21
450 29
233 22
19 19
388 27
387 26
190 10
365 4
45 15
376 15
82 22
405 14
461 10
231 20
50 20
320 19
148 28
447 26
243 2
32 2
2 2
389 28
412 21
77 17
173 23
76 16
451 30
71 11
1 1
6 6
398 7
289 18
201 21
429 8
153 3
56 26
192 12
478 27
102 12
248 7
263 22
26 26
299 28
94 4
136 16
287 16
224 13
355 24
47 17
344 13
36 6
424 3
100 10
14 14
467 16
29 29
113 23
209 29
152 2
338 7
244 3
163 13
460 9
333 2
297 26
169 19
206 26
234 23
90 30
416 25
267 26
235 24
137 17
230 19
151 1
204 24
372 11
12 12
404 13
124 4
63 3
464 13
264 23
196 16
247 6
468 17
23 23
236 25
144 24
181 1
305 4
309 8
288 17
277 6
360 29
519
148 6
87 17
499 19
191 25
262 12
214 23
236 19
45 27
2 20
382 5
114 25
263 11
472 5
469 8
250 13
38 15
134 13
311 13
8 17
360 15
406 4
464 4
54 19
331 15
444 3
125 28
487 3
253 14
207 5
437 5
110 19
81 24
4 13
349 12
92 27
518 23
272 28
371 15
212 7
268 23
422 4
226 10
147 9
481 4
494 2
367 16
151 28
486 4
356 17
380 14
248 24
317 5
388 12
334 18
258 23
58 9
219 10
425 8
178 22
139 28
187 20
475 2
242 5
325 7
347 13
14 28
57 10
228 29
306 22
435 6
491 30
256 26
42 21
337 15
86 12
352 10
136 20
374 8
370 15
512 7
503 14
121 17
157 25
508 17
116 23
516 21
189 29
417 7
266 25
369 10
203 16
261 13
225 29
138 19
112 3
511 8
210 19
412 9
208 28
312 24
419 7
514 12
458 2
83 22
389 11
200 23
390 9
254 29
476 2
377 11
171 21
277 27
300 15
102 10
482 3
383 3
120 11
396 7
229 28
270 29
394 13
489 2
1 24
421 9
404 5
519 26
284 15
144 28
32 22
156 26
502 3
176 15
59 8
165 22
89 16
260 21
154 2
119 20
443 3
320 4
12 14
363 9
365 18
344 14
283 26
345 17
76 12
273 27
238 24
20 23
305 23
411 10
438 2
271 28
18 8
35 25
227 9
496 16
465 4
230 30
105 16
434 3
456 4
302 18
493 11
265 6
257 14
454 1
66 26
175 25
308 19
408 13
197 1
79 26
479 2
373 9
398 6
455 5
424 9
174 5
222 29
400 11
74 26
172 30
117 22
73 27
280 19
457 3
181 25
71 13
34 28
101 26
346 16
209 27
453 2
515 22
128 25
285 26
442 4
241 13
153 15
6 10
27 2
67 25
364 11
460 7
401 10
218 24
88 17
332 14
463 4
179 21
386 5
513 10
80 25
478 3
375 3
340 18
477 1
299 16
391 8
483 2
237 30
44 10
247 26
359 16
190 28
418 5
129 24
413 6
216 24
65 19
16 5
99 14
143 22
293 12
467 2
495 28
183 30
49 25
111 8
473 4
109 20
82 23
95 19
167 30
170 23
141 23
150 3
100 11
355 18
471 6
403 8
335 17
56 17
180 30
319 4
433 6
348 16
259 22
361 14
470 7
224 30
185 28
113 26
304 20
353 8
36 22
397 12
217 3
64 1
246 25
159 28
17 7
223 28
279 1
10 18
39 14
291 17
327 20
330 11
326 3
145 10
484 1
341 17
497 4
164 23
68 5
432 4
48 21
414 9
232 27
25 3
393 14
324 22
451 4
124 14
410 11
122 7
196 16
193 17
506 13
295 17
296 25
244 17
31 26
115 24
350 11
182 18
152 27
15 25
449 1
162 23
233 14
264 10
201 5
351 18
118 21
428 7
395 12
213 13
392 15
198 29
376 6
206 25
194 30
500 9
55 18
3 16
466 3
160 27
333 10
163 15
94 30
384 1
290 13
90 15
123 15
310 16
338 20
155 18
488 2
358 17
474 3
33 12
309 17
313 23
158 29
243 18
131 23
328 22
149 16
132 17
46 22
275 29
379 9
255 8
7 29
5 27
407 3
357 8
378 10
281 6
468 1
161 24
448 1
282 23
402 9
368 10
186 27
127 26
93 26
40 11
61 28
202 4
13 22
504 29
231 29
77 30
84 21
130 29
427 8
354 6
62 21
9 11
429 3
29 30
276 28
23 4
220 19
480 1
24 19
274 26
168 29
103 10
288 23
69 11
204 6
430 3
104 11
43 20
72 12
301 19
362 10
440 4
195 29
173 29
278 25
287 14
385 5
420 7
441 2
366 17
446 4
135 11
221 30
387 4
211 9
70 10
140 18
510 20
188 30
339 19
498 18
199 24
245 30
137 19
323 12
63 20
126 27
166 24
107 9
297 22
215 25
322 13
177 22
53 20
146 13
416 8
298 21
289 22
96 18
85 4
267 24
192 24
517 24
318 13
461 6
21 15
315 20
97 17
286 20
492 27
405 1
19 26
452 3
423 7
509 6
235 14
450 1
75 9
52 21
142 23
342 9
91 14
329 12
239 18
252 18
50 24
336 16
28 21
431 2
399 5
316 11
372 14
240 25
60 22
321 8
78 19
22 12
26 9
445 2
269 18
133 30
249 24
205 7
381 13
41 11
47 27
426 2
169 28
447 2
314 22
462 5
501 25
98 16
294 1
415 10
485 5
30 1
106 15
343 15
51 6
307 21
436 3
251 19
37 21
505 15
108 30
409 12
459 1
234 24
11 6
507 5
303 14
184 29
439 5
292 20
490 1
35
19 30
26 28
34 28
8 28
11 30
1 29
18 28
12 28
4 28
27 29
21 28
17 28
15 30
14 28
3 30
31 30
6 29
23 28
35 29
7 30
5 28
2 28
25 28
10 29
30 28
28 28
24 28
22 28
13 29
33 30
29 28
9 29
32 29
16 28
20 28
32
8 30
10 28
19 29
6 30
25 28
11 29
26 28
16 28
27 30
21 30
1 29
32 29
30 30
7 28
24 29
9 28
31 28
14 29
13 28
5 30
2 30
20 28
18 28
23 28
12 28
17 28
15 28
29 29
22 28
3 28
28 28
4 29
90
238 24
58 27
57 9
39 6
95 13
215 10
175 24
107 18
154 16
169 22
156 12
217 6
216 16
114 9
14 12
193 5
138 20
259 2
202 23
270 3
274 12
113 17
272 27
273 29
21 25
256 14
44 24
197 11
81 18
102 10
248 28
293 22
110 13
155 25
287 11
290 19
139 2
111 6
124 30
11 19
26 22
157 27
32 7
50 3
225 7
126 23
90 10
72 5
42 30
97 8
159 4
54 11
230 25
283 15
75 15
207 8
292 18
296 5
23 26
288 4
46 28
9 4
15 1
184 29
6 17
170 19
254 21
131 3
129 14
241 30
203 1
89 23
195 28
211 9
179 21
149 26
3 21
264 26
122 7
45 20
185 8
93 16
67 2
192 15
282 20
233 17
276 13
178 1
71 14
43 29
42
758 24
944 25
943 27
676 30
15 22
737 23
1000 16
292 1
76 3
85 28
225 12
580 5
954 27
297 29
710 7
562 11
415 19
2 17
867 13
168 7
388 26
698 8
113 1
491 6
208 9
268 25
359 5
917 2
557 4
239 9
410 14
287 20
274 13
560 23
790 21
81 19
436 11
1 16
162 10
90 21
824 29
368 3
493
154 16
628 10
555 22
485 20
481 16
477 6
749 14
104 12
697 22
208 30
352 30
638 18
678 22
862 8
200 20
637 24
762 18
499 28
209 2
360 22
760 4
126 10
368 14
85 20
362 14
933 24
885 8
705 16
901 14
487 4
439 2
713 16
297 16
500 30
192 16
696 6
62 12
608 22
940 8
552 10
949 12
913 26
155 6
814 18
815 8
55 16
579 20
316 14
800 18
401 24
376 28
613 2
520 28
337 26
523 30
984 4
915 12
720 12
474 12
798 22
495 24
83 22
515 18
490 8
853 26
444 2
682 22
172 28
436 20
745 16
931 2
383 10
883 10
781 10
688 10
904 10
268 8
187 24
478 20
659 2
438 20
89 14
869 10
149 2
433 30
73 16
991 30
827 16
560 6
785 20
396 2
150 6
84 14
423 2
786 14
163 2
270 26
50 4
101 30
234 26
898 20
582 6
757 8
719 8
132 6
407 26
527 2
29 13
315 20
528 2
361 14
246 6
364 8
39 18
631 4
937 26
852 18
535 22
413 4
398 22
580 8
471 20
874 6
974 28
267 24
557 18
639 18
393 12
998 4
562 22
107 2
258 4
740 16
767 18
31 4
432 26
388 16
489 16
197 6
921 18
349 24
322 28
295 28
179 12
547 30
26 25
67 26
595 6
710 10
789 28
516 6
792 18
23 29
816 24
141 12
225 22
44 28
594 16
389 6
650 14
25 19
91 6
813 2
858 28
936 18
741 14
588 20
1000 26
716 18
673 30
387 20
276 20
40 12
359 24
403 22
575 20
924 14
16 1
702 12
881 2
666 12
309 8
717 16
482 6
806 2
524 16
753 8
460 12
590 12
906 18
459 14
549 18
492 6
983 30
342 30
593 18
843 16
119 6
633 30
823 28
37 2
305 4
529 28
644 16
873 16
572 14
443 8
576 6
346 16
959 24
240 8
950 26
455 20
980 28
118 2
578 8
733 12
42 12
558 24
681 28
411 2
626 10
404 8
609 2
926 8
802 28
109 20
625 8
281 28
801 22
18 7
196 18
701 4
111 10
416 30
229 20
941 10
670 16
784 30
402 26
828 10
700 18
427 16
570 10
71 30
623 8
251 18
919 8
990 6
469 28
205 16
430 16
752 6
27 17
744 12
893 4
243 20
739 28
817 2
999 2
967 20
177 16
729 8
233 18
170 8
20 3
860 18
706 2
616 22
571 30
253 10
565 2
900 16
382 6
672 20
951 20
10 23
643 20
738 18
491 12
748 10
969 30
655 4
397 26
546 14
255 28
783 24
766 14
87 30
201 20
97 30
308 10
68 20
124 28
157 2
212 12
350 14
842 4
618 8
825 10
323 30
28 15
530 10
307 10
662 26
675 26
160 30
451 22
347 16
274 26
320 10
169 10
903 28
271 14
689 14
910 30
695 2
317 12
844 4
130 26
599 6
635 18
838 26
928 22
867 18
764 2
24 27
355 26
298 14
354 4
620 18
59 26
110 20
797 8
406 2
372 26
188 26
260 28
958 28
53 2
257 10
677 20
153 20
171 20
390 18
134 12
747 6
542 16
573 16
602 16
100 6
962 26
896 8
117 14
415 22
818 10
939 12
103 18
755 16
845 2
693 18
273 6
596 16
96 30
217 2
391 6
129 12
338 24
250 14
142 24
686 14
541 16
86 4
57 20
711 16
674 18
242 18
265 24
979 4
718 6
325 28
866 10
728 2
221 20
272 24
127 16
293 12
708 18
256 6
888 30
604 6
259 6
184 8
646 28
772 20
841 30
768 10
66 24
392 12
54 12
199 10
965 14
995 22
488 4
694 4
519 4
948 28
467 16
461 6
343 8
597 12
30 11
264 28
533 22
5 9
114 12
649 16
911 16
381 4
957 28
291 16
115 14
348 26
182 16
834 10
463 6
226 26
174 12
310 8
761 10
238 6
13 5
472 22
525 8
897 18
987 20
645 8
266 4
803 10
457 30
410 16
895 8
714 20
327 2
93 2
137 22
493 18
855 26
419 20
698 20
877 22
954 30
288 22
629 4
920 10
968 8
722 24
228 18
993 24
996 6
14 21
341 30
782 22
252 26
989 12
807 10
709 14
313 16
484 16
563 10
691 24
452 6
357 4
56 16
494 28
227 30
211 10
791 16
138 20
676 10
634 26
737 10
545 20
925 6
108 26
894 24
871 26
857 28
496 16
144 24
422 8
351 22
538 12
