100
100
168 9
9 1
147 9
150 9
194 9
127 9
400 3
176 9
1 1
195 9
190 9
401 5
101 9
144 9
137 9
156 9
3 12
193 9
138 9
162 9
163 9
146 9
8 9
165 9
112 9
191 9
102 9
139 9
133 9
128 9
134 9
403 4
408 14
402 14
148 9
152 9
172 9
181 9
119 9
405 13
174 9
178 9
198 9
151 9
200 9
406 13
169 9
123 9
140 9
126 9
159 9
166 9
4 6
115 9
179 9
158 9
173 9
103 9
105 9
407 4
171 9
141 9
108 9
196 9
177 9
404 15
157 9
114 9
175 9
149 9
131 9
164 9
6 15
409 5
142 9
184 9
116 9
136 9
125 9
129 9
117 9
109 9
155 9
143 9
106 9
188 9
7 7
130 9
145 9
104 9
5 2
153 9
180 9
121 9
197 9
10 7
2 6
132 9
154 9
189 9
73
24 6
47 8
13 7
55 8
63 5
23 4
18 3
34 2
44 4
69 8
3 5
36 6
41 1
70 7
49 1
73 7
26 5
5 4
4 4
50 2
39 1
65 8
12 2
15 7
58 6
53 4
37 8
27 5
46 2
1 6
25 8
28 5
38 7
68 6
11 3
72 8
42 8
7 2
48 2
43 5
71 6
17 3
61 7
59 5
32 4
64 6
57 7
33 3
60 8
51 4
2 6
54 5
8 1
20 4
19 2
14 5
52 3
66 8
31 5
35 2
6 5
30 7
56 8
62 6
9 3
10 1
40 1
45 1
21 3
22 5
67 7
16 4
29 5
100
196 7
108 7
172 7
147 7
145 7
190 7
126 7
9 12
153 7
403 15
162 7
402 12
130 7
133 7
200 7
103 7
407 9
170 7
178 7
169 7
118 7
113 7
137 7
183 7
127 7
2 2
167 7
406 13
124 7
149 7
7 12
106 7
152 7
4 10
8 2
166 7
111 7
107 7
1 8
182 7
177 7
122 7
116 7
115 7
112 7
10 1
6 2
401 10
140 7
181 7
121 7
168 7
146 7
186 7
131 7
404 9
198 7
199 7
161 7
408 7
158 7
189 7
136 7
188 7
194 7
160 7
119 7
197 7
173 7
117 7
409 7
5 12
105 7
110 7
184 7
155 7
128 7
142 7
134 7
400 15
123 7
141 7
163 7
180 7
132 7
171 7
135 7
143 7
148 7
125 7
109 7
179 7
3 5
174 7
101 7
114 7
195 7
192 7
144 7
405 9
100
409 4
139 9
118 9
115 9
3 14
403 13
199 9
170 9
125 9
188 9
155 9
167 9
179 9
124 9
180 9
122 9
5 1
137 9
101 9
151 9
103 9
1 5
192 9
144 9
175 9
149 9
2 12
174 9
145 9
191 9
126 9
160 9
407 5
404 4
102 9
143 9
140 9
104 9
157 9
116 9
4 5
182 9
8 15
123 9
408 2
113 9
105 9
121 9
154 9
112 9
181 9
198 9
402 15
159 9
176 9
168 9
114 9
127 9
172 9
186 9
162 9
7 13
6 5
108 9
193 9
406 14
169 9
185 9
156 9
110 9
148 9
164 9
401 2
405 15
190 9
195 9
189 9
147 9
177 9
106 9
131 9
187 9
184 9
135 9
117 9
133 9
196 9
161 9
10 6
141 9
400 5
109 9
178 9
163 9
146 9
120 9
130 9
111 9
200 9
9 10
45
24 3
299 2
97 7
241 8
106 4
22 6
235 12
55 12
220 7
288 5
144 1
191 11
94 4
208 1
16 11
127 6
228 15
74 9
273 11
166 7
174 8
80 1
140 14
282 3
107 10
46 5
56 10
67 14
84 2
130 2
179 12
184 5
269 9
175 13
186 15
2 13
263 13
238 10
199 3
83 15
205 6
251 4
254 14
145 9
29 8
100
190 7
127 7
116 7
193 7
104 7
403 1
189 7
192 7
182 7
125 7
102 7
167 7
133 7
135 7
146 7
126 7
5 15
195 7
174 7
3 1
113 7
140 7
111 7
159 7
169 7
197 7
176 7
406 13
144 7
400 5
181 7
129 7
138 7
128 7
404 15
180 7
6 7
121 7
163 7
123 7
1 15
9 1
151 7
158 7
142 7
407 15
173 7
145 7
196 7
2 4
156 7
409 14
143 7
405 11
161 7
136 7
179 7
139 7
172 7
160 7
8 14
124 7
114 7
148 7
118 7
186 7
4 6
191 7
10 5
155 7
402 1
108 7
150 7
183 7
401 5
120 7
115 7
141 7
147 7
119 7
137 7
110 7
106 7
134 7
131 7
199 7
117 7
157 7
184 7
177 7
7 12
103 7
166 7
153 7
175 7
198 7
132 7
109 7
408 4
200 7
93
722 2
573 6
509 6
440 12
80 10
456 10
404 12
372 6
332 14
992 6
8 1
534 12
900 2
367 8
562 14
836 4
902 6
819 14
143 8
362 10
248 14
12 7
552 10
700 8
791 10
636 6
100 2
369 4
723 10
853 4
299 2
535 12
168 10
801 10
215 14
503 14
670 4
171 4
379 12
680 12
98 2
734 10
895 2
492 2
421 8
14 13
623 14
180 4
531 10
386 4
205 8
153 2
597 14
872 2
26 8
779 6
10 5
273 2
634 4
637 8
341 10
807 14
355 4
647 4
13 9
663 14
384 4
914 14
304 14
240 10
483 4
9 3
6 11
82 8
11 7
817 12
800 8
766 2
274 6
493 10
812 6
754 10
996 6
19 4
144 12
229 12
799 12
158 14
585 8
621 4
890 2
512 4
15 15
3
1 15
2 14
3 15
100
972 7
21 7
38 7
19 7
26 7
965 7
983 7
20 7
32 7
966 7
971 7
50 7
993 7
975 7
981 7
10 7
994 7
14 7
982 7
997 7
47 6
970 7
15 7
3 7
989 7
967 7
999 7
54 7
959 7
46 7
1 7
39 7
998 7
988 7
987 7
960 7
11 7
961 7
968 7
44 7
36 7
25 7
4 7
48 5
957 7
2 7
22 7
35 7
995 7
992 7
28 7
5 7
962 7
969 7
985 7
43 7
13 7
974 7
27 7
41 7
978 7
6 7
979 7
23 7
996 7
990 7
9 7
55 6
980 7
31 7
29 7
30 7
991 7
956 7
33 7
51 6
56 5
986 7
973 7
12 7
49 5
964 7
40 7
34 7
963 7
37 7
16 7
17 7
18 7
45 7
976 7
52 5
7 7
8 7
24 7
977 7
984 7
42 7
958 7
1000 7
74
1 8
58 15
65 14
21 11
24 7
51 12
11 9
49 11
23 12
40 9
5 9
2 11
52 11
67 7
7 10
59 13
36 11
37 10
48 10
53 13
12 9
66 15
63 15
22 12
28 9
43 8
70 12
62 14
27 9
19 10
38 12
50 12
57 15
35 11
47 13
34 10
16 15
41 7
4 14
64 15
8 7
25 8
30 11
6 13
18 8
39 8
26 8
54 14
46 14
60 14
56 13
68 13
69 14
74 9
31 10
72 10
33 13
17 7
9 15
61 14
3 12
32 13
29 13
10 8
73 8
44 9
13 8
14 7
45 10
42 8
55 12
71 11
20 7
15 10
74
59 12
20 15
70 8
71 9
22 14
40 8
8 15
1 9
34 14
28 13
63 8
5 14
21 13
9 13
50 9
25 8
64 9
41 15
33 13
43 10
37 13
14 13
42 14
48 12
23 9
24 10
44 13
29 15
18 12
65 10
6 9
73 8
47 11
13 15
74 9
56 8
58 11
72 10
49 8
45 12
60 11
15 8
12 12
62 11
16 10
53 8
31 13
17 11
66 11
19 14
10 13
39 9
68 9
4 11
46 10
69 10
26 11
51 10
36 15
7 15
35 14
38 14
32 9
27 12
55 10
30 9
54 9
3 11
52 11
67 10
57 12
61 10
2 11
11 14
45
132 6
209 8
286 10
233 7
293 9
200 4
12 10
134 12
19 14
46 13
42 1
93 8
162 3
130 10
153 5
102 13
101 7
126 15
203 4
249 15
243 14
35 9
284 3
88 2
73 5
206 6
3 12
100 6
138 1
81 15
91 7
194 8
228 12
103 2
226 5
135 11
84 3
245 13
77 11
76 4
251 11
149 14
275 1
196 9
296 2
100
5 7
4 7
162 9
199 9
112 9
191 9
111 9
134 9
116 9
163 9
126 9
148 9
189 9
187 9
172 9
405 1
135 9
147 9
7 12
139 9
146 9
177 9
157 9
10 14
130 9
188 9
170 9
125 9
156 9
122 9
131 9
109 9
129 9
1 9
159 9
166 9
107 9
115 9
180 9
3 13
150 9
406 2
197 9
136 9
106 9
121 9
137 9
200 9
182 9
401 4
198 9
196 9
132 9
173 9
181 9
8 12
165 9
101 9
171 9
179 9
194 9
124 9
175 9
176 9
9 5
403 5
128 9
6 3
103 9
167 9
407 3
104 9
153 9
408 13
152 9
164 9
108 9
183 9
400 14
114 9
151 9
118 9
141 9
184 9
160 9
409 13
102 9
140 9
186 9
404 7
2 13
145 9
123 9
169 9
174 9
110 9
138 9
402 1
127 9
149 9
91
8 8
74 3
68 9
84 8
65 12
15 1
87 5
63 14
36 11
51 11
10 6
80 12
22 9
89 3
59 3
11 5
56 6
16 15
72 5
24 7
48 14
52 10
33 14
54 8
73 4
91 1
27 4
70 7
43 4
46 1
38 9
37 10
26 5
49 13
44 3
61 1
69 8
90 2
47 15
45 2
88 4
79 13
29 2
50 12
20 11
42 5
64 13
28 3
2 14
18 13
31 15
75 2
3 13
40 7
41 6
53 9
14 2
67 10
82 10
86 6
77 15
4 12
34 13
32 13
21 10
81 11
9 7
17 14
12 4
60 2
78 14
39 8
35 12
58 4
76 1
62 15
83 9
71 6
6 10
30 1
7 9
1 15
5 11
57 5
13 3
55 7
19 12
23 8
66 11
25 6
85 7
45
227 13
56 14
137 14
12 13
97 15
193 13
35 15
153 15
282 15
201 15
229 13
78 13
91 14
98 13
218 14
127 13
215 13
81 13
216 13
172 15
190 15
183 15
133 13
25 14
80 15
199 14
46 14
21 15
42 14
180 14
261 15
256 14
132 14
250 14
235 14
187 14
231 15
268 15
258 13
104 13
165 15
121 13
90 15
8 13
278 14
72
43 10
35 12
32 14
29 15
47 10
42 9
21 14
69 10
63 9
12 14
31 13
44 9
71 9
11 15
20 13
68 9
3 12
51 13
33 15
19 13
17 9
66 10
18 13
37 13
50 12
39 9
10 9
65 12
14 15
53 11
54 9
24 9
55 12
59 12
13 11
22 14
46 10
52 12
72 10
25 10
57 10
61 10
9 15
1 10
64 10
40 10
6 15
28 13
67 11
58 11
2 11
5 14
4 12
60 9
56 9
45 9
7 13
36 11
48 10
23 14
27 12
26 11
16 10
30 15
15 9
49 11
41 9
34 14
62 11
8 14
70 11
38 11
68
6 14
42 11
51 11
61 9
37 10
23 9
7 13
35 12
52 12
21 11
32 13
28 14
11 14
47 10
8 13
18 14
41 10
60 9
24 10
38 11
13 15
30 14
33 10
62 10
14 13
49 10
64 9
40 9
45 10
20 10
29 15
59 11
54 10
15 15
26 13
36 9
22 13
58 9
9 15
46 10
50 10
19 15
48 10
44 9
34 11
3 15
63 11
16 13
57 12
1 14
66 11
17 14
31 10
55 9
5 15
10 13
39 12
67 9
43 12
4 12
68 10
2 11
53 9
27 10
25 13
56 11
65 10
12 14
100
616 7
80 7
173 7
477 7
347 7
145 7
182 7
281 7
237 7
390 7
568 7
103 7
321 7
63 7
598 7
249 7
556 7
409 7
267 7
580 7
509 7
71 7
550 7
415 7
294 7
307 7
123 7
117 7
140 7
525 7
329 7
9 7
156 7
86 7
213 7
113 7
516 7
215 7
369 7
570 7
541 7
94 7
607 7
405 7
43 7
240 7
456 7
592 7
427 7
26 7
288 7
149 7
52 7
381 7
600 7
152 7
232 7
273 7
546 7
465 7
398 7
198 7
471 7
424 7
134 7
243 7
495 7
4 7
60 7
220 7
499 7
16 7
336 7
361 7
533 7
217 7
487 7
299 7
345 7
562 7
312 7
483 7
447 7
589 7
443 7
34 7
188 7
228 7
257 7
351 7
419 7
126 7
343 7
206 7
166 7
22 7
67 7
433 7
14 7
372 7
70
26 5
70 7
2 7
62 6
13 3
66 8
45 8
38 2
48 8
69 8
30 1
59 8
50 6
52 6
25 2
40 4
60 6
39 1
41 2
9 2
17 3
20 4
35 7
42 3
3 7
51 6
8 4
18 6
47 8
37 2
68 6
58 5
12 2
23 1
14 3
61 7
1 7
33 4
29 6
44 6
24 3
5 5
34 1
27 2
10 1
31 8
21 4
28 3
46 5
19 5
11 1
55 7
36 1
6 5
63 8
32 7
16 4
49 7
43 4
56 8
67 7
53 5
4 6
15 2
54 8
7 4
65 6
64 7
22 3
57 6
79
50 13
41 15
76 8
63 12
39 14
10 14
73 8
70 10
32 7
19 15
40 7
60 13
49 13
61 14
57 9
36 12
68 9
33 8
17 12
16 11
12 15
66 13
13 10
9 13
1 8
62 15
35 7
15 9
4 12
51 14
46 7
37 14
77 9
26 12
30 13
52 15
3 11
54 11
79 8
67 10
27 10
45 13
78 7
74 9
65 11
22 7
34 9
25 15
38 7
20 10
53 10
47 7
24 9
7 15
14 10
56 8
58 10
44 10
11 10
8 12
31 14
2 8
59 11
72 10
69 11
48 8
55 12
71 11
28 12
43 9
23 8
42 7
29 13
18 13
21 11
5 12
6 14
64 14
75 7
45
168 11
109 13
18 5
99 15
149 3
207 15
275 3
68 3
45 4
131 12
151 7
26 9
157 1
127 9
75 11
134 5
67 1
123 15
117 6
256 7
89 2
297 9
139 8
215 4
103 4
285 5
238 8
95 6
214 14
191 2
189 14
277 12
47 12
39 14
300 13
296 2
282 10
81 7
184 10
29 8
54 10
227 11
284 6
228 1
31 13
5
230 10
19 13
489 2
401 6
268 15
100
165 7
147 7
118 7
178 7
139 7
130 7
188 7
144 7
117 7
174 7
143 7
195 7
177 7
186 7
405 9
160 7
111 7
104 7
180 7
131 7
154 7
404 14
163 7
173 7
407 2
400 4
179 7
146 7
189 7
194 7
197 7
200 7
115 7
166 7
401 3
119 7
142 7
409 3
101 7
4 12
183 7
8 2
406 10
408 12
140 7
158 7
162 7
403 13
113 7
170 7
10 3
5 9
157 7
116 7
133 7
110 7
128 7
150 7
155 7
198 7
136 7
187 7
112 7
181 7
103 7
120 7
121 7
151 7
105 7
192 7
138 7
167 7
171 7
185 7
132 7
402 13
199 7
6 11
134 7
168 7
126 7
124 7
127 7
2 15
182 7
106 7
164 7
107 7
122 7
7 1
3 6
149 7
159 7
145 7
137 7
175 7
153 7
135 7
9 10
1 5
68
32 10
37 9
58 10
6 10
35 9
4 10
51 11
34 14
52 9
23 14
46 10
49 9
56 12
17 12
62 10
22 13
20 13
68 10
48 12
30 13
64 9
12 11
10 15
40 9
42 14
26 15
7 13
39 14
27 15
25 14
11 11
65 10
54 10
14 11
21 13
61 11
36 15
15 11
8 14
16 11
19 15
5 12
28 10
9 10
18 13
13 11
44 12
33 14
2 11
41 15
59 11
67 9
31 13
38 15
53 12
1 11
66 11
47 11
55 11
29 12
24 14
50 10
57 9
3 11
63 11
60 12
43 13
45 9
100
118 9
102 9
10 4
105 9
192 9
156 9
173 9
200 9
120 9
1 7
171 9
199 9
163 9
172 9
169 9
147 9
9 12
127 9
130 9
175 9
112 9
8 2
139 9
133 9
191 9
405 15
160 9
167 9
5 2
170 9
152 9
121 9
111 9
404 11
197 9
162 9
4 11
184 9
178 9
114 9
135 9
2 1
142 9
406 12
101 9
161 9
153 9
149 9
189 9
164 9
122 9
146 9
126 9
403 7
151 9
154 9
179 9
401 3
7 3
194 9
187 9
143 9
190 9
138 9
196 9
400 9
176 9
108 9
186 9
140 9
107 9
103 9
119 9
145 9
166 9
155 9
116 9
168 9
141 9
402 13
128 9
181 9
185 9
174 9
3 6
408 15
113 9
115 9
165 9
188 9
6 9
150 9
124 9
182 9
106 9
123 9
407 9
409 11
104 9
109 9
75
28 9
59 14
75 9
48 12
37 11
55 14
69 8
47 11
33 9
72 12
2 12
66 15
50 12
25 12
16 9
61 13
41 9
53 13
23 13
44 9
8 15
31 9
58 13
63 15
42 10
3 14
1 11
36 11
40 8
20 9
45 9
4 13
7 8
6 10
14 10
70 13
5 9
27 13
17 8
11 12
65 15
51 13
64 15
57 13
38 11
49 14
56 12
34 10
19 8
15 8
39 11
24 8
52 11
12 8
30 8
21 10
68 15
43 8
74 10
71 14
13 9
22 11
62 15
10 8
26 12
32 14
54 11
46 10
60 14
67 14
9 11
73 11
29 10
35 11
18 12
5
175 14
351 5
575 2
106 11
997 8
75
25 15
34 8
10 8
46 7
39 13
15 7
20 14
47 14
26 11
7 12
5 11
62 12
9 12
2 9
1 9
51 10
16 8
52 13
69 10
21 13
40 7
23 15
19 14
63 10
59 7
66 11
55 14
32 13
74 7
18 13
45 12
14 10
67 10
50 9
33 14
56 15
48 7
3 11
71 7
17 9
70 9
13 15
64 11
11 7
75 8
8 12
43 8
53 13
27 15
12 14
57 10
29 9
36 9
35 8
49 8
61 13
54 10
24 7
31 15
38 14
60 8
58 14
44 11
42 10
37 10
30 7
6 8
65 12
72 8
68 11
4 11
28 13
22 13
41 15
73 9
45
101 1
108 2
132 3
43 1
53 3
262 1
12 1
150 1
36 2
99 1
177 2
119 3
17 3
31 2
268 1
221 1
275 3
248 2
155 3
207 2
50 1
168 3
27 2
273 3
264 1
142 2
240 3
116 1
204 2
16 3
136 2
156 1
165 2
187 3
222 1
237 3
282 3
57 2
60 3
140 1
224 2
29 3
263 2
51 2
47 1
100
150 7
146 7
182 7
6 4
165 7
179 7
192 7
403 4
197 7
135 7
160 7
166 7
144 7
178 7
163 7
151 7
132 7
176 7
111 7
198 7
127 7
107 7
142 7
129 7
110 7
4 7
172 7
171 7
141 7
168 7
156 7
181 7
164 7
177 7
114 7
131 7
126 7
115 7
123 7
101 7
400 1
183 7
143 7
125 7
104 7
175 7
409 15
133 7
180 7
106 7
147 7
407 1
148 7
122 7
9 7
186 7
112 7
405 3
162 7
136 7
401 5
187 7
2 8
185 7
5 10
194 7
121 7
10 1
158 7
155 7
116 7
145 7
138 7
102 7
8 11
161 7
139 7
408 3
159 7
406 4
120 7
184 7
7 15
193 7
153 7
140 7
404 11
103 7
137 7
1 14
169 7
117 7
170 7
108 7
174 7
3 3
196 7
402 1
199 7
134 7
100
128 7
101 7
148 7
139 7
400 2
142 7
137 7
103 7
166 7
114 7
127 7
187 7
407 4
138 7
112 7
116 7
404 11
2 13
105 7
185 7
8 13
198 7
180 7
168 7
135 7
163 7
182 7
159 7
409 12
171 7
151 7
144 7
117 7
188 7
192 7
199 7
131 7
3 13
129 7
115 7
196 7
162 7
190 7
169 7
134 7
109 7
106 7
107 7
104 7
181 7
150 7
403 1
158 7
10 15
157 7
402 4
200 7
172 7
401 11
153 7
143 7
178 7
4 10
149 7
113 7
7 7
193 7
174 7
184 7
155 7
147 7
133 7
6 1
165 7
140 7
195 7
1 1
154 7
126 7
130 7
186 7
164 7
406 4
160 7
408 4
197 7
120 7
405 9
119 7
102 7
111 7
191 7
121 7
194 7
173 7
124 7
141 7
9 4
5 6
152 7
76
9 11
58 10
66 8
7 10
4 9
41 14
32 7
45 15
61 7
74 10
37 11
11 7
69 10
76 8
3 9
51 9
2 8
13 7
53 11
52 10
6 9
67 11
20 15
39 7
60 10
12 12
27 13
63 10
73 9
21 15
17 12
55 9
70 11
31 14
64 11
68 7
62 10
15 10
42 15
1 8
35 13
38 15
59 10
18 14
72 8
5 9
28 15
44 13
29 7
43 13
22 11
19 9
14 8
10 11
46 14
33 8
56 10
16 12
40 14
30 13
50 12
24 14
57 12
34 12
71 10
8 10
25 7
23 14
47 15
65 12
75 9
48 14
26 13
36 10
54 8
49 13
75
64 7
40 6
71 8
16 3
29 3
2 5
61 5
57 6
28 4
17 6
15 3
30 3
44 2
18 2
8 2
19 1
65 8
54 5
5 4
60 6
41 8
62 8
68 8
33 3
11 3
56 5
72 7
67 8
31 2
26 1
46 3
13 5
9 1
12 2
21 3
36 2
34 7
49 5
53 6
75 7
22 1
35 1
3 5
23 6
1 5
37 2
39 7
24 1
43 8
74 8
73 6
50 8
45 8
14 4
51 4
20 4
4 4
66 6
32 4
7 4
48 6
63 7
10 7
58 5
69 7
47 7
27 2
6 4
59 7
42 7
52 7
38 1
55 4
25 3
70 6
20
1000 11
260 1
1 11
985 14
839 5
339 4
205 13
209 7
2 10
823 6
332 13
62 1
199 15
569 7
618 5
613 15
410 2
703 3
330 3
314 8
77
55 9
67 11
59 9
46 13
12 13
16 9
24 11
31 9
11 15
64 10
14 15
41 13
20 13
5 11
21 9
63 9
77 10
42 13
49 14
61 11
37 15
32 10
47 14
26 13
2 10
33 11
74 10
71 10
45 12
7 12
23 10
38 13
60 10
35 13
22 14
76 9
53 11
13 14
15 9
39 14
69 11
44 15
9 12
73 9
10 14
36 15
48 15
68 10
8 10
30 9
50 13
56 10
4 10
70 9
54 12
57 11
29 14
18 11
52 10
43 14
58 12
19 12
17 10
1 10
6 11
66 12
65 11
62 12
25 12
51 9
3 10
72 11
34 12
27 9
75 11
40 12
28 15
69
57 6
33 2
28 3
18 7
10 5
11 4
37 7
53 3
14 7
26 6
29 6
12 4
58 6
56 6
24 3
36 3
49 1
66 6
5 7
23 3
43 2
35 1
45 4
21 1
30 2
1 6
3 7
42 7
17 2
40 5
59 5
47 3
32 2
64 4
4 6
51 7
50 2
15 6
54 6
44 1
68 7
63 5
65 5
38 7
27 1
7 7
19 5
62 6
6 7
2 5
48 2
46 7
39 6
25 7
31 2
22 1
34 3
55 6
61 7
9 6
69 6
16 5
52 6
60 4
20 4
67 5
8 7
13 4
41 1
75
54 14
53 13
44 14
57 15
65 10
34 10
61 10
27 11
2 10
74 8
42 8
17 8
16 11
23 13
3 11
51 14
18 9
68 11
43 14
64 9
31 11
46 13
63 8
62 11
50 12
29 11
33 9
4 12
24 13
59 13
11 13
70 10
26 8
52 15
38 8
45 15
32 12
69 9
47 8
5 12
19 13
15 10
9 14
7 12
36 14
21 8
1 9
35 11
39 13
73 10
14 12
20 15
55 10
22 10
58 14
71 8
67 9
56 9
13 11
28 11
48 9
41 13
72 9
8 8
40 15
30 11
75 9
25 10
37 15
60 11
10 15
12 14
6 12
66 8
49 10
100
162 9
143 9
189 9
102 9
185 9
403 9
134 9
177 9
164 9
2 15
400 13
161 9
7 1
407 7
170 9
187 9
9 4
116 9
122 9
128 9
110 9
193 9
192 9
3 13
133 9
144 9
166 9
8 14
183 9
149 9
401 13
104 9
121 9
404 7
409 6
146 9
145 9
198 9
107 9
194 9
5 7
124 9
159 9
101 9
113 9
103 9
184 9
119 9
158 9
178 9
408 3
127 9
138 9
10 5
156 9
140 9
125 9
402 11
196 9
160 9
147 9
118 9
130 9
151 9
180 9
1 7
405 7
129 9
157 9
174 9
108 9
135 9
197 9
4 14
179 9
132 9
150 9
137 9
111 9
112 9
163 9
168 9
154 9
406 4
169 9
126 9
117 9
6 6
190 9
106 9
199 9
176 9
152 9
136 9
175 9
195 9
191 9
182 9
181 9
123 9
100
148 9
152 9
159 9
160 9
2 10
127 9
183 9
408 13
402 5
149 9
102 9
157 9
107 9
145 9
180 9
128 9
103 9
115 9
8 3
104 9
144 9
164 9
158 9
147 9
198 9
167 9
124 9
153 9
403 4
190 9
134 9
133 9
184 9
116 9
109 9
189 9
108 9
131 9
106 9
199 9
404 2
105 9
119 9
142 9
110 9
7 8
191 9
187 9
200 9
178 9
146 9
409 14
5 13
163 9
188 9
165 9
405 4
170 9
10 15
177 9
173 9
141 9
176 9
121 9
125 9
3 13
151 9
1 14
117 9
162 9
155 9
194 9
196 9
137 9
101 9
174 9
175 9
166 9
114 9
112 9
135 9
181 9
185 9
168 9
171 9
150 9
161 9
4 15
140 9
126 9
401 13
400 14
113 9
154 9
9 3
118 9
139 9
406 11
407 12
6 7
72
17 4
60 6
64 5
12 7
37 6
32 7
54 4
61 5
67 5
28 7
41 1
34 3
1 6
2 6
59 4
9 2
36 1
19 2
57 4
55 3
51 2
30 7
10 1
72 6
13 6
63 6
66 6
62 7
47 5
35 1
25 5
6 4
31 3
38 3
71 7
4 6
22 5
69 6
70 5
65 7
56 5
7 4
49 3
43 4
15 4
24 5
33 1
23 5
42 5
40 2
18 3
3 6
20 2
58 3
46 6
14 5
21 2
68 7
8 4
48 4
45 2
27 5
52 1
39 7
26 5
29 4
53 2
5 5
11 3
16 1
50 3
44 3
45
69 13
166 5
53 10
9 2
287 14
82 9
285 11
163 9
21 7
27 14
76 8
141 11
284 9
198 2
164 4
26 5
210 15
178 1
150 7
266 1
102 14
91 4
218 13
202 10
283 5
165 6
83 15
60 1
194 15
257 8
13 11
57 6
253 3
105 10
249 4
232 2
137 12
24 3
170 8
241 6
139 3
199 13
229 7
248 12
47 12
45
194 3
37 10
100 13
64 6
153 10
60 7
134 5
262 4
198 4
73 1
2 12
204 6
203 10
239 14
161 2
156 8
24 2
99 5
226 3
210 8
250 7
181 9
264 15
123 1
191 6
129 14
6 11
102 13
219 9
163 11
237 12
25 3
68 9
179 7
276 11
43 8
136 12
223 5
28 15
130 15
14 4
275 13
298 2
3 14
211 1
15
958 15
816 2
368 5
167 10
618 7
801 6
580 4
160 3
534 8
845 13
304 1
734 11
264 14
920 12
200 9
6
66 5
290 11
651 1
378 7
384 11
142 13
45
24 13
227 13
84 14
251 13
280 13
171 14
208 14
160 13
232 14
157 14
110 14
95 13
268 14
10 13
126 13
241 15
162 14
258 13
300 14
83 14
220 15
6 15
4 15
42 14
156 13
88 14
180 14
108 15
168 15
193 15
266 14
62 13
31 15
60 15
146 13
32 13
89 15
202 15
61 14
187 15
131 13
270 15
147 15
209 15
255 13
80
5 2
74 3
14 9
47 6
16 10
71 1
15 5
34 2
22 9
7 4
31 10
30 6
69 1
66 2
39 10
48 9
11 3
52 5
72 10
56 5
63 1
44 7
42 8
49 8
77 4
29 8
61 3
38 6
70 2
26 10
53 4
20 10
50 7
51 3
36 9
21 9
54 6
59 4
67 2
43 8
79 8
41 9
75 2
78 5
65 3
6 8
1 9
25 7
24 8
73 7
40 9
27 10
10 1
18 4
33 2
76 6
23 10
28 9
64 1
46 4
60 3
17 6
45 5
55 5
58 2
32 9
80 9
12 7
3 6
8 7
4 3
68 1
37 8
9 10
57 4
62 3
2 5
35 1
13 7
19 5
100
127 9
408 6
173 9
6 14
187 9
156 9
404 14
196 9
152 9
162 9
192 9
113 9
182 9
164 9
185 9
139 9
120 9
118 9
177 9
128 9
2 11
134 9
153 9
186 9
148 9
109 9
9 3
406 4
400 5
184 9
195 9
159 9
7 7
106 9
125 9
176 9
403 9
108 9
143 9
405 6
104 9
155 9
4 9
409 15
150 9
174 9
112 9
3 10
115 9
142 9
1 15
154 9
401 11
178 9
129 9
157 9
181 9
105 9
121 9
402 13
124 9
151 9
197 9
175 9
138 9
126 9
133 9
107 9
179 9
111 9
114 9
132 9
146 9
122 9
135 9
117 9
193 9
166 9
169 9
160 9
407 7
158 9
136 9
123 9
170 9
8 7
103 9
149 9
163 9
188 9
168 9
131 9
141 9
189 9
119 9
147 9
10 7
102 9
5 11
191 9
70
27 11
22 14
18 11
4 11
69 9
61 14
60 15
14 15
41 13
65 11
30 9
67 10
21 13
13 14
29 11
64 10
8 12
43 15
57 12
52 9
45 9
39 11
32 12
40 12
70 10
26 9
1 10
23 9
56 11
16 14
28 11
2 10
19 12
48 12
15 13
31 11
42 15
44 14
46 10
49 13
9 12
51 15
34 15
6 11
36 15
62 13
35 14
3 10
66 9
5 11
24 10
17 10
33 13
25 11
59 14
12 12
58 14
68 11
37 9
54 9
38 10
55 13
63 12
53 10
7 11
50 13
20 13
10 12
47 11
11 10
77
16 15
28 15
38 12
21 14
62 11
1 9
67 11
51 14
5 11
39 13
12 12
72 9
56 12
24 15
15 14
30 8
31 9
52 15
48 8
60 10
50 13
74 12
13 12
14 12
19 15
35 10
25 8
3 10
54 10
7 8
53 14
40 13
26 13
34 8
63 12
41 8
37 11
75 11
58 8
11 11
43 10
65 13
47 11
17 13
61 8
73 10
71 11
57 13
4 10
77 9
10 11
64 9
55 11
69 9
32 10
44 11
6 11
23 13
20 15
9 9
68 12
8 8
66 12
46 15
59 9
36 14
70 10
76 10
49 12
33 13
45 14
29 12
42 9
2 9
22 13
27 14
18 14
91
75 5
45 4
31 3
36 6
80 4
13 10
82 5
53 5
6 6
61 9
16 7
55 6
37 2
17 11
23 10
20 5
11 6
52 9
8 9
40 5
25 8
27 11
5 4
28 7
43 1
7 7
54 11
10 3
44 8
70 2
84 3
67 6
69 10
24 4
3 7
58 4
34 8
83 9
78 8
62 7
48 2
87 6
33 4
90 5
66 4
47 10
64 5
4 8
19 3
15 2
85 7
41 9
81 10
26 2
57 10
86 8
9 5
42 7
73 3
63 1
39 11
60 3
46 6
59 2
71 9
1 6
49 3
72 1
89 7
29 9
30 5
79 2
22 6
56 8
77 6
32 1
74 11
12 4
65 11
18 1
21 9
38 3
68 8
76 7
35 10
50 1
14 8
88 4
51 7
91 6
2 5
100
155 7
198 7
7 13
1 14
406 2
170 7
154 7
109 7
120 7
200 7
194 7
175 7
112 7
176 7
136 7
146 7
403 9
169 7
124 7
404 1
147 7
145 7
115 7
156 7
199 7
144 7
101 7
188 7
103 7
405 10
407 4
140 7
401 2
10 3
130 7
174 7
151 7
180 7
102 7
2 12
133 7
131 7
185 7
196 7
129 7
157 7
195 7
138 7
179 7
107 7
106 7
166 7
182 7
400 10
110 7
190 7
183 7
181 7
128 7
137 7
108 7
171 7
148 7
149 7
150 7
6 5
178 7
402 10
186 7
134 7
104 7
116 7
135 7
8 12
117 7
172 7
4 3
125 7
3 7
142 7
118 7
189 7
173 7
163 7
9 12
167 7
408 7
162 7
132 7
409 3
153 7
119 7
5 1
121 7
177 7
160 7
161 7
168 7
114 7
126 7
99
992 9
3 9
993 9
25 9
981 9
964 9
1000 9
38 9
956 9
37 9
960 9
47 10
986 9
989 9
34 9
979 9
52 9
965 9
958 9
40 9
999 9
51 11
997 9
12 9
978 9
976 9
967 9
21 9
991 9
24 9
30 9
28 9
44 9
22 9
42 9
10 9
966 9
43 9
995 9
54 11
6 9
987 9
9 9
18 9
13 9
29 9
15 9
962 9
49 9
7 9
970 9
32 9
971 9
969 9
5 9
973 9
994 9
984 9
961 9
14 9
957 9
35 9
990 9
980 9
4 9
974 9
17 9
46 9
41 9
45 9
39 9
959 9
19 9
985 9
27 9
977 9
26 9
16 9
36 9
11 9
975 9
23 9
998 9
8 9
972 9
968 9
988 9
963 9
50 10
53 10
2 9
996 9
1 9
33 9
48 11
982 9
20 9
31 9
983 9
74
43 9
61 9
7 13
44 14
70 9
10 14
21 10
33 9
15 12
58 12
73 9
18 13
1 10
27 12
56 10
52 11
65 10
26 15
23 12
42 15
30 12
28 15
16 14
29 15
49 9
59 11
12 13
66 11
69 11
51 9
45 13
4 12
25 13
8 9
72 11
9 10
40 15
34 10
14 11
47 10
35 11
3 11
31 13
67 9
41 14
22 11
20 9
62 10
36 9
63 11
39 13
55 9
53 12
17 15
57 11
74 10
24 13
2 10
54 9
50 10
13 13
64 9
71 10
19 14
46 9
48 9
60 9
37 10
6 15
32 14
5 14
11 14
68 10
38 12
45
61 2
280 3
105 3
157 1
274 1
205 2
266 2
151 2
209 3
234 1
53 1
128 1
182 3
36 1
165 2
245 3
265 2
7 3
268 1
173 3
99 3
164 2
98 2
110 3
193 2
12 2
146 1
207 1
194 3
293 1
87 3
246 2
24 2
45 1
129 2
64 2
41 1
56 3
28 1
179 1
176 1
281 3
225 2
249 3
89 3
45
299 2
103 1
24 2
133 2
129 1
90 3
127 3
226 3
170 3
180 2
249 1
74 2
199 3
173 2
278 2
87 3
16 3
49 3
211 3
206 2
239 1
124 3
267 2
64 1
118 2
94 1
138 3
251 3
232 1
161 1
244 1
81 2
97 3
69 1
250 3
175 1
82 2
293 1
73 2
207 3
79 1
155 2
2 1
122 1
254 2
74
10 13
66 11
39 14
9 9
14 11
11 14
68 10
30 15
6 10
29 15
54 9
24 11
51 13
46 10
7 15
21 15
32 14
15 12
31 13
17 9
27 12
16 13
48 15
50 14
60 11
71 10
53 12
22 12
59 10
42 13
69 11
49 9
3 12
28 13
72 11
4 14
73 9
45 9
26 15
13 10
2 11
37 10
41 12
40 11
52 11
35 15
33 12
61 9
34 13
25 12
64 9
1 10
63 11
36 14
43 13
19 11
23 13
44 14
67 9
62 12
8 10
38 14
74 10
70 9
12 9
55 10
58 9
18 10
47 11
56 11
65 10
57 12
5 9
20 12
100
179 7
140 7
146 7
148 7
110 7
101 7
121 7
6 2
190 7
106 7
176 7
174 7
198 7
159 7
187 7
181 7
165 7
122 7
195 7
157 7
8 7
102 7
402 15
130 7
7 12
117 7
200 7
114 7
112 7
111 7
141 7
10 2
109 7
186 7
403 3
107 7
189 7
133 7
135 7
161 7
105 7
115 7
147 7
400 3
144 7
162 7
401 15
131 7
143 7
3 9
182 7
127 7
193 7
124 7
132 7
113 7
123 7
118 7
158 7
142 7
134 7
164 7
183 7
156 7
405 3
137 7
407 4
184 7
9 14
172 7
171 7
409 11
180 7
155 7
5 13
116 7
177 7
149 7
173 7
151 7
406 15
194 7
167 7
128 7
404 10
4 11
191 7
408 2
153 7
188 7
197 7
150 7
2 11
199 7
126 7
1 5
152 7
119 7
120 7
163 7
45
17 14
148 13
66 15
292 14
275 14
147 15
24 15
209 14
172 13
65 13
239 15
124 13
119 14
186 15
45 14
96 15
198 15
109 14
91 13
280 13
144 13
154 15
231 15
27 14
34 13
177 14
203 13
257 15
14 13
149 14
22 15
283 14
252 15
221 14
265 15
282 13
152 13
37 13
228 13
174 14
266 13
197 15
76 14
67 14
78 15
74
59 3
72 6
56 2
16 8
62 7
43 5
10 4
34 7
70 6
24 7
26 8
27 7
52 5
38 3
5 5
58 2
46 1
12 2
19 6
41 7
33 8
55 4
73 8
1 7
36 1
6 8
30 2
61 8
8 6
17 3
22 3
7 4
9 4
64 5
39 8
54 5
28 1
45 1
29 8
51 5
65 4
11 4
13 1
25 6
18 2
57 1
20 5
68 8
15 3
35 6
4 5
49 7
67 6
37 3
14 3
71 7
31 2
63 6
42 6
66 5
53 5
69 5
21 4
44 2
48 8
23 8
60 8
74 7
2 7
40 7
3 6
47 2
32 1
50 5
5
513 3
794 15
66 8
818 6
436 12
77
44 15
38 11
25 11
30 11
71 10
39 11
1 11
3 12
5 12
76 8
28 8
50 8
34 15
7 14
20 13
21 15
9 15
73 9
51 15
19 10
68 13
72 8
57 15
22 13
32 11
74 11
37 8
41 10
12 10
8 9
63 11
36 10
35 9
65 9
2 12
54 12
52 13
18 9
53 14
61 8
4 12
43 11
27 11
33 12
42 13
48 13
69 8
70 9
58 13
64 8
59 14
67 14
45 8
11 9
60 14
55 8
56 9
17 8
14 14
40 12
6 10
10 13
66 8
75 10
62 15
77 9
16 13
23 14
49 10
29 9
13 11
24 14
47 10
26 11
15 12
46 9
31 11
77
32 9
1 8
76 9
62 15
18 8
50 12
69 12
73 13
6 14
48 9
26 9
10 15
54 12
47 8
8 7
14 9
19 9
33 7
7 13
5 12
55 10
71 15
75 10
13 8
9 15
31 8
22 11
49 10
64 13
3 10
17 11
43 8
42 7
11 7
59 14
44 12
37 8
77 8
4 11
16 10
39 11
40 12
23 11
61 13
27 7
58 15
56 11
41 9
51 14
36 13
25 8
2 9
74 14
60 12
52 10
20 10
53 12
45 13
66 14
57 13
46 11
24 7
34 10
68 14
28 8
38 15
35 12
15 7
63 15
30 7
70 11
65 14
67 14
29 7
21 12
72 7
12 7
91
745 10
923 6
743 2
690 8
451 4
481 2
581 10
586 14
103 14
15 1
435 10
639 6
291 4
150 10
704 4
11 13
13 9
949 14
366 6
5 7
819 4
51 4
759 14
12 11
494 4
46 6
809 2
540 10
718 12
730 12
965 12
626 6
323 8
518 2
88 6
241 6
153 4
413 8
363 4
172 10
879 4
815 14
663 14
321 14
523 8
202 2
32 4
943 12
263 12
610 2
764 12
933 4
842 10
4 15
444 2
833 2
647 4
751 12
738 14
931 12
260 6
774 6
714 8
769 10
140 14
203 2
938 4
116 10
211 8
8 3
416 10
157 4
3 5
605 14
14 9
436 12
513 14
546 2
467 10
504 12
459 4
374 2
720 2
308 6
427 10
888 10
916 4
865 8
425 14
580 2
58 14
73
18 8
35 4
52 2
51 1
49 1
71 6
67 8
57 3
33 3
29 1
73 7
12 2
4 6
26 6
7 5
1 7
45 2
19 7
23 3
22 8
53 7
61 6
25 2
34 5
40 4
63 7
24 2
43 6
42 2
44 2
65 3
41 3
68 5
10 4
21 1
6 5
69 6
72 8
3 7
62 5
31 1
38 1
48 3
16 6
46 5
36 6
27 5
58 8
15 6
55 5
14 8
70 7
64 4
17 5
66 4
50 2
8 5
47 4
54 6
2 7
32 4
37 5
39 5
59 7
20 4
30 1
9 4
13 7
11 3
5 6
56 4
60 8
28 4
74
30 2
32 5
57 7
63 6
70 8
61 7
25 1
52 8
2 5
73 8
59 5
66 6
13 1
12 1
15 3
31 3
53 7
29 1
44 7
18 2
20 3
35 4
27 2
46 8
22 4
1 7
47 5
8 8
69 6
67 8
6 5
45 6
11 2
34 7
40 6
41 5
16 1
42 4
55 6
33 8
4 6
28 2
36 8
5 7
58 6
68 7
43 8
24 1
26 3
14 2
65 7
64 8
21 2
3 6
37 3
19 1
48 4
7 4
74 7
62 7
10 4
72 6
23 3
49 5
51 5
17 2
54 8
38 6
60 8
9 4
71 7
56 5
50 6
39 4
90
33 8
367 8
650 2
328 6
490 10
261 2
15 15
972 2
401 4
838 2
518 10
115 2
317 2
459 8
79 8
410 12
194 2
12 3
425 4
732 4
8 9
368 6
826 10
726 10
56 4
980 8
803 4
673 8
206 2
947 10
444 2
675 10
156 2
288 10
165 2
859 6
769 12
102 12
583 14
286 4
741 2
84 4
874 6
877 2
14 13
136 2
983 6
282 2
788 14
744 4
89 6
505 4
1 1
918 8
128 6
397 6
256 14
13 7
634 6
187 8
9 5
201 2
901 12
27 2
870 14
143 6
574 6
804 14
141 6
132 8
552 6
684 6
462 4
651 14
900 10
399 14
2 11
921 12
751 4
458 6
361 2
873 8
360 8
922 14
71 2
979 4
633 6
857 10
820 10
219 4
72
65 8
48 15
4 9
17 10
58 11
69 9
23 14
3 8
60 10
59 9
9 12
29 13
33 11
36 8
35 11
31 14
15 8
63 9
16 10
22 9
30 14
57 10
72 9
18 10
38 15
42 12
46 8
19 10
1 9
70 10
28 13
53 14
56 11
34 15
41 13
62 10
55 12
32 10
61 11
12 8
13 9
10 12
64 10
21 12
54 13
39 13
52 15
51 14
25 13
6 10
71 8
20 11
5 9
45 13
67 10
47 15
7 10
49 13
11 11
68 8
40 9
43 15
27 14
66 9
37 13
26 14
14 10
24 15
44 14
50 12
8 8
2 8
1
484 1
83
47 10
80 8
5 10
68 7
16 13
29 14
55 12
56 7
50 7
13 7
1 8
36 14
49 12
76 7
73 7
78 9
33 14
12 15
42 8
4 9
22 14
19 11
10 15
75 9
69 9
72 9
61 12
35 7
3 8
21 15
82 7
17 10
51 8
67 8
15 13
54 11
39 11
20 12
40 7
30 13
83 8
45 8
52 9
18 13
81 9
8 14
77 8
7 12
24 15
41 7
26 13
74 10
27 9
14 8
44 12
34 15
9 15
37 11
23 14
6 10
53 10
63 10
38 13
60 11
58 9
66 10
71 8
59 10
64 7
25 12
43 11
32 14
46 9
31 13
79 7
57 8
2 8
70 10
48 11
65 11
62 11
11 15
28 14
92
87 4
90 5
26 10
6 8
14 10
61 1
11 8
63 3
89 8
2 5
91 7
67 6
92 6
84 7
19 1
55 9
48 8
58 4
45 4
83 5
65 5
86 9
24 4
82 10
23 6
32 7
33 4
17 11
20 5
69 8
15 4
46 6
85 3
71 4
10 3
51 7
36 2
5 4
27 9
79 2
12 2
44 10
1 6
54 11
31 5
9 7
49 7
40 9
7 5
88 6
59 8
76 9
21 9
38 5
75 11
64 11
62 7
72 7
13 6
70 10
66 9
50 3
18 3
28 11
41 11
68 2
39 7
42 1
47 2
35 10
78 8
43 3
52 5
81 4
3 7
73 5
30 3
22 2
80 6
25 8
53 1
29 1
57 10
16 7
56 2
77 1
37 8
74 3
34 6
8 9
60 6
4 6
79
56 5
67 7
6 1
68 6
52 8
3 2
43 2
12 3
19 1
17 2
29 7
61 8
65 5
38 6
75 8
51 5
21 6
4 1
2 4
11 3
54 6
25 8
23 8
8 2
77 6
32 3
49 7
20 1
13 1
42 7
60 6
5 1
48 8
47 4
24 7
72 8
58 4
7 3
41 8
14 6
39 5
45 3
40 1
15 5
10 4
63 5
78 8
70 6
26 3
30 2
31 2
44 8
28 8
69 5
79 7
59 5
71 8
64 6
27 3
46 5
62 7
57 8
33 6
9 5
35 8
74 6
73 7
55 4
66 8
34 3
36 2
53 7
37 2
76 7
1 4
16 3
18 7
22 4
50 6
100
409 1
146 9
102 9
157 9
9 7
130 9
172 9
3 11
155 9
195 9
123 9
190 9
7 12
200 9
181 9
154 9
139 9
175 9
143 9
115 9
401 12
2 10
170 9
133 9
121 9
153 9
104 9
173 9
402 11
196 9
105 9
103 9
137 9
129 9
4 11
1 5
197 9
199 9
405 7
117 9
131 9
6 12
8 5
162 9
171 9
165 9
180 9
113 9
176 9
134 9
10 7
109 9
141 9
116 9
408 11
106 9
166 9
184 9
160 9
169 9
110 9
404 2
179 9
164 9
138 9
149 9
159 9
191 9
187 9
400 13
406 15
126 9
148 9
177 9
403 3
152 9
132 9
188 9
145 9
158 9
120 9
136 9
108 9
140 9
144 9
107 9
114 9
185 9
407 6
161 9
5 10
193 9
186 9
174 9
142 9
127 9
150 9
182 9
112 9
125 9
100
408 6
145 9
171 9
154 9
181 9
126 9
3 12
6 9
185 9
129 9
404 15
160 9
191 9
403 11
110 9
149 9
148 9
130 9
400 3
158 9
106 9
146 9
156 9
121 9
147 9
9 2
401 1
136 9
10 10
150 9
159 9
409 3
138 9
5 6
1 2
141 9
120 9
176 9
123 9
157 9
108 9
7 12
113 9
135 9
134 9
115 9
198 9
173 9
172 9
180 9
177 9
167 9
189 9
102 9
192 9
101 9
124 9
168 9
196 9
405 15
190 9
200 9
155 9
178 9
132 9
174 9
2 13
407 12
144 9
139 9
116 9
122 9
118 9
165 9
105 9
164 9
104 9
194 9
107 9
152 9
127 9
137 9
182 9
112 9
125 9
199 9
4 3
179 9
128 9
406 5
166 9
151 9
131 9
117 9
186 9
169 9
402 12
163 9
8 10
170 9
90
614 10
477 6
216 14
533 2
894 4
578 2
944 8
716 8
521 14
514 8
313 12
286 6
499 14
825 2
462 6
932 6
554 4
161 10
347 14
32 8
804 8
544 12
770 10
21 12
974 14
53 4
773 14
62 4
783 8
168 10
526 10
5 7
501 12
571 12
711 14
602 12
86 10
843 12
1 15
700 10
14 9
25 8
612 14
976 4
451 4
137 2
536 6
167 10
805 2
461 4
549 6
922 6
162 8
642 8
899 12
355 8
172 6
418 14
793 14
208 4
15 11
13 5
814 10
710 14
247 12
574 4
831 12
212 4
468 12
567 6
11 13
940 12
244 2
224 12
329 8
630 4
772 12
682 12
204 12
12 3
254 12
419 4
573 14
680 6
147 10
624 14
838 14
3 1
383 12
798 6
100
175 7
182 7
128 7
104 7
172 7
191 7
155 7
400 2
3 8
183 7
112 7
401 7
166 7
406 5
403 11
163 7
157 7
118 7
190 7
161 7
122 7
405 1
196 7
101 7
185 7
141 7
8 14
102 7
407 7
134 7
158 7
165 7
143 7
176 7
186 7
121 7
160 7
168 7
107 7
4 11
108 7
193 7
132 7
111 7
152 7
114 7
149 7
200 7
130 7
123 7
133 7
146 7
7 9
198 7
139 7
178 7
117 7
138 7
113 7
156 7
174 7
164 7
9 13
179 7
119 7
142 7
2 15
103 7
187 7
127 7
408 5
151 7
106 7
105 7
188 7
10 15
177 7
110 7
194 7
197 7
126 7
120 7
148 7
404 5
145 7
409 14
189 7
116 7
5 2
170 7
169 7
184 7
109 7
402 12
171 7
147 7
1 2
6 15
154 7
129 7
5
745 4
465 7
27 8
387 15
583 11
5
1 15
3 15
5 15
2 15
4 15
100
155 9
109 9
185 9
139 9
143 9
114 9
193 9
176 9
106 9
168 9
194 9
165 9
105 9
178 9
196 9
141 9
154 9
111 9
186 9
163 9
124 9
400 1
187 9
409 15
128 9
150 9
151 9
107 9
1 13
104 9
2 5
180 9
103 9
182 9
115 9
166 9
136 9
138 9
189 9
401 6
160 9
159 9
119 9
403 11
175 9
152 9
406 2
146 9
8 6
169 9
123 9
408 1
145 9
101 9
102 9
164 9
174 9
199 9
132 9
197 9
179 9
5 3
133 9
158 9
125 9
3 1
118 9
402 13
6 12
171 9
161 9
144 9
7 10
190 9
126 9
405 9
181 9
148 9
200 9
10 9
407 3
156 9
131 9
116 9
404 6
108 9
149 9
188 9
130 9
4 9
170 9
110 9
135 9
137 9
177 9
9 9
173 9
191 9
120 9
192 9
100
162 9
762 10
455 9
435 10
835 10
14 10
247 9
910 10
185 10
193 10
281 10
938 9
822 9
365 9
424 10
27 10
933 9
576 9
769 9
427 10
794 10
224 9
889 9
675 9
297 10
5 10
178 10
918 10
994 9
920 10
948 9
633 10
350 9
642 9
550 9
990 9
84 9
998 9
112 9
362 9
397 9
436 9
437 9
426 9
739 9
293 10
153 10
731 10
888 9
488 10
91 9
231 9
729 9
843 10
812 9
292 10
3 9
676 10
863 10
946 9
166 10
829 10
370 9
283 10
868 9
656 10
577 9
433 9
70 10
381 10
520 9
336 10
19 10
268 10
483 10
815 9
472 10
598 9
611 10
950 10
33 10
816 9
8 10
6 10
870 9
155 10
911 9
713 10
354 9
167 9
507 10
618 9
355 10
318 10
657 10
985 9
1 9
171 10
205 10
132 9
90
36 6
22 7
84 9
29 14
39 9
47 2
69 9
68 8
87 12
28 13
66 6
12 12
78 3
41 11
7 7
38 8
89 14
35 5
74 14
33 3
21 6
80 5
62 2
23 8
48 3
26 11
85 10
44 14
32 2
2 2
14 14
75 15
31 1
52 7
25 10
4 4
6 6
65 5
86 11
19 4
3 3
51 6
83 8
11 11
17 2
73 13
61 1
76 1
79 4
71 11
45 15
30 15
15 15
54 9
42 12
64 4
16 1
20 5
50 5
5 5
40 10
60 15
8 8
57 12
46 1
55 10
9 9
58 13
37 7
24 9
43 13
81 6
59 14
82 7
27 12
53 8
34 4
18 3
56 11
13 13
1 1
10 10
70 10
88 13
72 12
90 15
67 7
49 4
63 3
77 2
67
815 14
333 10
135 10
344 6
683 2
289 14
603 4
794 10
741 10
390 8
546 6
797 10
669 14
550 6
433 12
272 11
704 8
839 5
729 8
525 12
55 13
110 6
895 8
641 6
358 2
249 4
925 14
54 12
773 12
427 6
187 8
3 14
776 6
594 4
134 6
112 14
562 1
620 8
136 14
845 2
214 14
200 4
929 4
335 2
399 2
241 8
219 9
865 14
545 10
706 6
347 7
637 10
20 2
190 2
939 6
932 8
75 2
774 3
319 12
476 12
689 10
495 4
567 12
819 6
751 8
871 12
225 12
73
50 9
30 9
39 9
2 11
8 15
19 15
33 8
28 11
71 12
56 12
55 12
26 9
4 14
10 11
69 10
48 13
12 8
38 13
54 11
51 10
32 11
6 13
64 13
20 8
15 12
9 10
49 14
31 10
43 11
34 9
67 8
29 12
66 15
21 11
70 14
60 15
58 15
72 11
62 14
25 8
73 9
57 13
45 11
65 14
63 15
36 10
37 9
22 8
35 10
24 12
1 10
7 8
5 9
42 11
44 11
40 14
59 15
52 11
18 11
23 10
27 11
53 14
16 10
3 12
61 14
13 9
46 12
17 10
11 8
68 13
41 11
14 12
47 13
91
95 10
631 14
59 10
73 10
820 6
250 14
293 8
338 12
746 12
226 10
284 10
54 4
11 13
924 2
803 12
9 3
703 2
665 8
214 8
361 12
343 14
794 6
806 14
653 6
777 2
270 12
592 14
498 6
38 10
22 4
56 10
661 4
442 4
859 12
84 2
71 4
593 8
306 4
423 10
905 8
783 10
277 6
35 4
726 14
981 2
723 6
12 11
913 8
146 14
15 1
713 6
683 2
217 10
734 6
768 6
602 14
456 4
626 6
578 6
763 8
707 6
437 6
463 4
6 5
4 15
127 8
882 4
607 14
650 4
112 10
999 6
21 4
831 12
402 10
142 14
404 4
637 14
890 10
492 2
842 6
276 10
508 8
509 2
244 10
399 4
13 9
958 12
14 7
548 8
152 10
434 10
45
86 14
18 14
134 15
131 15
236 15
96 14
170 15
244 15
156 14
193 14
154 15
268 15
242 14
89 15
150 13
13 15
115 14
111 14
179 14
39 13
101 15
250 13
216 14
184 13
290 14
258 13
223 13
42 15
251 14
48 13
26 15
60 15
10 14
41 13
72 13
205 14
6 13
163 13
276 15
289 13
138 13
148 13
230 13
291 15
49 14
74
29 6
69 7
37 8
18 2
25 6
28 5
42 5
55 1
51 3
9 2
62 8
11 1
53 3
41 5
59 4
7 3
58 7
46 6
22 5
66 6
24 7
35 5
72 6
14 4
44 7
74 7
20 8
38 1
64 4
4 6
40 5
54 2
50 4
57 3
12 3
47 4
3 6
68 5
56 2
2 7
10 1
31 5
48 8
43 5
32 5
19 3
21 3
6 1
23 4
71 5
8 2
33 4
52 1
1 7
70 6
17 2
49 1
67 6
30 4
45 7
16 3
39 5
65 7
61 8
36 3
27 2
60 5
34 6
13 4
63 7
26 5
73 8
15 8
5 2
100
1 8
179 7
157 7
111 7
152 7
178 7
141 7
117 7
160 7
175 7
147 7
130 7
132 7
158 7
163 7
135 7
102 7
185 7
10 4
104 7
171 7
162 7
8 11
408 2
406 12
126 7
101 7
167 7
3 11
183 7
110 7
120 7
113 7
146 7
407 14
405 5
187 7
402 9
177 7
114 7
180 7
401 10
105 7
5 14
169 7
404 10
159 7
154 7
115 7
140 7
129 7
199 7
174 7
198 7
134 7
136 7
153 7
9 1
139 7
149 7
137 7
2 13
144 7
119 7
181 7
400 4
145 7
196 7
106 7
4 15
409 13
195 7
116 7
168 7
123 7
107 7
176 7
164 7
156 7
112 7
197 7
161 7
121 7
155 7
6 3
148 7
108 7
172 7
125 7
200 7
191 7
190 7
194 7
188 7
403 11
166 7
128 7
127 7
192 7
7 14
100
118 7
196 7
133 7
136 7
148 7
408 15
185 7
134 7
6 4
115 7
109 7
140 7
193 7
404 5
171 7
165 7
112 7
184 7
179 7
175 7
138 7
111 7
117 7
405 13
131 7
176 7
173 7
409 14
152 7
181 7
198 7
199 7
108 7
155 7
129 7
103 7
7 14
188 7
194 7
151 7
197 7
189 7
123 7
8 1
105 7
182 7
186 7
177 7
170 7
1 8
114 7
9 14
4 5
164 7
158 7
400 10
127 7
163 7
406 3
172 7
147 7
403 7
149 7
153 7
137 7
168 7
101 7
183 7
162 7
116 7
180 7
5 7
169 7
10 2
104 7
402 12
2 9
191 7
174 7
150 7
144 7
166 7
122 7
195 7
192 7
156 7
142 7
145 7
167 7
190 7
401 10
139 7
154 7
113 7
3 2
119 7
159 7
161 7
121 7
407 12
100
408 6
122 9
132 9
121 9
164 9
147 9
113 9
172 9
403 4
145 9
7 2
112 9
123 9
108 9
162 9
406 13
180 9
2 8
109 9
166 9
191 9
402 7
130 9
133 9
107 9
144 9
407 7
405 4
101 9
136 9
182 9
127 9
114 9
155 9
111 9
156 9
146 9
199 9
102 9
115 9
142 9
134 9
119 9
175 9
197 9
163 9
193 9
5 3
198 9
151 9
188 9
196 9
169 9
138 9
195 9
170 9
116 9
400 13
173 9
186 9
4 7
131 9
176 9
179 9
192 9
6 8
10 13
129 9
174 9
120 9
190 9
181 9
157 9
106 9
171 9
189 9
124 9
404 7
167 9
1 15
143 9
137 9
401 9
105 9
3 11
153 9
117 9
141 9
8 1
160 9
200 9
187 9
148 9
159 9
177 9
409 11
9 3
149 9
125 9
184 9
75
38 8
33 1
57 4
7 8
22 6
60 1
52 6
39 7
5 6
29 3
40 5
71 4
27 5
25 6
67 2
58 2
56 2
2 5
65 4
63 1
43 5
11 4
26 5
49 3
9 5
10 7
8 1
23 8
36 8
17 8
62 2
12 3
1 7
6 2
31 6
50 2
4 3
15 7
16 5
46 5
72 3
66 3
34 8
41 5
24 4
13 6
75 7
73 5
69 1
21 6
3 4
45 6
74 2
19 7
37 5
18 8
70 8
68 6
53 5
55 1
48 4
59 2
47 5
28 4
64 5
44 4
14 8
35 5
32 5
30 3
51 1
20 7
61 3
54 4
42 5
74
71 11
39 10
7 10
65 9
52 13
54 14
66 10
20 14
14 10
67 11
42 15
64 12
3 10
11 12
15 11
48 8
59 11
58 10
2 9
40 11
31 15
56 15
21 8
38 14
62 8
12 8
49 10
73 8
69 8
27 12
24 13
33 13
50 11
35 13
5 8
43 8
46 8
60 13
37 12
23 13
74 9
72 10
45 10
41 14
55 9
10 12
4 10
51 12
28 13
47 15
17 8
1 9
70 9
18 15
8 11
9 12
36 11
57 14
32 13
61 11
16 14
6 10
53 13
22 14
34 15
29 10
13 9
63 9
44 9
30 11
25 14
68 12
26 11
19 15
72
39 11
33 14
32 13
58 15
40 11
57 14
42 12
13 9
44 8
30 9
34 10
6 11
23 12
5 11
72 9
64 10
36 11
1 9
47 13
38 11
21 11
16 15
59 14
67 9
12 10
24 10
41 11
43 13
25 13
4 11
65 11
55 14
8 12
53 8
35 11
37 8
14 15
52 10
3 11
9 12
48 8
45 15
22 12
29 9
46 8
56 8
15 15
71 8
11 14
61 12
2 10
54 11
28 13
18 14
31 10
63 9
60 13
26 10
27 15
19 14
49 9
70 10
69 11
20 14
68 12
62 8
10 13
50 13
66 8
7 12
17 15
51 9
71
1 8
31 10
9 11
63 15
7 10
35 11
48 10
70 9
59 13
12 12
21 14
42 12
64 14
62 14
58 14
44 8
14 14
37 11
65 11
51 14
61 13
22 8
19 8
66 13
71 8
54 10
32 8
47 15
43 13
34 9
17 12
52 12
24 10
39 15
45 13
15 10
30 9
50 13
18 7
11 12
53 13
4 9
20 13
26 12
40 7
16 15
8 10
3 9
23 15
56 13
10 9
2 8
36 15
13 12
6 11
55 12
60 7
69 10
49 15
46 13
27 13
28 7
57 14
41 11
67 10
5 11
38 7
33 7
29 14
25 11
68 9
3
12 9
10 6
8 1
77
32 1
14 6
74 7
34 7
73 8
56 7
12 4
65 6
27 7
21 4
76 8
44 1
64 8
10 2
24 3
58 5
28 2
2 4
4 2
6 3
72 6
31 3
17 1
42 4
50 7
3 4
46 2
62 5
41 5
71 7
48 4
35 6
77 7
66 7
63 7
40 5
51 5
36 5
15 3
43 8
1 5
57 6
7 2
20 1
25 6
26 5
67 5
45 8
18 6
69 5
29 5
38 5
75 6
30 4
53 8
9 5
19 2
37 5
5 1
39 5
70 6
59 8
61 4
16 1
60 7
68 6
52 4
49 8
23 1
33 2
22 3
54 8
55 7
47 3
11 6
13 3
8 2
100
142 9
5 2
170 9
162 9
191 9
199 9
138 9
126 9
177 9
161 9
153 9
149 9
182 9
156 9
166 9
140 9
145 9
109 9
146 9
200 9
106 9
122 9
169 9
134 9
179 9
8 13
135 9
173 9
404 5
180 9
165 9
187 9
175 9
183 9
141 9
132 9
101 9
406 11
400 7
150 9
103 9
108 9
1 10
4 14
194 9
119 9
155 9
174 9
152 9
111 9
188 9
401 1
158 9
104 9
402 9
130 9
160 9
131 9
120 9
164 9
192 9
114 9
143 9
195 9
121 9
10 11
407 13
6 6
102 9
409 12
112 9
171 9
125 9
148 9
107 9
127 9
184 9
176 9
405 13
116 9
147 9
151 9
144 9
128 9
105 9
9 9
7 5
2 12
408 13
168 9
157 9
154 9
115 9
3 13
403 4
139 9
163 9
197 9
118 9
178 9
45
260 12
180 6
75 4
145 3
73 5
181 15
287 2
88 13
131 9
218 5
67 15
204 6
57 14
298 15
29 8
28 2
61 7
182 10
171 1
254 13
126 5
156 13
122 11
299 14
226 9
255 8
139 8
179 14
261 4
143 12
288 11
272 1
26 6
42 1
200 4
50 12
285 7
41 9
79 10
21 3
269 3
279 10
96 11
163 2
118 7
100
149 9
156 9
186 9
113 9
7 12
182 9
189 9
196 9
140 9
175 9
137 9
4 11
155 9
8 13
119 9
114 9
115 9
105 9
117 9
136 9
407 4
177 9
150 9
10 6
143 9
195 9
401 15
147 9
158 9
191 9
173 9
123 9
197 9
188 9
125 9
178 9
1 10
165 9
146 9
168 9
402 3
128 9
194 9
409 15
134 9
174 9
133 9
124 9
142 9
145 9
193 9
106 9
109 9
404 9
144 9
176 9
107 9
184 9
129 9
192 9
190 9
112 9
172 9
406 11
9 4
161 9
127 9
169 9
108 9
110 9
200 9
199 9
130 9
116 9
159 9
180 9
2 13
104 9
160 9
408 14
405 15
166 9
141 9
179 9
3 14
154 9
120 9
6 5
153 9
101 9
135 9
118 9
187 9
5 4
111 9
121 9
198 9
167 9
400 11
403 5
100
7 1
117 7
148 7
107 7
181 7
102 7
139 7
124 7
400 1
109 7
404 5
170 7
136 7
172 7
192 7
193 7
401 12
150 7
167 7
190 7
110 7
160 7
1 15
134 7
407 11
101 7
141 7
406 13
2 1
198 7
6 3
151 7
132 7
162 7
137 7
153 7
119 7
9 13
115 7
199 7
105 7
174 7
125 7
5 13
405 5
408 11
131 7
161 7
403 12
118 7
179 7
157 7
4 15
182 7
123 7
3 4
104 7
126 7
197 7
152 7
175 7
135 7
103 7
138 7
8 14
180 7
189 7
111 7
10 13
129 7
133 7
127 7
402 3
143 7
185 7
113 7
147 7
146 7
128 7
200 7
121 7
191 7
169 7
196 7
155 7
130 7
176 7
159 7
166 7
154 7
145 7
188 7
120 7
194 7
171 7
114 7
149 7
108 7
144 7
409 11
100
153 7
146 7
7 9
149 7
147 7
4 9
167 7
109 7
129 7
172 7
138 7
162 7
168 7
404 14
5 1
165 7
406 14
173 7
191 7
108 7
114 7
115 7
160 7
102 7
405 14
174 7
116 7
135 7
189 7
177 7
112 7
3 2
122 7
152 7
157 7
2 14
144 7
120 7
9 13
196 7
401 15
176 7
159 7
124 7
126 7
101 7
134 7
169 7
123 7
8 7
183 7
118 7
136 7
198 7
171 7
409 13
10 6
139 7
158 7
6 9
132 7
407 10
178 7
130 7
402 3
106 7
194 7
185 7
179 7
121 7
127 7
403 1
186 7
117 7
199 7
133 7
110 7
131 7
119 7
151 7
188 7
125 7
148 7
143 7
400 2
195 7
192 7
105 7
200 7
408 9
107 7
103 7
156 7
184 7
155 7
190 7
1 15
164 7
170 7
166 7
45
281 7
29 2
288 2
34 15
284 14
254 12
142 8
48 1
116 13
151 7
126 11
270 13
137 9
166 1
70 10
134 10
263 11
24 5
253 5
141 14
105 2
181 15
68 7
23 3
164 5
54 8
131 6
225 4
290 1
60 14
201 15
27 4
267 8
13 9
152 4
276 10
226 6
79 13
228 3
128 3
268 9
88 12
98 6
78 11
197 12
