1
-7.78202 7.30707 8.37940 4.48239 9.37720

17
-5 0 5 -1 5
10 10 -10 -10 5
13 15 17 6 3
1 9 12 6 5
3 19 10 7 2
16 12 6 0 6
2 9 7 8 1
15 7 3 2 1
2 11 16 13 7
4 19 1 13 9
10 15 4 18 7
3 5 7 6 3
1 9 2 6 5
3 9 0 7 2
6 2 6 0 6
2 9 7 8 1
5 7 3 2 1

4
-0.012749999 9.999992 0.012749999 9.999992 10.0
-0.012749999 10 0.012749999 10 10.0
-0.001249999999 9.999999922 0.001249999999 9.999999922 10.0
-0.001249999999 10 0.001249999999 10 10.0


6
10.314 0 10.314 0 1.01
1.0 0 -1 0.0 1.0000
0 10000.00 0.0 -10000.0 10000
9999.9999885733332 0.0 -9999.9999885733332 0.0 9999.9999885733332
9999.9999885733333 0.0 -9999.9999885733333 0.0 9999.9999885733333
-10000.0 -10000.0 10000 10000 10000
-10.00074999 1.001 10.00074999 1.001 1.0001
-10.00074999 1.0 10.00074999 1.0 1.001

4
-0.012749999 9.999992 0.012749999 9.999992 10.0
-0.012749999 10 0.012749999 10 10.0
-0.001249999999 9.999999922 0.001249999999 9.999999922 10.0
-0.001249999999 10 0.001249999999 10 10.0

15
13 15 17 6 3
1 9 12 6 5
3 19 10 7 2
16 12 6 0 6
2 9 7 8 1
15 7 3 2 1
2 11 16 13 7
4 19 1 13 9
10 15 4 18 7
3 5 7 6 3
1 9 2 6 5
3 9 0 7 2
6 2 6 0 6
2 9 7 8 1
5 7 3 2 1

10
-10 5 10 5 2
0 5 0 10 4
0 5 0 10 5
0 5 8 5 5
-8 5 8 5 5
9 9 9 9 2
0 1 -1 -1 1
0 1 0 -1 1
1 1 -1 -1 1
0 2 0 -2 1

1
1 9 2 6 5

17
-5 0 5 -1 5
10 10 -10 -10 5
13 15 17 6 3
1 9 12 6 5
3 19 10 7 2
16 12 6 0 6
2 9 7 8 1
15 7 3 2 1
2 11 16 13 7
4 19 1 13 9
10 15 4 18 7
3 5 7 6 3
1 9 2 6 5
3 9 0 7 2
6 2 6 0 6
2 9 7 8 1
5 7 3 2 1

4
-0.012749999 9.999992 0.012749999 9.999992 10.0
-0.012749999 10 0.012749999 10 10.0
-0.001249999999 9.999999922 0.001249999999 9.999999922 10.0
-0.001249999999 10 0.001249999999 10 10.0

6
10.314 0 10.314 0 1.01
1.0 0 -1 0.0 1.0000
0 10000.00 0.0 -10000.0 10000
9999.9999885733332 0.0 -9999.9999885733332 0.0 9999.9999885733332
9999.9999885733333 0.0 -9999.9999885733333 0.0 9999.9999885733333
-10000.0 -10000.0 10000 10000 10000
-10.00074999 1.001 10.00074999 1.001 1.0001
-10.00074999 1.0 10.00074999 1.0 1.001

15
13 15 17 6 3
1 9 12 6 5
3 19 10 7 2
16 12 6 0 6
2 9 7 8 1
15 7 3 2 1
2 11 16 13 7
4 19 1 13 9
10 15 4 18 7
3 5 7 6 3
1 9 2 6 5
3 9 0 7 2
6 2 6 0 6
2 9 7 8 1
5 7 3 2 1