171
-2 2 0
-7 2 6
0 5 7
-3 6 7
3 0 0
3 3 9
7 3 4
0 10 8
4 9 7
10 0 9
4 3 5
4 7 3
3 6 3
-8 5 2
-1 1 8
0 8 10
0 3 9
-2 4 1
6 1 1
8 7 6
-8 1 4
-4 2 6
-8 3 2
3 1 7
-7 7 5
-6 4 1
-10 8 9
-4 8 5
1 5 0
-7 4 9
7 9 3
-9 8 1
9 6 0
5 1 1
-9 10 4
7 7 2
0 2 1
0 4 8
-7 8 4
1 0 2
5 0 4
1 2 1
2 10 4
-9 1 7
-1 3 0
2 4 10
-9 6 7
-4 9 8
-2 1 1
3 2 1
-8 9 2
1 1 0
-5 1 9
1 10 2
9 10 4
8 8 7
6 7 0
5 3 4
10 9 6
4 6 1
8 6 6
-10 4 6
1 3 9
5 4 5
9 8 3
-10 9 8
9 5 5
-6 6 10
-7 0 9
-1 0 4
1 7 6
-1 2 4
0 9 6
-2 3 2
-7 5 10
-3 1 4
-9 4 6
-1 4 0
-7 6 2
5 10 0
8 2 6
7 4 3
2 1 1
-6 7 1
-1 7 7
9 3 8
-8 6 3
-10 2 5
-10 0 1
10 5 6
10 8 6
7 0 6
-1 5 4
-7 3 3
-2 0 1
6 10 5
2 7 5
-10 10 6
4 2 9
-8 10 10
10 4 0
-5 6 7
1 6 10
-9 0 3
3 7 5
-3 0 3
-3 2 8
8 10 6
-6 10 5
7 2 7
-6 9 10
-5 4 6
2 3 0
1 8 8
5 7 7
5 6 6
-6 1 4
8 5 0
2 2 10
8 3 1
6 9 9
2 6 8
-3 9 9
-1 9 10
-2 9 1
4 1 7
-2 5 1
-8 0 9
7 5 8
8 9 2
7 6 3
-4 6 10
-2 7 10
-3 8 2
9 2 10
3 8 10
2 9 9
-4 5 1
0 6 4
-4 1 8
7 10 8
1 9 10
4 8 10
-9 5 8
-9 3 8
-3 7 5
1 4 1
-10 7 9
10 7 8
3 4 4
5 8 7
7 1 1
-9 2 4
-7 9 9
-10 3 8
6 0 8
10 1 4
-8 8 9
9 7 10
-2 6 3
-5 0 0
-3 4 3
9 9 7
8 4 7
-5 2 4
8 0 1
2 0 4
9 4 10
6 3 0
-1 6 2
4 0 5
0

9
12 0 12
10 0 10
8 0 8
6 0 6

 7 0 7
14 0 14
16 0 16
18 0 18

9 0 30


19

1 1 3
-1 -1 1
1 -1 3
-1 1 1

2 2 2
2 -2 2
-2 2 3
-2 -2 4

1 0 1
-1 0 3
2 0 2
-2 0 3

0 1 3
0 -1 1
0 2 2
0 -2 2

17 0 3
14 0 4
-198838 0 2

0

10
-1 0 2
-2 0 2
2 2 2
1 0 2
0 1 2
-1 1 2
2 0 2
-2 2 2
0 2 2
1 1 2
2
1 1 2
2 2 1
0

5
1 1 1
2 2 1
3 3 1
4 4 1
5 5 1
5
1 1 1
2 2 1
3 3 1
4 4 2
5 5 1
5
1 1 1
2 2 1
3 3 3
4 4 1
5 5 2
5
1 1 1
2 2 2
3 3 3
4 4 4
5 5 5
0

8
7 1 5
14 2 2
21 3 3
28 4 4

-4 -12 1
-2 -6 5
-6 -18 2
-8 -24 3

0

12
4 0 1
6 0 2
7 0 3
5 0 2


-4 0 3
-2 0 3

6 6 6
4 4 4

5 5 5
2 2 2
1 1 1

3 3 6

1
12 7 3

3
7 1 5
14 2 2
21 3 3
28 4 4

0

3
-1 0 1
0 1 1
1 0 1
5
-1 0 1
-1 1 2
-2 2 2
-3 3 3
-4 4 2
0