1
3
2 3 2 4
2 2 4 2
5 1 5 1


3
1 1 1 1
2 2 2 2
3 3 3 3



10
21 65 21 65
3 33 3 33
76 6 76 6
87 81 87 81
13 68 13 68
3 97 3 97
94 74 94 74
39 33 39 33
78 88 78 88
94 18 94 18


10
53 20 88 37
3 47 39 58
46 17 73 69
63 57 92 58
38 3 54 60
32 2 69 22
8 20 28 83
51 16 71 26
55 62 62 88
92 3 93 98

6
7 1 8 2
6 2 6 3
1 7 2 11
3 5 4 5
2 5 3 6
5 4 5 4

3
1 1 5 1
1 1 1 3
2 1 2 5
1 7 5 11 

1 1 8 1
1 1 1 18
6 2 8 3
6 3 12 4



7
2 2 3 3
3 7 6 8
3 1 5 2
4 4 6 5
1 3 1 8
7 5 7 7
8 2 9 4
6
6 3 6 3
5 3 5 4
4 3 4 5
3 3 3 6
2 3 2 7
1 1 3 3

x y x y

3
5 1 5 1
2 2 4 2
2 3 2 4
1
1 1 6 6 
