16

400
1 1 1 1
1 1 1 1
1 1 1 1
1 1 1 1
1 1 1 1
1 1 1 1
1 1 1 1
1 1 1 1
1 9 9 1
1 -9 -9 1

1000
 9  9  9  9  9  9  9  9  9  9
 9  9  9  9  9  9  9  9  9  9
 9  9  9  9  9  9  9  9  9  9
 9  9  9  9  9  9  9  9  9  9
 9  9  9  9  9  9  9  9  9  9
 9  9  9  9  9  9  9  9  9  9  
 7  7  7  7  7  7  7  7  7  7
-5 -5 -5 -5 -5 -5 -5 -5 -5 -5
-7 -3 -7 -7 -7 -7 -7 -7 -7 -7
-9 -9 -9 -9 -9 -9 -9 -9 -9 -9

300
10 -10 10
10 -10 10
10 -10 10
10 -10 10
10 -10 10
10 -10 10
10 -10 10
10 -10 10
10 -10 10
10 -10 10

1000
9 9 9 9 9 9 9 9 9 9
9 9 9 9 9 9 9 9 9 9
9 9 9 9 9 9 9 9 9 9
9 9 9 9 9 9 9 9 9 9
9 9 9 9 9 9 9 9 9 9
9 9 9 9 9 9 9 9 9 9  
7 7 7 7 7 7 7 7 7 7
5 5 5 5 5 5 5 5 5 5
7 3 7 7 7 7 7 7 7 7
9 9 9 9 9 9 9 9 9 9

400
1 1 1 -1
1 -1 1 1
1 1 1 1
1 1 -1 1
-1 1 1 1
1 5 6 -1
1 -1 1 4
-7 4 -3 1
2 9 -9 4
1 -9 -9 1

1000
-9 -9 -9 -9 -9 -9 -9 -9 -9 -9
-9 -9 -9 -9 -9 -9 -9 -9 -9 -9
-9 -9 -9 -9 -9 -9 -9 -9 -9 -9
-9 -9 -9 -9 -9 -9 -9 -9 -9 -9
-9 -9 -9 -9 -9 -9 -9 -9 -9 -9
-9 -9 -9 -9 -9 -9 -9 -9 -9 -9 
-7 -7 -7 -7 -7 -7 -7 -7 -7 -7
-5 -5 -5 -5 -5 -5 -5 -5 -5 -5
-7 -3 -7 -7 -7 -7 -7 -7 -7 -7
-9 -9 -9 -9 -9 -9 -9 -9 -9 -9

700
1 1 1 1 1 1 1
1 1 1 1 1 1 1
1 1 1 1 1 1 1
1 1 1 1 1 1 1
1 1 1 1 1 1 1
1 1 1 1 1 1 1
1 1 1 1 1 1 1
1 1 1 1 1 1 1
1 1 1 1 1 1 1
1 1 1 1 1 1 1

1000
 9  9  9  9  9  9  9  9  9  9
 9  9  9  -9  -9  9  9  9  9  9
 9  9  9  -6  9  -8  -9  9  9  9
 9  9  6  9  10  10  10  10  9  9
 -10  -10  -10  6  7  5  9  9  9  9
 9  9  -4  9  6  9  9  -9  9  9  
 7  7  2  5  -4  -6  7  -7  7  7
-5 -3 -5 5 5 -5 -5 5 -5 -5
7 3 -8 7 -7 4 5 -7 7 -8
-5 -9 9 9 -9 -9 -9 6 6 -9

400
1 1 1 1
1 1 1 1
1 1 1 1
1 1 1 1
1 1 1 1
1 1 1 1
1 1 1 1
1 1 1 1
0 0 0 0
0 0 0 0

1000
 9  9  6  9  5  -4  -9  9  9  9
 -1  9  9  -9  -9  4  1  -3  -9  9
 9  -2  3  -6  9  -8  -9  9  4  9
 9  9  6  9  10  10  10  10  3  3
 -10  -10  -1  3  0  0  9  9  9  6
 9  5  -4  2  6  9  9  -9  9  9  
 7  8  3  5  -4  -6  0  -7  3  7
-5 -3 5 2 5 -1 -3 5 -5 -2
7 3 -8 1 -7 4 5 -7 4 1
-5 -9 2 1 -9 -9 -9 4 6 -9

400
1 1 1 1
1 1 1 1
1 1 1 1
1 1 1 1
1 1 1 1
0 0 0 0
0 0 0 0
0 0 0 0
0 0 0 0
0 0 0 0

1200
 9  9  6  9  5  -4  -9  9  9  9 3 2
 -1  9  9  -9  -9  4  1  -3  -9  9 4 4
 9  -2  3  -6  9  -8  -9  9  4  9 7 8
 9  9  6  9  10  10  10  10  3  3 -9 -9
 -10  -10  -1  3  0  0  9  9  9  6 0 0
 9  5  -4  2  6  9  9  -9  9  9 2 3
 7  8  3  5  -4  -6  0  -7  -3  7 6 1
-5 -3 5 2 5 -1 -3 5 -5 -2 5 4
7 3 -8 1 -7 4 5 -7 4 1 -3 2
-5 -9 2 1 -9 -9 -9 4 6 -9 7 8

400
1 1 1 1
1 1 1 1
1 1 1 1
1 1 1 1
1 1 6 2
1 -5 1 5
3 7 6 -2
1 3 10 8
-5 -9 10 1
1 9 -9 1

1500
 9  9  6  9  5  -4  -9  9  9  9 3 2 5 1 0
 -1  9  9  -9  -9  4  1  -3  -9  9 4 4 3 0 -9
 9  -2  3  -6  9  -8  -9  9  4  9 7 8 2 -7 6
 9  9  6  9  10  10  10  10  3  3 -9 -9 1 0 1
 -10  -10  -1  3  0  0  9  9  9  6 0 0 -9 9 -2
 9  5  -4  2  6  9  9  -9  9  9 2 3 3 3 1
 7  8  3  5  -4  -6  0  -7  -3  7 6 1 -8 7 6
-5 -3 5 2 5 -1 -3 5 -5 -2 5 4 3 4 5
7 3 -8 1 -7 4 5 -7 4 1 -3 2 10 -10 2
-5 -9 2 1 -9 -9 -9 4 6 -9 7 8 -6 4 5

700
1 1 9 1 -10 -10 -10
1 3 -7 4 7 10 10
1 3 -4 1 -4 1 5
1 10 2 3 0 1 -2
-10 2 6 2 7 3 -1
1 -5 1 3 2 -5 4
3 8 2 -2 -5 7 8
1 3 -9 8 -10 3 5
-5 -9 10 1 2 -8 1
1 9 -9 1 0 4 -5

1700
 9  9  6  9  5  -4  -9  9  9  9 3 2 5 1 0 3 4
 -1  9  9  -9  -9  -4  -1  -3  -9  9 4 4 3 0 -9 -2 1
 9  -2  3  -6  9  -8  -9  9  4  9 7 8 2 -7 6 7 8
 9  9  6  7  1  2  3  -10  3  3 -9 -9 1 0 1 0 0
 -10  10  -1  3  0  4  9  9  -9  6 3 0 -9 9 -2 -3 3
 9  5  -4  -9  6  9  9  -9  -9  9 2 3 3 3 1 5 -1
 7  1  3  5  -4  -6  2  -7  -3  -7 6 1 -8 7 6 8 -3
-5 -3 5 -10 5 -1 -2 -10 -5 -2 5 4 3 4 5 -4 3
7 2 -8 10 -7 4 5 -7 4 1 -3 2 1 -10 2 5 0
-5 -9 2 1 -9 -9 -9 4 6 -9 7 8 -6 4 5 2 3
