50
32 5 2
10 2
5 0
10 10 1
10 10
10 1 1
1 5
1000000000000000000 380000000000000000 200
9700 485000000000000000
18000 900000000000000000
5400 270000000000000000
12000 600000000000000000
400 20000000000000000
11100 555000000000000000
300 15000000000000000
11800 590000000000000000
2200 110000000000000000
14000 700000000000000000
16600 830000000000000000
700 35000000000000000
3100 155000000000000000
10600 530000000000000000
1800 90000000000000000
5900 295000000000000000
7000 350000000000000000
9100 455000000000000000
5600 280000000000000000
18400 920000000000000000
16900 845000000000000000
8300 415000000000000000
11900 595000000000000000
12200 610000000000000000
6900 345000000000000000
9400 470000000000000000
17900 895000000000000000
13900 695000000000000000
15100 755000000000000000
3600 180000000000000000
11700 585000000000000000
1600 80000000000000000
18500 925000000000000000
18700 935000000000000000
7500 375000000000000000
4700 235000000000000000
6100 305000000000000000
19800 990000000000000000
4800 240000000000000000
9200 460000000000000000
16100 805000000000000000
9500 475000000000000000
4100 205000000000000000
10300 515000000000000000
1100 55000000000000000
19900 995000000000000000
15400 770000000000000000
4600 230000000000000000
11500 575000000000000000
12600 630000000000000000
12500 625000000000000000
16300 815000000000000000
9900 495000000000000000
1900 95000000000000000
6200 310000000000000000
13700 685000000000000000
11300 565000000000000000
19300 965000000000000000
15200 760000000000000000
3400 170000000000000000
4900 245000000000000000
16800 840000000000000000
3800 190000000000000000
14600 730000000000000000
10700 535000000000000000
17100 855000000000000000
14500 725000000000000000
12400 620000000000000000
11000 550000000000000000
6700 335000000000000000
10400 520000000000000000
4400 220000000000000000
14300 715000000000000000
1400 70000000000000000
15600 780000000000000000
5100 255000000000000000
10800 540000000000000000
10500 525000000000000000
19000 950000000000000000
15300 765000000000000000
14400 720000000000000000
16500 825000000000000000
2300 115000000000000000
8400 420000000000000000
18600 930000000000000000
4500 225000000000000000
1700 85000000000000000
4200 210000000000000000
4300 215000000000000000
10100 505000000000000000
9800 490000000000000000
1200 60000000000000000
1000 50000000000000000
6500 325000000000000000
8600 430000000000000000
17500 875000000000000000
8900 445000000000000000
18300 915000000000000000
5300 265000000000000000
5200 260000000000000000
11200 560000000000000000
18800 940000000000000000
7300 365000000000000000
16000 800000000000000000
9000 450000000000000000
500 25000000000000000
3900 195000000000000000
17300 865000000000000000
16400 820000000000000000
9600 480000000000000000
20000 1000000000000000000
900 45000000000000000
6800 340000000000000000
2900 145000000000000000
19200 960000000000000000
13100 655000000000000000
14200 710000000000000000
17000 850000000000000000
18100 905000000000000000
800 40000000000000000
3300 165000000000000000
3200 160000000000000000
12800 640000000000000000
2800 140000000000000000
13400 670000000000000000
19400 970000000000000000
8100 405000000000000000
100 5000000000000000
7400 370000000000000000
7800 390000000000000000
18200 910000000000000000
13600 680000000000000000
2700 135000000000000000
3700 185000000000000000
13300 665000000000000000
15900 795000000000000000
1300 65000000000000000
8000 400000000000000000
2600 130000000000000000
15000 750000000000000000
17700 885000000000000000
2000 100000000000000000
8800 440000000000000000
7600 380000000000000000
6300 315000000000000000
5700 285000000000000000
6400 320000000000000000
12700 635000000000000000
16700 835000000000000000
15500 775000000000000000
13500 675000000000000000
14700 735000000000000000
7100 355000000000000000
16200 810000000000000000
13800 690000000000000000
19100 955000000000000000
5000 250000000000000000
19700 985000000000000000
14800 740000000000000000
3000 150000000000000000
8700 435000000000000000
18900 945000000000000000
17200 860000000000000000
5800 290000000000000000
6600 330000000000000000
600 30000000000000000
14100 705000000000000000
4000 200000000000000000
11400 570000000000000000
12300 615000000000000000
13200 660000000000000000
8200 410000000000000000
2500 125000000000000000
7700 385000000000000000
17800 890000000000000000
19600 980000000000000000
6000 300000000000000000
2100 105000000000000000
11600 580000000000000000
9300 465000000000000000
19500 975000000000000000
2400 120000000000000000
10200 510000000000000000
17600 880000000000000000
17400 870000000000000000
15700 785000000000000000
10000 500000000000000000
3500 175000000000000000
13000 650000000000000000
12900 645000000000000000
5500 275000000000000000
1500 75000000000000000
14900 745000000000000000
12100 605000000000000000
7900 395000000000000000
10900 545000000000000000
8500 425000000000000000
15800 790000000000000000
200 10000000000000000
7200 360000000000000000
1000000000000000000 17179869184 200
334 13500
281 8200
310 11100
343 14400
384 18500
237 3800
324 12500
339 14000
233 3400
249 5000
347 14800
291 9200
333 13400
342 14300
203 400
346 14700
362 16300
380 18100
268 6900
322 12300
241 4200
239 4000
200 100
206 700
271 7200
227 2800
285 8600
340 14100
279 8000
289 9000
263 6400
288 8900
299 10000
208 900
337 13800
255 5600
393 19400
315 11600
278 7900
223 2400
262 6300
390 19100
305 10600
284 8500
303 10400
344 14500
297 9800
282 8300
349 15000
336 13700
236 3700
244 4500
300 10100
231 3200
332 13300
265 6600
312 11300
260 6100
301 10200
250 5100
331 13200
381 18200
254 5500
235 3600
253 5400
386 18700
216 1700
374 17500
371 17200
370 17100
363 16400
367 16800
378 17900
360 16100
293 9400
330 13100
269 7000
240 4100
399 20000
314 11500
270 7100
392 19300
308 10900
306 10700
211 1200
329 13000
220 2100
388 18900
354 15500
389 19000
202 300
391 19200
286 8700
379 18000
292 9300
373 17400
361 16200
267 6800
307 10800
316 11700
283 8400
287 8800
218 1900
274 7500
215 1600
261 6200
372 17300
225 2600
298 9900
356 15700
351 15200
396 19700
252 5300
355 15600
295 9600
357 15800
387 18800
234 3500
328 12900
323 12400
358 15900
245 4600
272 7300
365 16600
251 5200
309 11000
338 13900
327 12800
345 14600
204 500
320 12100
304 10500
350 15100
326 12700
222 2300
335 13600
302 10300
247 4800
273 7400
242 4300
325 12600
266 6700
369 17000
280 8100
258 5900
232 3300
359 16000
317 11800
209 1000
226 2700
246 4700
219 2000
256 5700
313 11400
213 1400
348 14900
230 3100
311 11200
210 1100
248 4900
353 15400
321 12200
383 18400
290 9100
212 1300
207 800
221 2200
238 3900
352 15300
318 11900
294 9500
224 2500
243 4400
376 17700
228 2900
275 7600
394 19500
377 17800
277 7800
264 6500
364 16500
385 18600
296 9700
229 3000
368 16900
276 7700
395 19600
382 18300
201 200
397 19800
205 600
214 1500
257 5800
319 12000
398 19900
259 6000
341 14200
366 16700
217 1800
375 17600
593981005911186568 118301979990430 49
44 1265961
24 2934176
36 9803140
17 19100979
15 16853805
27 11250420
10 4918497
4 4494348
9 6796870
27 8089679
20 1076369
19 21348153
6 756003
12 1072770
31 2230745
23 25842501
7 1398554
7 7865109
8 8988696
21 23595327
20 22471740
21 15896963
10 11235870
18 20224566
16 17977392
25 28089675
5 3479613
5 5617935
12 542662
20 4779717
12 6033336
34 5884558
24 26966088
63 5407969
22 24718914
14 15730218
5 580636
67 658260
11 1356054
2 2247174
3 3370761
9 10112283
1 1123587
11 12359457
6 6741522
13 14606631
12 13483044
30 13641999
11 4885764
1000000000000000000 34359738368 200
334 13500
281 8200
310 11100
343 14400
384 18500
237 3800
324 12500
339 14000
233 3400
249 5000
347 14800
291 9200
333 13400
342 14300
203 400
346 14700
362 16300
380 18100
268 6900
322 12300
241 4200
239 4000
200 100
206 700
271 7200
227 2800
285 8600
340 14100
279 8000
289 9000
263 6400
288 8900
299 10000
208 900
337 13800
255 5600
393 19400
315 11600
278 7900
223 2400
262 6300
390 19100
305 10600
284 8500
303 10400
344 14500
297 9800
282 8300
349 15000
336 13700
236 3700
244 4500
300 10100
231 3200
332 13300
265 6600
312 11300
260 6100
301 10200
250 5100
331 13200
381 18200
254 5500
235 3600
253 5400
386 18700
216 1700
374 17500
371 17200
370 17100
363 16400
367 16800
378 17900
360 16100
293 9400
330 13100
269 7000
240 4100
399 20000
314 11500
270 7100
392 19300
308 10900
306 10700
211 1200
329 13000
220 2100
388 18900
354 15500
389 19000
202 300
391 19200
286 8700
379 18000
292 9300
373 17400
361 16200
267 6800
307 10800
316 11700
283 8400
287 8800
218 1900
274 7500
215 1600
261 6200
372 17300
225 2600
298 9900
356 15700
351 15200
396 19700
252 5300
355 15600
295 9600
357 15800
387 18800
234 3500
328 12900
323 12400
358 15900
245 4600
272 7300
365 16600
251 5200
309 11000
338 13900
327 12800
345 14600
204 500
320 12100
304 10500
350 15100
326 12700
222 2300
335 13600
302 10300
247 4800
273 7400
242 4300
325 12600
266 6700
369 17000
280 8100
258 5900
232 3300
359 16000
317 11800
209 1000
226 2700
246 4700
219 2000
256 5700
313 11400
213 1400
348 14900
230 3100
311 11200
210 1100
248 4900
353 15400
321 12200
383 18400
290 9100
212 1300
207 800
221 2200
238 3900
352 15300
318 11900
294 9500
224 2500
243 4400
376 17700
228 2900
275 7600
394 19500
377 17800
277 7800
264 6500
364 16500
385 18600
296 9700
229 3000
368 16900
276 7700
395 19600
382 18300
201 200
397 19800
205 600
214 1500
257 5800
319 12000
398 19900
259 6000
341 14200
366 16700
217 1800
375 17600
935288847943007921 68941612975838322 54
2 2116689
30 1479820
9 5013560
12 786493
1 1123587
4 4494348
2 2077027
23 311953
6 1469644
5 409425
21 1459881
4 58682
41 295723
3 1088143
5 5617935
2 2165444
7 7865109
18 609275
2 95845
2 1379632
3 3370761
9 4485380
6 1762085
15 350467
6 6741522
3 1726239
12 3146623
9 5119072
18 1628042
15 451556
27 149456
9 758870
8 8988696
11 6608158
12 3092905
15 294110
53 156750
6 545971
10 5023686
8 2721168
14 2246207
8 535000
2 2247174
3 510428
10 224196
11 2191444
21 1115515
10 5488760
3 236908
15 2142173
6 753792
15 373654
5 3594512
14 2415628
643227071226458167 23747845797689002 16
3 3370761
8 1488244
3 1513808
5 5617935
5 3285989
11 193605
10 654927
1 1123587
4 4494348
4 2601515
6 3087186
6 2104149
4 2110218
2 2247174
6 6741522
12 104398
1000000000000000000 137438953472 200
334 13500
281 8200
310 11100
343 14400
384 18500
237 3800
324 12500
339 14000
233 3400
249 5000
347 14800
291 9200
333 13400
342 14300
203 400
346 14700
362 16300
380 18100
268 6900
322 12300
241 4200
239 4000
200 100
206 700
271 7200
227 2800
285 8600
340 14100
279 8000
289 9000
263 6400
288 8900
299 10000
208 900
337 13800
255 5600
393 19400
315 11600
278 7900
223 2400
262 6300
390 19100
305 10600
284 8500
303 10400
344 14500
297 9800
282 8300
349 15000
336 13700
236 3700
244 4500
300 10100
231 3200
332 13300
265 6600
312 11300
260 6100
301 10200
250 5100
331 13200
381 18200
254 5500
235 3600
253 5400
386 18700
216 1700
374 17500
371 17200
370 17100
363 16400
367 16800
378 17900
360 16100
293 9400
330 13100
269 7000
240 4100
399 20000
314 11500
270 7100
392 19300
308 10900
306 10700
211 1200
329 13000
220 2100
388 18900
354 15500
389 19000
202 300
391 19200
286 8700
379 18000
292 9300
373 17400
361 16200
267 6800
307 10800
316 11700
283 8400
287 8800
218 1900
274 7500
215 1600
261 6200
372 17300
225 2600
298 9900
356 15700
351 15200
396 19700
252 5300
355 15600
295 9600
357 15800
387 18800
234 3500
328 12900
323 12400
358 15900
245 4600
272 7300
365 16600
251 5200
309 11000
338 13900
327 12800
345 14600
204 500
320 12100
304 10500
350 15100
326 12700
222 2300
335 13600
302 10300
247 4800
273 7400
242 4300
325 12600
266 6700
369 17000
280 8100
258 5900
232 3300
359 16000
317 11800
209 1000
226 2700
246 4700
219 2000
256 5700
313 11400
213 1400
348 14900
230 3100
311 11200
210 1100
248 4900
353 15400
321 12200
383 18400
290 9100
212 1300
207 800
221 2200
238 3900
352 15300
318 11900
294 9500
224 2500
243 4400
376 17700
228 2900
275 7600
394 19500
377 17800
277 7800
264 6500
364 16500
385 18600
296 9700
229 3000
368 16900
276 7700
395 19600
382 18300
201 200
397 19800
205 600
214 1500
257 5800
319 12000
398 19900
259 6000
341 14200
366 16700
217 1800
375 17600
104896001843135776 294870488425 85
10 11235870
6 3068392
2 213266
45 290970
29 2509472
20 9371208
19 2458024
4 34446
5 5617935
8 964464
12 1995444
14 573649
12 13483044
10 859604
20 13763053
3 1437794
2 2247174
40 2891478
8 5737199
10 2058272
44 3226850
9 10112283
50 461546
21 3846908
17 465649
97 375335
4 272815
30 3465532
6 6741522
6 9001
10 1291357
32 2756944
12 524986
67 326319
78 662396
3 76144
13 1141534
28 5788437
40 570471
11 7296332
2 179521
28 4634056
19 6274948
11 12359457
43 5215962
2 99745
2 114977
11 455966
13 14606631
8 8988696
24 2031034
10 496933
25 1173356
29 13323437
9 5561509
24 8691860
114 230011
15 743922
1 679366
40 3636545
12 712240
12 2400593
86 3160964
11 5812341
31 2329960
1 936907
1 1123587
60 1297336
2 124891
25 8755884
15 3899709
2 95027
9 5331567
43 1217073
4 4494348
24 444796
3 3370761
7 7865109
15 5169686
72 865227
78 429633
114 119101
39 388120
22 7267773
15 7654597
1000000000000000000 1 200
8300 415000000000000000
13700 685000000000000000
3400 170000000000000000
12200 610000000000000000
6600 330000000000000000
10500 525000000000000000
7000 350000000000000000
17900 895000000000000000
2300 115000000000000000
5300 265000000000000000
8000 400000000000000000
7100 355000000000000000
1600 80000000000000000
2100 105000000000000000
10400 520000000000000000
300 15000000000000000
14000 700000000000000000
14100 705000000000000000
6800 340000000000000000
15600 780000000000000000
500 25000000000000000
19900 995000000000000000
11500 575000000000000000
13200 660000000000000000
400 20000000000000000
10600 530000000000000000
15100 755000000000000000
10200 510000000000000000
7300 365000000000000000
5500 275000000000000000
10000 500000000000000000
8700 435000000000000000
10800 540000000000000000
15500 775000000000000000
14400 720000000000000000
14800 740000000000000000
18200 910000000000000000
10900 545000000000000000
17000 850000000000000000
17400 870000000000000000
11700 585000000000000000
19000 950000000000000000
1000 50000000000000000
4600 230000000000000000
12000 600000000000000000
5400 270000000000000000
9500 475000000000000000
15000 750000000000000000
4700 235000000000000000
18800 940000000000000000
9100 455000000000000000
8100 405000000000000000
5600 280000000000000000
16600 830000000000000000
15900 795000000000000000
12600 630000000000000000
12300 615000000000000000
9800 490000000000000000
7400 370000000000000000
15400 770000000000000000
800 40000000000000000
1300 65000000000000000
13000 650000000000000000
1500 75000000000000000
14700 735000000000000000
12400 620000000000000000
11000 550000000000000000
19100 955000000000000000
9600 480000000000000000
3200 160000000000000000
19300 965000000000000000
3600 180000000000000000
1900 95000000000000000
12700 635000000000000000
5100 255000000000000000
18400 920000000000000000
17100 855000000000000000
19500 975000000000000000
16900 845000000000000000
17700 885000000000000000
6100 305000000000000000
700 35000000000000000
19200 960000000000000000
17300 865000000000000000
2000 100000000000000000
4800 240000000000000000
16700 835000000000000000
9000 450000000000000000
10300 515000000000000000
3900 195000000000000000
17500 875000000000000000
11800 590000000000000000
18100 905000000000000000
5000 250000000000000000
2800 140000000000000000
100 5000000000000000
12500 625000000000000000
2200 110000000000000000
7200 360000000000000000
5800 290000000000000000
2700 135000000000000000
2600 130000000000000000
6300 315000000000000000
8500 425000000000000000
11900 595000000000000000
4900 245000000000000000
4200 210000000000000000
12100 605000000000000000
16100 805000000000000000
16800 840000000000000000
18700 935000000000000000
3100 155000000000000000
9300 465000000000000000
17800 890000000000000000
19800 990000000000000000
6700 335000000000000000
9200 460000000000000000
13800 690000000000000000
12800 640000000000000000
6500 325000000000000000
8600 430000000000000000
15800 790000000000000000
13600 680000000000000000
5200 260000000000000000
8900 445000000000000000
3300 165000000000000000
4500 225000000000000000
18600 930000000000000000
8800 440000000000000000
13500 675000000000000000
4300 215000000000000000
5700 285000000000000000
1100 55000000000000000
3500 175000000000000000
600 30000000000000000
7600 380000000000000000
14600 730000000000000000
13300 665000000000000000
13100 655000000000000000
2900 145000000000000000
6900 345000000000000000
16300 815000000000000000
11400 570000000000000000
16500 825000000000000000
1700 85000000000000000
11600 580000000000000000
1400 70000000000000000
13900 695000000000000000
4100 205000000000000000
3700 185000000000000000
16400 820000000000000000
2400 120000000000000000
19600 980000000000000000
15700 785000000000000000
11200 560000000000000000
200 10000000000000000
14900 745000000000000000
6400 320000000000000000
19400 970000000000000000
14500 725000000000000000
18300 915000000000000000
1800 90000000000000000
7500 375000000000000000
14200 710000000000000000
900 45000000000000000
14300 715000000000000000
18900 945000000000000000
15300 765000000000000000
10100 505000000000000000
9700 485000000000000000
10700 535000000000000000
20000 1000000000000000000
4400 220000000000000000
18500 925000000000000000
8400 420000000000000000
9900 495000000000000000
18000 900000000000000000
2500 125000000000000000
3800 190000000000000000
7900 395000000000000000
11100 555000000000000000
3000 150000000000000000
6000 300000000000000000
5900 295000000000000000
17200 860000000000000000
12900 645000000000000000
8200 410000000000000000
6200 310000000000000000
17600 880000000000000000
4000 200000000000000000
7800 390000000000000000
16000 800000000000000000
16200 810000000000000000
1200 60000000000000000
13400 670000000000000000
9400 470000000000000000
15200 760000000000000000
19700 985000000000000000
11300 565000000000000000
7700 385000000000000000
1000000000000000000 1 1
1 1000000000000000000
336206748955566692 72124519431331148 25
19 21348153
4 4494348
9 10112283
8 8988696
26 11478933
10 11235870
4 926697
20 4498775
41 9650748
14 15730218
13 14606631
7 7865109
25 9841098
11 12359457
17 19100979
2 2247174
12 13483044
5 5617935
3 3370761
15 16853805
1 1123587
27 16291906
16 17977392
18 20224566
6 6741522
899808845660510744 2944383906016746 65
6 2169523
9 10112283
31 3521345
3 3370761
2 914493
20 22471740
2 2247174
17 8997686
14 15730218
37 355379
1 1123587
17 19100979
26 29213262
27 30336849
19 21348153
20 1138082
32 13555814
12 448482
6 6741522
12 13483044
13 14606631
73 1574923
4 964932
19 738485
34 22291933
35 18405813
7 2617793
16 17977392
29 32584023
13 714970
24 26966088
1 505027
21 1126714
33 8654324
30 33707610
7 7865109
18 20224566
10 2267021
10 11235870
37 1947177
75 8236777
11 12359457
5 5617935
9 6528962
10 1132389
57 9389379
15 16853805
44 1175133
18 6286653
21 23595327
32 14749747
4 4494348
16 1007
23 25842501
8 8392496
11 1147607
20 268
26 1205376
24 2365092
28 31460436
25 28089675
41 29290563
8 8988696
31 18989914
22 24718914
100 5 3
28 59
27 58
5 60
189303773252368241 174792526026709 8
2 1099948
2 32026
3 67144
4 2062151
1 1123587
2 1199381
3 31362
2 2247174
34229520163008499 2583339774290659 18
6 9202
7 69510
4 454745
6 98118
3 3370761
1 621040
2 2247174
6 645025
5 5617935
4 703477
4 4494348
4 482270
4 287263
1 1123587
6 487303
6 230427
6 6741522
4 991031
680991369477187036 133095555440001793 30
11 12359457
17 160143
16 865556
10 397218
19 6011738
10 11235870
9 719791
9 4345287
14 213216
16 6013731
2 2247174
1 1123587
4 4494348
14 5939
9 10112283
5 2902247
6 2737835
13 955267
12 13483044
4 338192
11 417601
5 1468920
6 6741522
13 48484
5 5617935
12 6746819
3 3370761
7 7865109
8 981020
8 8988696
281526979751062715 62218752656456 64
12 4533105
6 2353448
2 2247174
73 16860
46 11069
16 506
13 14606631
3 151466
4 4494348
3 3370761
27 525779
14 3506739
16 497840
6 6741522
33 317077
40 32489
13 165866
13 844416
6 2315687
9 5575944
57 29565
7 3432001
35 147164
5 5617935
5 1367793
12 6403551
19 3936108
11 12359457
33 50008
7 49738
8 33684
19 2835552
10 3587684
8 8988696
14 970095
4 63406
12 13483044
4 68649
17 795081
9 10112283
7 7865109
8 33013
3 8232
12 12862
12 868074
33 340722
23 901854
2 304644
19 80743
8 876315
45 32427
20 71173
10 11235870
76 2433
20 481558
1 1123587
9 2535964
18 8476428
13 2238212
10 578885
17 695321
12 215139
17 152327
12 1376820
311603033940087836 1687318515454899 28
7 3852522
9 10112283
6 4094373
7 7865109
2 161706
3 3370761
16 3642606
19 259138
4 4494348
2 2247174
13 924189
5 5617935
3 1438004
12 6148986
18 6111062
1 1123587
4 667134
19 4676720
8 8988696
6 6741522
19 61703
10 2619514
22 1325367
6 1556238
11 488664
12 4162030
13 2745066
9 2770557
726830940973502356 12199526964250916 65
9 4797348
8 8988696
4 4494348
23 4667706
10 24959
22 1148072
2 2247174
18 1549
2 584530
12 5206010
13 4033654
12 3423412
11 6209919
38 12334
10 1460430
20 5119226
8 220582
7 7865109
29 299218
20 1461182
2 309113
25 2856674
58 8310
4 1672436
60 68751
6 389247
21 86529
3 3370761
20 764632
25 2956024
32 314829
15 5188884
11 22892
6 5104654
5 5617935
5 4644634
10 245554
9 4888699
8 6271048
21 18886
4 2549664
20 330085
13 1282064
26 620029
15 541421
9 2653453
6 6741522
33 6179
27 4433435
3 461160
24 351761
12 1383802
11 640916
15 4854244
23 1417
36 1242303
6 328712
2 448147
40 75095
25 68975
16 7005
14 2685593
1 1123587
46 2245957
4 399869
1000000000000000000 16384 200
334 13500
281 8200
310 11100
343 14400
384 18500
237 3800
324 12500
339 14000
233 3400
249 5000
347 14800
291 9200
333 13400
342 14300
203 400
346 14700
362 16300
380 18100
268 6900
322 12300
241 4200
239 4000
200 100
206 700
271 7200
227 2800
285 8600
340 14100
279 8000
289 9000
263 6400
288 8900
299 10000
208 900
337 13800
255 5600
393 19400
315 11600
278 7900
223 2400
262 6300
390 19100
305 10600
284 8500
303 10400
344 14500
297 9800
282 8300
349 15000
336 13700
236 3700
244 4500
300 10100
231 3200
332 13300
265 6600
312 11300
260 6100
301 10200
250 5100
331 13200
381 18200
254 5500
235 3600
253 5400
386 18700
216 1700
374 17500
371 17200
370 17100
363 16400
367 16800
378 17900
360 16100
293 9400
330 13100
269 7000
240 4100
399 20000
314 11500
270 7100
392 19300
308 10900
306 10700
211 1200
329 13000
220 2100
388 18900
354 15500
389 19000
202 300
391 19200
286 8700
379 18000
292 9300
373 17400
361 16200
267 6800
307 10800
316 11700
283 8400
287 8800
218 1900
274 7500
215 1600
261 6200
372 17300
225 2600
298 9900
356 15700
351 15200
396 19700
252 5300
355 15600
295 9600
357 15800
387 18800
234 3500
328 12900
323 12400
358 15900
245 4600
272 7300
365 16600
251 5200
309 11000
338 13900
327 12800
345 14600
204 500
320 12100
304 10500
350 15100
326 12700
222 2300
335 13600
302 10300
247 4800
273 7400
242 4300
325 12600
266 6700
369 17000
280 8100
258 5900
232 3300
359 16000
317 11800
209 1000
226 2700
246 4700
219 2000
256 5700
313 11400
213 1400
348 14900
230 3100
311 11200
210 1100
248 4900
353 15400
321 12200
383 18400
290 9100
212 1300
207 800
221 2200
238 3900
352 15300
318 11900
294 9500
224 2500
243 4400
376 17700
228 2900
275 7600
394 19500
377 17800
277 7800
264 6500
364 16500
385 18600
296 9700
229 3000
368 16900
276 7700
395 19600
382 18300
201 200
397 19800
205 600
214 1500
257 5800
319 12000
398 19900
259 6000
341 14200
366 16700
217 1800
375 17600
35097304766935023 12729265543816308 11
1 1123587
1 1064787
2 276024
1 454487
2 202970
6 25669
1 643008
2 631619
3 38180
3 239917
4 39436
1000000000000000000 200000000000000000 200
19900 995000000000000000
6200 310000000000000000
4500 225000000000000000
13700 685000000000000000
7800 390000000000000000
8800 440000000000000000
8500 425000000000000000
2000 100000000000000000
7900 395000000000000000
11200 560000000000000000
17600 880000000000000000
10900 545000000000000000
12700 635000000000000000
7600 380000000000000000
14200 710000000000000000
1600 80000000000000000
4300 215000000000000000
15600 780000000000000000
14500 725000000000000000
8300 415000000000000000
20000 1000000000000000000
14300 715000000000000000
12600 630000000000000000
16800 840000000000000000
16500 825000000000000000
6700 335000000000000000
18700 935000000000000000
4600 230000000000000000
15800 790000000000000000
6300 315000000000000000
6900 345000000000000000
5800 290000000000000000
12300 615000000000000000
17900 895000000000000000
1200 60000000000000000
17400 870000000000000000
13400 670000000000000000
8900 445000000000000000
12100 605000000000000000
14400 720000000000000000
10100 505000000000000000
1900 95000000000000000
16600 830000000000000000
8700 435000000000000000
2100 105000000000000000
13100 655000000000000000
13000 650000000000000000
14800 740000000000000000
12000 600000000000000000
15700 785000000000000000
18200 910000000000000000
3700 185000000000000000
14600 730000000000000000
11400 570000000000000000
9000 450000000000000000
1100 55000000000000000
18800 940000000000000000
18900 945000000000000000
10600 530000000000000000
8200 410000000000000000
12800 640000000000000000
9300 465000000000000000
8600 430000000000000000
6500 325000000000000000
4000 200000000000000000
800 40000000000000000
8000 400000000000000000
700 35000000000000000
7200 360000000000000000
13500 675000000000000000
4900 245000000000000000
11700 585000000000000000
2500 125000000000000000
10500 525000000000000000
5100 255000000000000000
19800 990000000000000000
12500 625000000000000000
6100 305000000000000000
17700 885000000000000000
7100 355000000000000000
3400 170000000000000000
2800 140000000000000000
13800 690000000000000000
13200 660000000000000000
15500 775000000000000000
3000 150000000000000000
19500 975000000000000000
4400 220000000000000000
400 20000000000000000
600 30000000000000000
3900 195000000000000000
5500 275000000000000000
18100 905000000000000000
11300 565000000000000000
11100 555000000000000000
9500 475000000000000000
15200 760000000000000000
5700 285000000000000000
7700 385000000000000000
16300 815000000000000000
5400 270000000000000000
6800 340000000000000000
12200 610000000000000000
2700 135000000000000000
19000 950000000000000000
17800 890000000000000000
11800 590000000000000000
15000 750000000000000000
16200 810000000000000000
13600 680000000000000000
16400 820000000000000000
14000 700000000000000000
6600 330000000000000000
13900 695000000000000000
15100 755000000000000000
3500 175000000000000000
5600 280000000000000000
16900 845000000000000000
15900 795000000000000000
4800 240000000000000000
14700 735000000000000000
100 5000000000000000
9900 495000000000000000
900 45000000000000000
17000 850000000000000000
11600 580000000000000000
11900 595000000000000000
7000 350000000000000000
4200 210000000000000000
4700 235000000000000000
10400 520000000000000000
6400 320000000000000000
12900 645000000000000000
10700 535000000000000000
7500 375000000000000000
11500 575000000000000000
5900 295000000000000000
9800 490000000000000000
500 25000000000000000
11000 550000000000000000
17300 865000000000000000
15300 765000000000000000
17200 860000000000000000
1300 65000000000000000
18600 930000000000000000
5200 260000000000000000
1800 90000000000000000
9100 455000000000000000
1400 70000000000000000
17500 875000000000000000
6000 300000000000000000
4100 205000000000000000
15400 770000000000000000
12400 620000000000000000
19100 955000000000000000
5300 265000000000000000
18000 900000000000000000
7300 365000000000000000
2400 120000000000000000
18300 915000000000000000
1700 85000000000000000
2200 110000000000000000
2300 115000000000000000
3200 160000000000000000
17100 855000000000000000
5000 250000000000000000
19300 965000000000000000
3800 190000000000000000
19700 985000000000000000
3600 180000000000000000
18400 920000000000000000
18500 925000000000000000
3300 165000000000000000
9400 470000000000000000
16700 835000000000000000
14100 705000000000000000
3100 155000000000000000
19600 980000000000000000
9700 485000000000000000
7400 370000000000000000
1500 75000000000000000
200 10000000000000000
300 15000000000000000
9600 480000000000000000
8400 420000000000000000
13300 665000000000000000
16000 800000000000000000
19200 960000000000000000
10000 500000000000000000
19400 970000000000000000
10300 515000000000000000
14900 745000000000000000
8100 405000000000000000
2600 130000000000000000
9200 460000000000000000
10200 510000000000000000
10800 540000000000000000
16100 805000000000000000
1000 50000000000000000
2900 145000000000000000
1000000000000000000 10000000000000000 200
4600 230000000000000000
13600 680000000000000000
15900 795000000000000000
9900 495000000000000000
5100 255000000000000000
9100 455000000000000000
15000 750000000000000000
19200 960000000000000000
11800 590000000000000000
4400 220000000000000000
11500 575000000000000000
16400 820000000000000000
3200 160000000000000000
9600 480000000000000000
100 5000000000000000
17700 885000000000000000
12700 635000000000000000
2000 100000000000000000
12200 610000000000000000
5200 260000000000000000
12000 600000000000000000
7900 395000000000000000
11100 555000000000000000
8000 400000000000000000
10500 525000000000000000
8800 440000000000000000
9400 470000000000000000
10000 500000000000000000
500 25000000000000000
1400 70000000000000000
1500 75000000000000000
4300 215000000000000000
10900 545000000000000000
16200 810000000000000000
6800 340000000000000000
6900 345000000000000000
17800 890000000000000000
8600 430000000000000000
2100 105000000000000000
400 20000000000000000
13400 670000000000000000
10300 515000000000000000
6600 330000000000000000
13100 655000000000000000
19500 975000000000000000
8500 425000000000000000
1100 55000000000000000
10600 530000000000000000
13200 660000000000000000
13300 665000000000000000
18400 920000000000000000
15200 760000000000000000
9700 485000000000000000
7700 385000000000000000
8300 415000000000000000
4700 235000000000000000
5600 280000000000000000
11300 565000000000000000
15500 775000000000000000
15600 780000000000000000
13000 650000000000000000
19000 950000000000000000
700 35000000000000000
10700 535000000000000000
10100 505000000000000000
17900 895000000000000000
14500 725000000000000000
12500 625000000000000000
5300 265000000000000000
12300 615000000000000000
16600 830000000000000000
18800 940000000000000000
18500 925000000000000000
6100 305000000000000000
10200 510000000000000000
18000 900000000000000000
12900 645000000000000000
6700 335000000000000000
4900 245000000000000000
3900 195000000000000000
18200 910000000000000000
600 30000000000000000
18100 905000000000000000
19800 990000000000000000
12600 630000000000000000
5400 270000000000000000
14900 745000000000000000
200 10000000000000000
8400 420000000000000000
6200 310000000000000000
9200 460000000000000000
14000 700000000000000000
8900 445000000000000000
9000 450000000000000000
2900 145000000000000000
19300 965000000000000000
3700 185000000000000000
10800 540000000000000000
3600 180000000000000000
800 40000000000000000
17500 875000000000000000
4100 205000000000000000
2200 110000000000000000
14400 720000000000000000
7800 390000000000000000
1800 90000000000000000
19100 955000000000000000
13700 685000000000000000
1700 85000000000000000
17600 880000000000000000
11600 580000000000000000
2400 120000000000000000
14300 715000000000000000
7000 350000000000000000
12800 640000000000000000
10400 520000000000000000
4200 210000000000000000
17300 865000000000000000
2300 115000000000000000
2700 135000000000000000
3000 150000000000000000
11900 595000000000000000
18300 915000000000000000
19700 985000000000000000
2500 125000000000000000
1200 60000000000000000
3100 155000000000000000
14200 710000000000000000
2600 130000000000000000
7600 380000000000000000
5000 250000000000000000
300 15000000000000000
1000 50000000000000000
14700 735000000000000000
5700 285000000000000000
1600 80000000000000000
15800 790000000000000000
5500 275000000000000000
13800 690000000000000000
11000 550000000000000000
13900 695000000000000000
7500 375000000000000000
900 45000000000000000
1900 95000000000000000
3300 165000000000000000
14600 730000000000000000
16300 815000000000000000
14800 740000000000000000
6400 320000000000000000
16900 845000000000000000
3500 175000000000000000
19600 980000000000000000
4800 240000000000000000
15400 770000000000000000
7200 360000000000000000
15700 785000000000000000
20000 1000000000000000000
18600 930000000000000000
18900 945000000000000000
5800 290000000000000000
16500 825000000000000000
16000 800000000000000000
4000 200000000000000000
9800 490000000000000000
1300 65000000000000000
2800 140000000000000000
3400 170000000000000000
7300 365000000000000000
16100 805000000000000000
8700 435000000000000000
19400 970000000000000000
9500 475000000000000000
17400 870000000000000000
18700 935000000000000000
11400 570000000000000000
17000 850000000000000000
6500 325000000000000000
4500 225000000000000000
14100 705000000000000000
9300 465000000000000000
7400 370000000000000000
8200 410000000000000000
3800 190000000000000000
5900 295000000000000000
11200 560000000000000000
12400 620000000000000000
17200 860000000000000000
16800 840000000000000000
13500 675000000000000000
15100 755000000000000000
12100 605000000000000000
6000 300000000000000000
11700 585000000000000000
7100 355000000000000000
19900 995000000000000000
6300 315000000000000000
17100 855000000000000000
15300 765000000000000000
16700 835000000000000000
8100 405000000000000000
888017318731554003 557797928547365653 16
3 16143
1 824244
3 39988
1 337798
3 335707
4 18334
1 975002
2 1031317
2 576157
3 251314
4 38836
4 230227
2 102737
3 156099
1 303786
1 1123587
209132146218203248 91464819042596 104
27 12999934
27 30336849
107 6748254
19 21348153
52 31081
6 368242
23 25842501
20 14965365
53 15934137
4 3296603
19 4126
28 5125732
20 7579250
49 2454811
22 5673084
52 651855
8 8988696
59 3858437
28 4038418
33 22825474
11 12359457
35 39325545
52 7676211
15 10061440
22 10761984
10 34205
10 8414556
71 12995349
28 10537296
80 583543
52 3421018
21 23595327
28 12630653
6 3488318
33 37078371
18 20224566
17 19100979
1 1123587
15 8585689
24 26966088
16 12486
15 16853805
26 29213262
71 2802765
39 5784964
40 1008804
40 20109757
69 15834931
24 6726431
5 5617935
6 6741522
38 8945836
30 33707610
28 31460436
104 419571
42 10009151
29 32584023
13 7551433
29 2350819
36 40449132
22 1295807
21 3836385
27 182833
34 38201958
12 2597464
11 6306590
6 2508146
41 2275215
16 17977392
29 425318
20 22471740
20 1316
31 3407846
4 4494348
12 243604
31 16838508
37 1589108
32 14005771
12 13483044
25 28089675
35 7017031
15 1253022
37 41572719
10 11235870
45 29705085
3 3370761
26 24444583
8 261242
31 8136288
9 10112283
14 15730218
85 3332523
16 542510
31 34831197
24 816657
10 587339
7 7865109
49 6027652
32 35954784
2 2247174
55 2031309
67 19320828
22 24718914
13 14606631
704531161804122933 18972463938365617 42
2 214327
2 21218
1 33834
2 78
5 577986
1 13497
2 2663
6 5597
2 15472
2 8
2 5211
1 33623
6 455802
7 101406
2 30358
2 51341
2 288
2 1550
3 48316
2 319673
1 342534
2 372810
3 9696
4 153266
1 1123587
3 6917
4 584937
5 37583
2 23385
2 2247174
4 22402
3 301179
6 11014
1 39739
1 6534
4 28448
4 35343
6 1733
4 753160
4 789762
4 6
1 378
902925557134360811 15541007249475550 27
2 2247174
20 1234500
84 98148
4 4494348
3 3370761
6 1765509
4 170924
5 5617935
14 4713007
43 221002
5 2781076
13 2311766
1 1123587
10 4415784
6 128266
19 3923572
7 7865109
34 572134
10 2579829
4 2227826
3 206962
39 912452
10 3984292
15 158493
6 52874
45 147271
6 6741522
143893827442717028 320489313705322 86
3 339980
3 401174
5 135764
19 1838333
14 1313611
10 176135
21 966986
7 10111
4 33164
5 856487
6 88592
14 3145048
12 5585674
6 100881
22 51709
11 4923165
17 158728
13 5222526
7 7865109
13 3708951
25 29690
13 2143495
8 7946
6 83924
8 1568743
3 187443
8 113668
16 2334573
1 38297
14 85662
5 1628670
8 6200830
12 724763
9 10112283
7 3571
3 3370761
4 4494348
2 11045
12 2955794
1 536294
10 4957213
9 680547
14 9078
22 433482
11 4020
11 4544
22 2158458
6 3924016
15 732798
8 8988696
6 6741522
10 715220
30 644524
3 145634
9 3476726
5 2550739
4 155164
7 67193
3 1371786
11 2845126
10 344049
5 5617935
2 26885
16 15381
10 64827
8 2133689
26 628677
14 1175761
1 1123587
15 370701
5 7814
8 47670
11 6430778
2 2247174
31 58510
33 13100
9 32995
17 1095646
12 809999
28 576834
6 5920856
9 41399
8 12765
10 147019
9 1234015
16 73516
954637132610889892 3168801240397725 21
6 1066245
1 17486
15 1417026
6 2284150
2 2247174
1 92667
2 49496
1 10732
1 14803
1 959838
2 1406765
8 1286637
2 241144
6 98049
3 3370761
1 1123587
4 1504197
8 2522562
8 2249794
4 453224
4 4494348
986973203410650397 832016124147425 47
36 7046
6 167799
59 2081
3 71754
3 39156
1 60201
4 102079
3 47889
1 179991
3 245418
1 36364
2 1046250
1 318704
27 11844
1 99738
3 47175
14 71194
2 288468
2 124613
1 1083687
9 166388
1 18471
6 288463
1 179837
1 89407
1 303636
4 51479
4 71634
8 60152
3 361501
2 391083
14 11338
4 183145
4 13061
1 1035823
72 3298
6 3365
18 22130
1 291135
1 1123587
3 6616
5 56843
8 137413
6 133987
6 34731
4 20818
2 59354
1000000000000000000 1 1
100000000000000000 100000000000000000
172863 9845 4
85 85
103 103
129 129
202 202
288203152343239211 25569107230943100 5
2 218830
1 960963
2 217189
1 1123587
2 2247174
236005907224217129 18590668184415931 69
46 23121770
2 506894
31 20295318
8 2983077
3 1843086
86 431663
3 3370761
1 30925
5 5617935
20 22471740
92 1446161
41 1558822
17 19100979
18 20224566
21 1159663
31 13022193
11 3925910
7 7865109
47 5783209
39 19719686
13 14606631
19 21348153
6 6741522
3 382955
13 441333
23 229814
1 443304
27 20663759
4 4494348
15 16853805
9 10112283
1 1123587
25 28089675
16 17977392
2 6231
82 6103327
21 197029
23 25842501
26 29213262
13 2873515
11 12359457
40 16996828
3 98007
2 700457
29 17073198
31 9679074
10 4720430
13 13393374
12 13483044
51 12034673
28 18756074
30 457937
24 10308688
17 13513497
68 1128530
14 15730218
75 5164439
8 8988696
1 836614
36 4917537
22 24718914
15 9042192
8 2680399
24 26966088
10 11235870
2 2247174
21 23595327
7 7256311
34 1185971
1000000000000000000 1 1
1 1
539094549420649988 282027893452736045 80
50 56179350
11 12359457
6 6741522
33 37078371
26 29213262
29 32584023
1 1123587
17 19100979
14 15730218
38 42696306
44 49437828
41 46067067
51 57302937
13 747509
35 39325545
65 38561418
48 53932176
40 44943480
2 2247174
27 2487410
59 66291633
94 6432295
24 26966088
36 40449132
55 7764369
39 43819893
49 55055763
28 31460436
53 59550111
4 2227884
27 15460186
56 62920872
63 35636365
35 6243364
16 9365392
47 52808589
61 31026166
21 23595327
84 41164783
30 33707610
29 15493191
42 47190654
61 68538807
15 16853805
20 22471740
10 1579399
34 38201958
40 3395244
16 17977392
49 11917933
60 67415220
9 10112283
54 60673698
7 7865109
22 6478795
8 8988696
25 28089675
58 65168046
12 13483044
14 8127789
5 5617935
55 61797285
16 6281986
22 24718914
32 35954784
52 58426524
23 25842501
37 41572719
27 30336849
31 34831197
46 51685002
43 48314241
18 20224566
13 14606631
3 3370761
57 64044459
10 11235870
45 50561415
4 4494348
19 21348153
966766154806808910 215707581457791910 65
29 23602045
30 8976173
16 17977392
12 10225910
20 10314719
53 12692494
2 2247174
3 3370761
25 7143259
40 10887557
5 2058090
34 4518204
34 5010515
8 407159
22 5800982
20 5824918
18 20224566
23 25842501
19 21348153
24 26966088
6 6741522
52 3644629
45 790354
26 29213262
69 166475
7 7865109
17 19100979
7 2356646
28 31460436
4 1606101
11 12359457
5 21097
27 24448418
15 16853805
8 327705
29 4448797
4 539744
25 28089675
22 15911296
22 24718914
12 13483044
13 14606631
40 17225865
26 349215
20 22471740
74 74733
14 15730218
101 342767
10 7150489
69 2727857
5 5617935
9 10112283
24 12061679
12 315833
10 11235870
8 8988696
27 30336849
5 1962497
29 32584023
21 23595327
4 4494348
17 6157107
58 7203898
20 1501909
1 1123587
410180054981079596 165699227124076 40
14 1353043
3 145935
4 388710
3 3097186
5 1755810
4 4494348
9 147883
2 45139
7 470326
4 123053
10 502254
7 2020667
19 97586
5 2493914
1 1123587
16 609094
2 962749
8 963287
6 296941
3 33362
8 1799567
2 162336
3 3370761
3 919001
7 198500
2 243378
2 788064
4 484971
5 122086
5 249934
9 680544
2 331581
13 2180616
8 1434389
15 357114
2 1120759
2 2247174
2 50736
7 2477839
7 1111571
1000000000000000000 1000000000000000000 1
1000000000000000000 1000000000000000000
845705792760650694 5719951538077163 148
1 1123587
29 1062132
59 4025484
14 15730218
11 1381582
7 305978
15 1360393
13 2651
22 6707486
3 2033484
33 13634300
28 6146906
28 7537032
6 939169
13 7071509
16 85987
48 10372304
53 9537915
16 45395
32 10951882
6 6741522
20 112047
26 3464023
5 5617935
2 163455
11 8078790
28 14471285
8 8988696
18 11507604
2 2247174
36 2855783
29 10977712
11 12359457
26 12306742
58 1390695
39 653675
8 3466703
17 12109320
25 28089675
12 13483044
3 3370761
4 4494348
46 17874
63 2327
21 5087183
8 4410593
13 14606631
12 140351
71 2652853
55 7623
45 10302857
24 26966088
114 9091
29 13776750
53 10891034
29 3094089
39 6947727
18 4498678
20 7681178
31 6704110
32 3050676
38 20220
25 12588635
18 4866772
61 483690
6 1186936
86 80756
35 26095509
6 34798
9 10112283
13 3360013
31 4145236
41 10048120
6 4292407
17 1304570
33 7860558
21 330548
13 35508
13 10724574
10 328440
63 7064704
77 1433582
9 2013678
35 31365
32 11265
9 1703836
21 41297
32 5561608
21 23578
3 461629
32 6282
15 16853805
23 25842501
37 5328258
21 4774827
62 2344469
25 168956
86 7786667
38 3343519
21 23595327
89 10644973
39 3452219
29 8937257
9 4355670
25 711594
12 3030223
5 332054
16 17977392
103 1697769
10 502543
19 280455
7 7865109
29 14641552
18 20224566
76 5029207
5 1029601
19 21348153
21 4577040
37 6867908
22 24718914
18 1623961
7 4283057
35 6213843
26 3297074
9 2214129
27 776179
20 3928711
17 19100979
58 1987842
50 5642763
13 2464145
36 7731085
18 9650724
71 6037584
23 21935
17 1350617
48 12195401
20 165178
3 1460647
9 3137546
24 15290388
20 22471740
4 376660
28 15943232
19 93610
22 1080379
10 11235870
11 5119337
1000000000000000000 536870912 200
334 13500
281 8200
310 11100
343 14400
384 18500
237 3800
324 12500
339 14000
233 3400
249 5000
347 14800
291 9200
333 13400
342 14300
203 400
346 14700
362 16300
380 18100
268 6900
322 12300
241 4200
239 4000
200 100
206 700
271 7200
227 2800
285 8600
340 14100
279 8000
289 9000
263 6400
288 8900
299 10000
208 900
337 13800
255 5600
393 19400
315 11600
278 7900
223 2400
262 6300
390 19100
305 10600
284 8500
303 10400
344 14500
297 9800
282 8300
349 15000
336 13700
236 3700
244 4500
300 10100
231 3200
332 13300
265 6600
312 11300
260 6100
301 10200
250 5100
331 13200
381 18200
254 5500
235 3600
253 5400
386 18700
216 1700
374 17500
371 17200
370 17100
363 16400
367 16800
378 17900
360 16100
293 9400
330 13100
269 7000
240 4100
399 20000
314 11500
270 7100
392 19300
308 10900
306 10700
211 1200
329 13000
220 2100
388 18900
354 15500
389 19000
202 300
391 19200
286 8700
379 18000
292 9300
373 17400
361 16200
267 6800
307 10800
316 11700
283 8400
287 8800
218 1900
274 7500
215 1600
261 6200
372 17300
225 2600
298 9900
356 15700
351 15200
396 19700
252 5300
355 15600
295 9600
357 15800
387 18800
234 3500
328 12900
323 12400
358 15900
245 4600
272 7300
365 16600
251 5200
309 11000
338 13900
327 12800
345 14600
204 500
320 12100
304 10500
350 15100
326 12700
222 2300
335 13600
302 10300
247 4800
273 7400
242 4300
325 12600
266 6700
369 17000
280 8100
258 5900
232 3300
359 16000
317 11800
209 1000
226 2700
246 4700
219 2000
256 5700
313 11400
213 1400
348 14900
230 3100
311 11200
210 1100
248 4900
353 15400
321 12200
383 18400
290 9100
212 1300
207 800
221 2200
238 3900
352 15300
318 11900
294 9500
224 2500
243 4400
376 17700
228 2900
275 7600
394 19500
377 17800
277 7800
264 6500
364 16500
385 18600
296 9700
229 3000
368 16900
276 7700
395 19600
382 18300
201 200
397 19800
205 600
214 1500
257 5800
319 12000
398 19900
259 6000
341 14200
366 16700
217 1800
375 17600
403448205258117474 32450899377384612 90
31 11924480
34 2561181
8 8988696
1 1123587
49 22886385
6 1727043
55 16180853
17 9411813
27 30336849
35 39325545
9 10112283
48 2237086
30 33707610
6 6741522
4 4494348
13 1845720
13 14606631
23 25842501
14 15730218
20 1193287
12 24895
74 99605
115 2596947
73 3334997
15 38872
33 4622370
85 3837
21 402025
10 1892238
13 1855769
39 43819893
32 35954784
40 44943480
26 12803577
38 42696306
66 3089848
54 31961371
28 31460436
42 15069351
1 359233
5 5617935
31 34831197
24 26966088
28 2594411
49 1670278
25 28089675
35 171038
138 2412790
18 20224566
15 1498284
52 29405004
33 4060392
7 7865109
20 22471740
15 16853805
17 19100979
41 10695443
46 1947507
25 5626589
22 24718914
13 1586757
16 17977392
10 11235870
54 66695
63 1846045
45 227175
3 3370761
26 845233
34 4488742
37 1703045
48 230998
16 3312182
2 2247174
21 23595327
51 29532530
2 493079
51 36455614
19 21348153
7 1974481
33 37078371
23 4587311
26 29213262
36 40449132
29 32584023
31 1802812
13 3229010
11 12359457
37 41572719
34 38201958
12 13483044
1000000000000000000 16777216 200
334 13500
281 8200
310 11100
343 14400
384 18500
237 3800
324 12500
339 14000
233 3400
249 5000
347 14800
291 9200
333 13400
342 14300
203 400
346 14700
362 16300
380 18100
268 6900
322 12300
241 4200
239 4000
200 100
206 700
271 7200
227 2800
285 8600
340 14100
279 8000
289 9000
263 6400
288 8900
299 10000
208 900
337 13800
255 5600
393 19400
315 11600
278 7900
223 2400
262 6300
390 19100
305 10600
284 8500
303 10400
344 14500
297 9800
282 8300
349 15000
336 13700
236 3700
244 4500
300 10100
231 3200
332 13300
265 6600
312 11300
260 6100
301 10200
250 5100
331 13200
381 18200
254 5500
235 3600
253 5400
386 18700
216 1700
374 17500
371 17200
370 17100
363 16400
367 16800
378 17900
360 16100
293 9400
330 13100
269 7000
240 4100
399 20000
314 11500
270 7100
392 19300
308 10900
306 10700
211 1200
329 13000
220 2100
388 18900
354 15500
389 19000
202 300
391 19200
286 8700
379 18000
292 9300
373 17400
361 16200
267 6800
307 10800
316 11700
283 8400
287 8800
218 1900
274 7500
215 1600
261 6200
372 17300
225 2600
298 9900
356 15700
351 15200
396 19700
252 5300
355 15600
295 9600
357 15800
387 18800
234 3500
328 12900
323 12400
358 15900
245 4600
272 7300
365 16600
251 5200
309 11000
338 13900
327 12800
345 14600
204 500
320 12100
304 10500
350 15100
326 12700
222 2300
335 13600
302 10300
247 4800
273 7400
242 4300
325 12600
266 6700
369 17000
280 8100
258 5900
232 3300
359 16000
317 11800
209 1000
226 2700
246 4700
219 2000
256 5700
313 11400
213 1400
348 14900
230 3100
311 11200
210 1100
248 4900
353 15400
321 12200
383 18400
290 9100
212 1300
207 800
221 2200
238 3900
352 15300
318 11900
294 9500
224 2500
243 4400
376 17700
228 2900
275 7600
394 19500
377 17800
277 7800
264 6500
364 16500
385 18600
296 9700
229 3000
368 16900
276 7700
395 19600
382 18300
201 200
397 19800
205 600
214 1500
257 5800
319 12000
398 19900
259 6000
341 14200
366 16700
217 1800
375 17600
380013094521057161 27084925015860270 4
2 2247174
1 1123587
4 4494348
3 3370761
167887755463492282 2720259194495 7
3 466
1 56426
3 7294
1 767937
2 21369
1 1123587
2 54661
1000000000000000000 610000000 4
4 2000000000
2 900000000
3 1100000000
1 600000000
404716892415503166 5010146299805256 16
4 2777208
1 428006
4 11073
5 5617935
6 1039615
3 78250
6 6741522
9 10112283
7 3072166
4 4494348
1 1123587
3 3370761
8 8988696
7 7865109
2 2247174
2 128437
