50
32 5 2
10 2
5 0
10 10 1
10 10
10 1 1
1 5
1517213 236196 46
15 15
10 10
36 14
44 2
9 9
3 3
17 17
47 10
26 26
2 2
29 1
22 22
13 13
1 1
20 20
29 29
63 6
43 2
31 31
50 21
4 4
30 30
47 25
14 14
28 28
20 18
33 20
21 21
40 2
6 6
18 18
14 3
25 25
27 27
8 8
23 23
16 16
32 32
7 7
19 19
8 4
11 11
24 24
27 15
12 12
5 5
610832 12647 77
36 36
10 10
39 39
16 16
14 11
9 2
57 3
50 50
1 1
73 17
26 26
41 41
45 45
28 4
43 43
18 18
19 2
27 27
35 35
2 2
15 15
35 2
14 14
22 10
44 44
24 10
11 11
51 51
30 14
9 2
61 39
46 46
48 3
8 8
57 33
48 48
31 31
37 11
34 34
7 7
42 42
4 4
6 6
40 40
25 25
21 21
33 33
47 22
3 3
47 47
12 12
39 5
47 2
28 5
13 13
17 17
2 1
38 38
28 28
37 13
37 37
20 20
86 42
5 5
29 29
24 24
63 3
9 9
19 19
22 22
40 2
30 30
79 1
32 32
49 49
23 23
50 49
2000000 65536 200
186 186
134 134
31 31
113 113
146 146
50 50
52 52
1 1
184 184
102 102
126 126
88 88
96 96
15 15
121 121
101 101
28 28
65 65
182 182
9 9
3 3
164 164
20 20
6 6
35 35
161 161
13 13
180 180
34 34
176 176
123 123
114 114
17 17
33 33
26 26
157 157
181 181
86 86
168 168
165 165
120 120
94 94
90 90
57 57
142 142
16 16
159 159
27 27
127 127
92 92
183 183
60 60
129 129
14 14
83 83
29 29
75 75
139 139
200 200
124 124
187 187
109 109
37 37
192 192
173 173
137 137
18 18
106 106
178 178
103 103
174 174
76 76
122 122
63 63
84 84
105 105
197 197
21 21
98 98
53 53
145 145
56 56
97 97
7 7
8 8
138 138
116 116
162 162
147 147
188 188
43 43
132 132
172 172
70 70
47 47
91 91
151 151
55 55
155 155
5 5
36 36
193 193
156 156
61 61
150 150
79 79
131 131
19 19
10 10
166 166
140 140
12 12
32 32
194 194
74 74
69 69
152 152
167 167
95 95
171 171
144 144
149 149
85 85
118 118
73 73
93 93
100 100
49 49
153 153
87 87
199 199
40 40
196 196
25 25
89 89
58 58
190 190
136 136
68 68
48 48
51 51
177 177
160 160
4 4
22 22
81 81
143 143
72 72
175 175
141 141
135 135
2 2
110 110
158 158
42 42
99 99
111 111
104 104
23 23
169 169
66 66
185 185
41 41
59 59
54 54
11 11
125 125
67 67
128 128
130 130
170 170
80 80
179 179
195 195
189 189
62 62
107 107
38 38
77 77
154 154
112 112
198 198
44 44
45 45
163 163
191 191
30 30
64 64
82 82
71 71
117 117
115 115
39 39
108 108
119 119
24 24
133 133
148 148
46 46
78 78
1648425 104209 40
23 9
157 1
7 3
45 2
13 13
5 5
7 7
21 14
2 2
21 14
18 1
19 9
36 1
13 7
35 7
8 3
10 10
8 8
22 12
18 18
9 9
12 12
24 3
16 16
83 1
4 4
15 15
3 1
25 8
25 1
11 11
14 14
17 17
29 1
1 1
9 1
3 3
6 2
6 6
18 3
2000000 1 200
8300 830000
13700 1370000
3400 340000
12200 1220000
6600 660000
10500 1050000
7000 700000
17900 1790000
2300 230000
5300 530000
8000 800000
7100 710000
1600 160000
2100 210000
10400 1040000
300 30000
14000 1400000
14100 1410000
6800 680000
15600 1560000
500 50000
19900 1990000
11500 1150000
13200 1320000
400 40000
10600 1060000
15100 1510000
10200 1020000
7300 730000
5500 550000
10000 1000000
8700 870000
10800 1080000
15500 1550000
14400 1440000
14800 1480000
18200 1820000
10900 1090000
17000 1700000
17400 1740000
11700 1170000
19000 1900000
1000 100000
4600 460000
12000 1200000
5400 540000
9500 950000
15000 1500000
4700 470000
18800 1880000
9100 910000
8100 810000
5600 560000
16600 1660000
15900 1590000
12600 1260000
12300 1230000
9800 980000
7400 740000
15400 1540000
800 80000
1300 130000
13000 1300000
1500 150000
14700 1470000
12400 1240000
11000 1100000
19100 1910000
9600 960000
3200 320000
19300 1930000
3600 360000
1900 190000
12700 1270000
5100 510000
18400 1840000
17100 1710000
19500 1950000
16900 1690000
17700 1770000
6100 610000
700 70000
19200 1920000
17300 1730000
2000 200000
4800 480000
16700 1670000
9000 900000
10300 1030000
3900 390000
17500 1750000
11800 1180000
18100 1810000
5000 500000
2800 280000
100 10000
12500 1250000
2200 220000
7200 720000
5800 580000
2700 270000
2600 260000
6300 630000
8500 850000
11900 1190000
4900 490000
4200 420000
12100 1210000
16100 1610000
16800 1680000
18700 1870000
3100 310000
9300 930000
17800 1780000
19800 1980000
6700 670000
9200 920000
13800 1380000
12800 1280000
6500 650000
8600 860000
15800 1580000
13600 1360000
5200 520000
8900 890000
3300 330000
4500 450000
18600 1860000
8800 880000
13500 1350000
4300 430000
5700 570000
1100 110000
3500 350000
600 60000
7600 760000
14600 1460000
13300 1330000
13100 1310000
2900 290000
6900 690000
16300 1630000
11400 1140000
16500 1650000
1700 170000
11600 1160000
1400 140000
13900 1390000
4100 410000
3700 370000
16400 1640000
2400 240000
19600 1960000
15700 1570000
11200 1120000
200 20000
14900 1490000
6400 640000
19400 1940000
14500 1450000
18300 1830000
1800 180000
7500 750000
14200 1420000
900 90000
14300 1430000
18900 1890000
15300 1530000
10100 1010000
9700 970000
10700 1070000
20000 2000000
4400 440000
18500 1850000
8400 840000
9900 990000
18000 1800000
2500 250000
3800 380000
7900 790000
11100 1110000
3000 300000
6000 600000
5900 590000
17200 1720000
12900 1290000
8200 820000
6200 620000
17600 1760000
4000 400000
7800 780000
16000 1600000
16200 1620000
1200 120000
13400 1340000
9400 940000
15200 1520000
19700 1970000
11300 1130000
7700 770000
1832600 23377 153
38 38
76 76
13 13
56 56
109 109
39 39
57 57
33 33
90 90
87 87
4 4
98 98
51 51
119 119
88 88
28 28
99 99
88 49
7 5
95 95
20 20
48 21
122 122
27 27
102 102
166 84
58 58
15 15
101 28
174 34
64 64
1 1
22 22
65 65
129 129
111 111
50 50
25 25
30 30
53 53
66 66
17 17
92 92
31 31
127 127
112 112
105 105
46 46
84 84
23 23
71 71
78 78
121 69
7 7
82 82
67 67
104 104
21 21
63 63
214 73
69 69
114 114
6 6
110 110
106 30
75 75
34 34
79 79
48 48
107 107
113 113
18 1
43 43
72 72
45 38
62 62
41 41
52 52
130 130
49 49
18 18
19 19
103 103
125 125
166 1
85 85
5 5
54 54
68 68
115 115
139 61
50 9
29 29
80 80
94 94
42 42
12 12
60 60
3 3
126 126
59 59
70 70
195 111
16 16
123 123
91 91
120 120
86 86
77 77
8 8
83 83
36 36
2 2
118 118
74 74
24 24
124 96
101 101
124 124
35 35
55 55
26 26
100 100
31 11
116 116
186 109
108 108
61 61
89 89
47 47
32 32
45 45
44 44
81 81
117 117
122 61
9 9
73 73
98 38
126 41
10 10
96 96
97 97
121 121
106 106
248 81
93 93
128 128
164 99
11 11
40 40
37 37
14 14
2000000 20000 200
4600 460000
13600 1360000
15900 1590000
9900 990000
5100 510000
9100 910000
15000 1500000
19200 1920000
11800 1180000
4400 440000
11500 1150000
16400 1640000
3200 320000
9600 960000
100 10000
17700 1770000
12700 1270000
2000 200000
12200 1220000
5200 520000
12000 1200000
7900 790000
11100 1110000
8000 800000
10500 1050000
8800 880000
9400 940000
10000 1000000
500 50000
1400 140000
1500 150000
4300 430000
10900 1090000
16200 1620000
6800 680000
6900 690000
17800 1780000
8600 860000
2100 210000
400 40000
13400 1340000
10300 1030000
6600 660000
13100 1310000
19500 1950000
8500 850000
1100 110000
10600 1060000
13200 1320000
13300 1330000
18400 1840000
15200 1520000
9700 970000
7700 770000
8300 830000
4700 470000
5600 560000
11300 1130000
15500 1550000
15600 1560000
13000 1300000
19000 1900000
700 70000
10700 1070000
10100 1010000
17900 1790000
14500 1450000
12500 1250000
5300 530000
12300 1230000
16600 1660000
18800 1880000
18500 1850000
6100 610000
10200 1020000
18000 1800000
12900 1290000
6700 670000
4900 490000
3900 390000
18200 1820000
600 60000
18100 1810000
19800 1980000
12600 1260000
5400 540000
14900 1490000
200 20000
8400 840000
6200 620000
9200 920000
14000 1400000
8900 890000
9000 900000
2900 290000
19300 1930000
3700 370000
10800 1080000
3600 360000
800 80000
17500 1750000
4100 410000
2200 220000
14400 1440000
7800 780000
1800 180000
19100 1910000
13700 1370000
1700 170000
17600 1760000
11600 1160000
2400 240000
14300 1430000
7000 700000
12800 1280000
10400 1040000
4200 420000
17300 1730000
2300 230000
2700 270000
3000 300000
11900 1190000
18300 1830000
19700 1970000
2500 250000
1200 120000
3100 310000
14200 1420000
2600 260000
7600 760000
5000 500000
300 30000
1000 100000
14700 1470000
5700 570000
1600 160000
15800 1580000
5500 550000
13800 1380000
11000 1100000
13900 1390000
7500 750000
900 90000
1900 190000
3300 330000
14600 1460000
16300 1630000
14800 1480000
6400 640000
16900 1690000
3500 350000
19600 1960000
4800 480000
15400 1540000
7200 720000
15700 1570000
20000 2000000
18600 1860000
18900 1890000
5800 580000
16500 1650000
16000 1600000
4000 400000
9800 980000
1300 130000
2800 280000
3400 340000
7300 730000
16100 1610000
8700 870000
19400 1940000
9500 950000
17400 1740000
18700 1870000
11400 1140000
17000 1700000
6500 650000
4500 450000
14100 1410000
9300 930000
7400 740000
8200 820000
3800 380000
5900 590000
11200 1120000
12400 1240000
17200 1720000
16800 1680000
13500 1350000
15100 1510000
12100 1210000
6000 600000
11700 1170000
7100 710000
19900 1990000
6300 630000
17100 1710000
15300 1530000
16700 1670000
8100 810000
631136 56448 40
4 4
9 1
10 2
5 2
2 1
7 1
2 1
2 1
4 1
3 1
4 1
6 2
2 1
12 1
1 1
7 1
2 1
2 1
8 1
7 1
2 2
3 3
7 2
4 1
4 2
6 1
2 1
5 2
7 1
3 1
2 1
3 1
12 1
2 1
3 2
6 1
4 1
2 2
2 1
3 1
2000000 1 1
1 1
303691 1822 115
47 47
3 1
37 37
33 33
30 2
1 1
56 56
59 59
40 28
48 17
117 49
66 21
4 1
29 7
20 20
49 49
48 48
52 52
39 12
51 51
63 63
53 53
55 55
5 5
75 75
35 35
8 8
69 69
12 12
6 6
61 41
77 50
61 21
9 9
31 31
2 2
66 66
24 24
13 13
27 27
11 11
30 30
23 23
44 44
188 7
14 14
3 3
4 4
57 57
38 38
100 32
40 40
15 15
36 20
36 7
131 9
65 65
26 26
67 67
34 34
62 62
61 61
101 9
41 41
64 64
75 63
62 5
18 18
77 77
76 76
7 7
76 13
45 45
74 74
108 39
10 10
72 72
28 28
73 73
32 32
21 21
110 53
71 71
42 19
39 39
68 68
13 2
54 54
42 42
43 23
136 63
70 70
96 56
14 3
46 46
50 50
147 2
16 16
25 25
36 36
78 78
39 21
60 60
33 15
84 6
22 22
29 29
12 8
48 36
43 43
188 55
19 19
58 58
17 17
20 2
1588749 472394 68
13 13
34 34
7 7
57 57
13 8
52 52
16 7
17 17
54 54
46 46
71 12
20 11
23 23
15 15
38 38
1 1
18 18
2 2
10 10
29 29
4 4
19 19
21 21
37 37
6 6
45 45
53 53
16 16
32 32
28 28
35 35
55 55
25 25
31 31
56 56
40 40
3 3
24 24
48 48
40 17
51 51
36 36
27 27
49 49
9 9
23 2
11 11
70 10
64 11
22 22
41 41
39 39
44 35
47 47
14 14
26 26
42 42
44 44
43 43
12 12
5 5
71 37
50 50
30 30
8 8
20 20
16 1
33 33
2000000 64 200
186 186
134 134
31 31
113 113
146 146
50 50
52 52
1 1
184 184
102 102
126 126
88 88
96 96
15 15
121 121
101 101
28 28
65 65
182 182
9 9
3 3
164 164
20 20
6 6
35 35
161 161
13 13
180 180
34 34
176 176
123 123
114 114
17 17
33 33
26 26
157 157
181 181
86 86
168 168
165 165
120 120
94 94
90 90
57 57
142 142
16 16
159 159
27 27
127 127
92 92
183 183
60 60
129 129
14 14
83 83
29 29
75 75
139 139
200 200
124 124
187 187
109 109
37 37
192 192
173 173
137 137
18 18
106 106
178 178
103 103
174 174
76 76
122 122
63 63
84 84
105 105
197 197
21 21
98 98
53 53
145 145
56 56
97 97
7 7
8 8
138 138
116 116
162 162
147 147
188 188
43 43
132 132
172 172
70 70
47 47
91 91
151 151
55 55
155 155
5 5
36 36
193 193
156 156
61 61
150 150
79 79
131 131
19 19
10 10
166 166
140 140
12 12
32 32
194 194
74 74
69 69
152 152
167 167
95 95
171 171
144 144
149 149
85 85
118 118
73 73
93 93
100 100
49 49
153 153
87 87
199 199
40 40
196 196
25 25
89 89
58 58
190 190
136 136
68 68
48 48
51 51
177 177
160 160
4 4
22 22
81 81
143 143
72 72
175 175
141 141
135 135
2 2
110 110
158 158
42 42
99 99
111 111
104 104
23 23
169 169
66 66
185 185
41 41
59 59
54 54
11 11
125 125
67 67
128 128
130 130
170 170
80 80
179 179
195 195
189 189
62 62
107 107
38 38
77 77
154 154
112 112
198 198
44 44
45 45
163 163
191 191
30 30
64 64
82 82
71 71
117 117
115 115
39 39
108 108
119 119
24 24
133 133
148 148
46 46
78 78
997509 6781 82
32 32
4 4
25 25
28 28
38 5
33 11
19 19
34 34
31 31
12 2
2 2
12 6
7 7
6 6
36 18
6 3
10 10
33 3
15 15
30 30
3 1
18 18
20 20
15 12
21 21
15 2
12 12
28 1
16 16
15 4
56 2
36 10
14 2
44 22
17 17
29 29
46 1
24 1
18 2
23 23
35 35
24 24
11 11
22 1
9 9
65 4
3 3
30 25
24 18
30 4
7 2
5 5
60 9
12 4
15 1
24 9
20 5
2 1
8 8
9 8
37 21
29 2
22 22
35 12
17 8
37 19
1 1
17 5
26 26
27 27
16 8
33 33
57 9
48 8
49 9
29 1
14 14
13 13
12 2
28 9
7 1
31 23
498956 24700 109
15 8
53 25
25 4
77 32
20 20
4 1
17 17
42 11
51 51
37 37
12 4
34 34
85 1
5 5
52 52
38 16
46 46
36 12
25 6
31 31
40 40
86 3
21 2
15 15
64 51
54 15
54 31
20 6
19 19
125 15
53 53
23 23
7 7
67 8
49 49
45 45
28 8
25 25
22 10
60 14
13 13
47 47
35 35
24 24
38 34
48 48
30 2
16 16
37 2
29 29
11 11
12 12
3 3
21 21
28 10
54 5
28 28
2 2
69 1
75 39
27 27
14 14
69 36
4 4
62 11
39 39
42 42
55 13
33 33
18 3
22 22
22 9
37 10
10 10
6 6
44 44
19 6
9 9
52 18
61 14
42 30
54 5
66 2
41 18
21 11
50 50
38 38
26 26
30 30
80 42
43 43
36 36
72 44
24 4
57 12
32 32
2 1
132 3
63 21
12 2
8 8
23 8
34 9
18 18
41 41
1 1
44 8
77 38
25 1
1170168 135666 3
2 2
1 1
3 3
396329 1139 83
80 80
30 30
58 58
12 12
52 52
67 67
28 28
51 51
17 17
37 37
2 2
62 62
32 32
42 42
10 10
22 22
6 6
75 75
29 29
36 36
41 41
24 24
31 31
65 65
73 73
77 77
45 45
33 33
60 60
63 63
39 39
27 27
7 7
55 55
8 8
54 54
3 3
74 74
40 40
20 20
57 57
61 61
15 15
66 66
18 18
81 81
64 64
82 82
35 35
59 59
68 68
56 56
49 49
9 9
5 5
79 79
34 34
70 70
26 26
78 78
16 16
4 4
48 48
71 71
13 13
44 44
53 53
21 21
1 1
23 23
76 76
14 14
46 46
19 19
38 38
25 25
43 43
50 50
11 11
69 69
72 72
47 47
83 83
965095 145062 1
1 1
691356 122323 11
2 1
2 2
1 1
8 1
2 1
1 1
8 1
4 1
2 1
2 2
2 1
172863 9845 4
202 202
103 103
85 85
129 129
2000000 4096 200
186 186
134 134
31 31
113 113
146 146
50 50
52 52
1 1
184 184
102 102
126 126
88 88
96 96
15 15
121 121
101 101
28 28
65 65
182 182
9 9
3 3
164 164
20 20
6 6
35 35
161 161
13 13
180 180
34 34
176 176
123 123
114 114
17 17
33 33
26 26
157 157
181 181
86 86
168 168
165 165
120 120
94 94
90 90
57 57
142 142
16 16
159 159
27 27
127 127
92 92
183 183
60 60
129 129
14 14
83 83
29 29
75 75
139 139
200 200
124 124
187 187
109 109
37 37
192 192
173 173
137 137
18 18
106 106
178 178
103 103
174 174
76 76
122 122
63 63
84 84
105 105
197 197
21 21
98 98
53 53
145 145
56 56
97 97
7 7
8 8
138 138
116 116
162 162
147 147
188 188
43 43
132 132
172 172
70 70
47 47
91 91
151 151
55 55
155 155
5 5
36 36
193 193
156 156
61 61
150 150
79 79
131 131
19 19
10 10
166 166
140 140
12 12
32 32
194 194
74 74
69 69
152 152
167 167
95 95
171 171
144 144
149 149
85 85
118 118
73 73
93 93
100 100
49 49
153 153
87 87
199 199
40 40
196 196
25 25
89 89
58 58
190 190
136 136
68 68
48 48
51 51
177 177
160 160
4 4
22 22
81 81
143 143
72 72
175 175
141 141
135 135
2 2
110 110
158 158
42 42
99 99
111 111
104 104
23 23
169 169
66 66
185 185
41 41
59 59
54 54
11 11
125 125
67 67
128 128
130 130
170 170
80 80
179 179
195 195
189 189
62 62
107 107
38 38
77 77
154 154
112 112
198 198
44 44
45 45
163 163
191 191
30 30
64 64
82 82
71 71
117 117
115 115
39 39
108 108
119 119
24 24
133 133
148 148
46 46
78 78
2000000 786432 200
186 186
134 134
31 31
113 113
146 146
50 50
52 52
1 1
184 184
102 102
126 126
88 88
96 96
15 15
121 121
101 101
28 28
65 65
182 182
9 9
3 3
164 164
20 20
6 6
35 35
161 161
13 13
180 180
34 34
176 176
123 123
114 114
17 17
33 33
26 26
157 157
181 181
86 86
168 168
165 165
120 120
94 94
90 90
57 57
142 142
16 16
159 159
27 27
127 127
92 92
183 183
60 60
129 129
14 14
83 83
29 29
75 75
139 139
200 200
124 124
187 187
109 109
37 37
192 192
173 173
137 137
18 18
106 106
178 178
103 103
174 174
76 76
122 122
63 63
84 84
105 105
197 197
21 21
98 98
53 53
145 145
56 56
97 97
7 7
8 8
138 138
116 116
162 162
147 147
188 188
43 43
132 132
172 172
70 70
47 47
91 91
151 151
55 55
155 155
5 5
36 36
193 193
156 156
61 61
150 150
79 79
131 131
19 19
10 10
166 166
140 140
12 12
32 32
194 194
74 74
69 69
152 152
167 167
95 95
171 171
144 144
149 149
85 85
118 118
73 73
93 93
100 100
49 49
153 153
87 87
199 199
40 40
196 196
25 25
89 89
58 58
190 190
136 136
68 68
48 48
51 51
177 177
160 160
4 4
22 22
81 81
143 143
72 72
175 175
141 141
135 135
2 2
110 110
158 158
42 42
99 99
111 111
104 104
23 23
169 169
66 66
185 185
41 41
59 59
54 54
11 11
125 125
67 67
128 128
130 130
170 170
80 80
179 179
195 195
189 189
62 62
107 107
38 38
77 77
154 154
112 112
198 198
44 44
45 45
163 163
191 191
30 30
64 64
82 82
71 71
117 117
115 115
39 39
108 108
119 119
24 24
133 133
148 148
46 46
78 78
1144656 120 29
5 1
8 8
3 3
1 1
50 3
7 1
15 6
12 5
6 6
28 3
7 7
4 4
13 1
16 1
60 2
3 2
25 2
16 1
4 1
5 5
8 1
16 3
9 9
9 1
6 2
12 2
2 2
2 1
3 1
1904548 241318 147
11 11
53 5
14 2
34 34
156 6
26 26
22 8
18 8
94 3
22 17
66 3
13 1
43 9
17 6
39 2
35 35
3 3
33 33
88 20
1 1
15 15
9 9
57 2
11 6
17 3
60 2
62 4
14 14
5 1
60 11
22 2
41 10
19 15
38 2
43 8
149 17
7 7
52 17
77 2
23 1
2 1
43 3
5 5
46 3
6 1
20 1
37 37
8 2
11 3
32 9
67 1
39 39
21 18
22 22
6 6
64 1
4 2
33 13
36 7
35 16
105 1
56 1
26 11
58 1
86 5
65 1
20 20
10 10
31 17
12 12
29 29
32 9
4 1
45 2
60 21
19 19
24 9
140 2
90 18
35 8
22 2
14 4
65 9
36 6
46 21
15 2
123 13
28 2
30 30
16 16
28 28
63 26
63 2
36 36
13 13
89 3
27 27
21 14
246 4
21 21
219 2
7 4
32 32
38 38
146 19
16 9
18 18
24 24
49 1
25 25
186 7
60 6
40 8
37 16
24 18
172 10
29 1
31 6
23 23
27 2
22 12
2 2
126 2
21 9
7 2
13 1
40 24
75 2
14 4
21 11
32 11
4 4
38 15
24 2
47 1
44 9
6 1
38 6
13 13
113 19
31 31
20 4
77 9
34 13
80 16
17 17
8 8
242352 2971 66
23 18
37 37
25 25
32 3
23 23
4 4
40 22
19 19
40 40
28 7
38 38
19 15
36 25
14 14
37 28
14 4
12 12
42 42
2 2
13 1
35 35
9 9
44 44
22 22
6 6
31 31
36 36
7 7
56 1
17 17
13 13
85 41
29 29
25 5
26 2
15 15
3 3
27 27
43 43
9 2
11 11
62 41
9 2
12 2
8 8
5 5
26 26
87 32
51 40
54 30
18 18
33 33
32 32
39 39
10 10
98 29
20 20
30 30
24 24
16 16
41 41
28 28
21 21
1 1
34 34
151 23
1255638 33071 20
2 1
8 1
13 2
18 1
2 1
5 5
2 1
6 2
4 4
9 1
1 1
2 2
5 4
3 1
6 6
11 1
7 2
2 1
3 3
1 1
2000000 400000 200
19900 1990000
6200 620000
4500 450000
13700 1370000
7800 780000
8800 880000
8500 850000
2000 200000
7900 790000
11200 1120000
17600 1760000
10900 1090000
12700 1270000
7600 760000
14200 1420000
1600 160000
4300 430000
15600 1560000
14500 1450000
8300 830000
20000 2000000
14300 1430000
12600 1260000
16800 1680000
16500 1650000
6700 670000
18700 1870000
4600 460000
15800 1580000
6300 630000
6900 690000
5800 580000
12300 1230000
17900 1790000
1200 120000
17400 1740000
13400 1340000
8900 890000
12100 1210000
14400 1440000
10100 1010000
1900 190000
16600 1660000
8700 870000
2100 210000
13100 1310000
13000 1300000
14800 1480000
12000 1200000
15700 1570000
18200 1820000
3700 370000
14600 1460000
11400 1140000
9000 900000
1100 110000
18800 1880000
18900 1890000
10600 1060000
8200 820000
12800 1280000
9300 930000
8600 860000
6500 650000
4000 400000
800 80000
8000 800000
700 70000
7200 720000
13500 1350000
4900 490000
11700 1170000
2500 250000
10500 1050000
5100 510000
19800 1980000
12500 1250000
6100 610000
17700 1770000
7100 710000
3400 340000
2800 280000
13800 1380000
13200 1320000
15500 1550000
3000 300000
19500 1950000
4400 440000
400 40000
600 60000
3900 390000
5500 550000
18100 1810000
11300 1130000
11100 1110000
9500 950000
15200 1520000
5700 570000
7700 770000
16300 1630000
5400 540000
6800 680000
12200 1220000
2700 270000
19000 1900000
17800 1780000
11800 1180000
15000 1500000
16200 1620000
13600 1360000
16400 1640000
14000 1400000
6600 660000
13900 1390000
15100 1510000
3500 350000
5600 560000
16900 1690000
15900 1590000
4800 480000
14700 1470000
100 10000
9900 990000
900 90000
17000 1700000
11600 1160000
11900 1190000
7000 700000
4200 420000
4700 470000
10400 1040000
6400 640000
12900 1290000
10700 1070000
7500 750000
11500 1150000
5900 590000
9800 980000
500 50000
11000 1100000
17300 1730000
15300 1530000
17200 1720000
1300 130000
18600 1860000
5200 520000
1800 180000
9100 910000
1400 140000
17500 1750000
6000 600000
4100 410000
15400 1540000
12400 1240000
19100 1910000
5300 530000
18000 1800000
7300 730000
2400 240000
18300 1830000
1700 170000
2200 220000
2300 230000
3200 320000
17100 1710000
5000 500000
19300 1930000
3800 380000
19700 1970000
3600 360000
18400 1840000
18500 1850000
3300 330000
9400 940000
16700 1670000
14100 1410000
3100 310000
19600 1960000
9700 970000
7400 740000
1500 150000
200 20000
300 30000
9600 960000
8400 840000
13300 1330000
16000 1600000
19200 1920000
10000 1000000
19400 1940000
10300 1030000
14900 1490000
8100 810000
2600 260000
9200 920000
10200 1020000
10800 1080000
16100 1610000
1000 100000
2900 290000
949499 46788 19
4 3
8 5
5 5
4 4
10 2
11 2
3 3
10 10
6 6
8 1
1 1
9 5
16 8
9 9
4 2
7 7
12 1
2 2
8 8
663763 48955 1
1 1
1063495 77688 38
4 1
2 1
1 1
8 1
10 1
2 1
6 1
6 1
2 1
11 1
4 1
2 1
5 1
3 1
6 1
7 1
3 1
7 1
3 1
3 1
3 1
3 1
5 1
7 1
4 1
1 1
6 1
4 1
6 1
6 1
3 1
3 1
4 1
19 1
4 1
4 1
6 1
3 1
1971158 51413 15
10 10
14 7
4 4
11 11
7 7
8 8
6 1
3 3
6 6
1 1
11 1
5 5
6 3
2 2
9 9
100 5 3
28 59
5 60
27 58
246208 16059 93
56 8
55 3
18 3
55 19
27 10
4 4
9 3
4 3
35 35
52 7
39 5
18 18
21 21
26 26
96 6
11 11
7 7
43 3
25 25
37 5
31 31
21 9
17 17
110 4
26 1
32 17
94 3
14 3
27 5
9 3
2 2
108 3
164 1
66 9
18 8
109 10
32 9
11 7
58 21
15 15
19 19
95 9
9 9
100 1
23 23
12 12
5 5
10 10
1 1
31 19
16 16
18 1
93 3
30 6
17 7
1 1
37 5
30 30
27 27
1 1
48 18
30 6
70 7
29 29
34 3
6 6
71 3
49 5
28 2
8 8
35 4
8 1
34 34
14 14
32 32
1 1
33 33
3 3
60 14
19 11
38 11
25 1
124 2
9 2
24 24
19 4
13 13
36 36
28 28
47 3
22 22
20 20
16 9
1436691 64958 84
35 2
4 1
19 4
5 5
24 1
7 2
19 1
111 1
32 1
7 1
2 1
2 1
29 1
4 1
18 3
15 1
1 1
3 1
7 7
13 1
8 2
16 1
15 1
12 1
4 1
8 5
3 1
6 1
4 1
62 1
3 3
10 1
4 4
6 1
23 5
3 3
16 6
19 3
15 3
8 1
27 1
3 2
3 1
3 1
16 3
49 2
33 1
58 1
1 1
32 1
15 2
31 1
22 1
3 3
2 2
14 6
23 3
29 2
25 3
21 1
6 1
5 2
7 2
3 1
10 9
26 2
9 9
6 2
8 8
6 6
46 1
4 3
4 1
19 3
5 1
19 1
7 3
10 10
6 1
53 1
5 1
5 1
32 1
9 3
2000000 1 1
1 2000000
284349 18617 2
1 1
2 2
2000000 16384 200
186 186
134 134
31 31
113 113
146 146
50 50
52 52
1 1
184 184
102 102
126 126
88 88
96 96
15 15
121 121
101 101
28 28
65 65
182 182
9 9
3 3
164 164
20 20
6 6
35 35
161 161
13 13
180 180
34 34
176 176
123 123
114 114
17 17
33 33
26 26
157 157
181 181
86 86
168 168
165 165
120 120
94 94
90 90
57 57
142 142
16 16
159 159
27 27
127 127
92 92
183 183
60 60
129 129
14 14
83 83
29 29
75 75
139 139
200 200
124 124
187 187
109 109
37 37
192 192
173 173
137 137
18 18
106 106
178 178
103 103
174 174
76 76
122 122
63 63
84 84
105 105
197 197
21 21
98 98
53 53
145 145
56 56
97 97
7 7
8 8
138 138
116 116
162 162
147 147
188 188
43 43
132 132
172 172
70 70
47 47
91 91
151 151
55 55
155 155
5 5
36 36
193 193
156 156
61 61
150 150
79 79
131 131
19 19
10 10
166 166
140 140
12 12
32 32
194 194
74 74
69 69
152 152
167 167
95 95
171 171
144 144
149 149
85 85
118 118
73 73
93 93
100 100
49 49
153 153
87 87
199 199
40 40
196 196
25 25
89 89
58 58
190 190
136 136
68 68
48 48
51 51
177 177
160 160
4 4
22 22
81 81
143 143
72 72
175 175
141 141
135 135
2 2
110 110
158 158
42 42
99 99
111 111
104 104
23 23
169 169
66 66
185 185
41 41
59 59
54 54
11 11
125 125
67 67
128 128
130 130
170 170
80 80
179 179
195 195
189 189
62 62
107 107
38 38
77 77
154 154
112 112
198 198
44 44
45 45
163 163
191 191
30 30
64 64
82 82
71 71
117 117
115 115
39 39
108 108
119 119
24 24
133 133
148 148
46 46
78 78
994278 207711 112
6 6
13 2
21 1
62 1
8 8
25 2
17 1
18 1
38 3
17 15
23 12
37 3
28 2
27 4
5 5
24 9
8 2
21 8
65 3
27 1
13 6
20 5
18 1
28 2
12 5
4 4
16 4
30 1
11 1
67 3
42 11
11 11
3 3
18 18
16 16
15 15
25 1
26 13
13 2
13 13
23 8
15 1
27 1
18 3
14 14
26 4
18 9
11 10
44 6
20 20
5 1
9 9
18 5
13 1
17 17
17 3
56 3
18 2
31 2
10 1
5 1
36 3
39 10
21 21
34 3
17 1
22 1
65 1
29 2
5 2
17 5
17 2
19 19
10 10
40 7
50 1
33 1
18 1
18 3
12 12
27 11
9 1
31 11
9 4
22 11
16 3
1 1
17 3
7 4
7 7
2 2
2 1
13 11
23 5
11 2
16 1
24 3
4 2
6 1
19 2
30 9
11 9
10 1
54 2
31 3
35 1
21 2
8 2
21 1
21 1
6 2
33 2
1857542 81031 9
2 1
2 1
3 2
2 2
5 2
3 3
2 1
2 1
1 1
1010008 111821 49
8 5
12 12
9 3
9 2
7 7
28 11
3 1
1 1
8 2
15 11
10 10
4 1
2 1
5 5
14 14
3 3
4 1
3 1
35 3
17 2
17 8
28 6
2 1
21 8
8 8
2 1
16 5
3 1
2 1
2 1
10 3
17 1
2 2
16 16
3 1
17 3
2 1
15 9
4 1
2 1
11 11
2 1
35 1
15 15
6 6
9 9
13 13
4 4
21 4
2000000 760000 200
9700 970000
18000 1800000
5400 540000
12000 1200000
400 40000
11100 1110000
300 30000
11800 1180000
2200 220000
14000 1400000
16600 1660000
700 70000
3100 310000
10600 1060000
1800 180000
5900 590000
7000 700000
9100 910000
5600 560000
18400 1840000
16900 1690000
8300 830000
11900 1190000
12200 1220000
6900 690000
9400 940000
17900 1790000
13900 1390000
15100 1510000
3600 360000
11700 1170000
1600 160000
18500 1850000
18700 1870000
7500 750000
4700 470000
6100 610000
19800 1980000
4800 480000
9200 920000
16100 1610000
9500 950000
4100 410000
10300 1030000
1100 110000
19900 1990000
15400 1540000
4600 460000
11500 1150000
12600 1260000
12500 1250000
16300 1630000
9900 990000
1900 190000
6200 620000
13700 1370000
11300 1130000
19300 1930000
15200 1520000
3400 340000
4900 490000
16800 1680000
3800 380000
14600 1460000
10700 1070000
17100 1710000
14500 1450000
12400 1240000
11000 1100000
6700 670000
10400 1040000
4400 440000
14300 1430000
1400 140000
15600 1560000
5100 510000
10800 1080000
10500 1050000
19000 1900000
15300 1530000
14400 1440000
16500 1650000
2300 230000
8400 840000
18600 1860000
4500 450000
1700 170000
4200 420000
4300 430000
10100 1010000
9800 980000
1200 120000
1000 100000
6500 650000
8600 860000
17500 1750000
8900 890000
18300 1830000
5300 530000
5200 520000
11200 1120000
18800 1880000
7300 730000
16000 1600000
9000 900000
500 50000
3900 390000
17300 1730000
16400 1640000
9600 960000
20000 2000000
900 90000
6800 680000
2900 290000
19200 1920000
13100 1310000
14200 1420000
17000 1700000
18100 1810000
800 80000
3300 330000
3200 320000
12800 1280000
2800 280000
13400 1340000
19400 1940000
8100 810000
100 10000
7400 740000
7800 780000
18200 1820000
13600 1360000
2700 270000
3700 370000
13300 1330000
15900 1590000
1300 130000
8000 800000
2600 260000
15000 1500000
17700 1770000
2000 200000
8800 880000
7600 760000
6300 630000
5700 570000
6400 640000
12700 1270000
16700 1670000
15500 1550000
13500 1350000
14700 1470000
7100 710000
16200 1620000
13800 1380000
19100 1910000
5000 500000
19700 1970000
14800 1480000
3000 300000
8700 870000
18900 1890000
17200 1720000
5800 580000
6600 660000
600 60000
14100 1410000
4000 400000
11400 1140000
12300 1230000
13200 1320000
8200 820000
2500 250000
7700 770000
17800 1780000
19600 1960000
6000 600000
2100 210000
11600 1160000
9300 930000
19500 1950000
2400 240000
10200 1020000
17600 1760000
17400 1740000
15700 1570000
10000 1000000
3500 350000
13000 1300000
12900 1290000
5500 550000
1500 150000
14900 1490000
12100 1210000
7900 790000
10900 1090000
8500 850000
15800 1580000
200 20000
7200 720000
737107 1013 188
55 55
8 8
35 35
19 7
30 30
68 68
73 73
41 8
27 12
25 1
29 29
26 1
20 20
24 24
47 47
5 5
13 9
88 34
69 69
14 4
26 26
127 1
124 14
81 22
27 27
19 9
74 29
119 5
146 1
22 11
21 9
52 52
75 75
45 45
96 57
14 10
65 50
66 66
5 2
56 56
72 72
15 14
58 58
43 43
12 12
90 5
17 8
13 13
65 65
8 2
49 18
216 2
25 25
48 48
18 13
57 57
7 7
17 17
2 2
13 9
31 16
54 27
37 2
44 4
101 1
12 2
22 22
9 9
14 4
125 51
11 1
22 2
77 77
23 23
76 32
65 35
16 11
142 28
31 16
10 10
85 31
129 23
30 12
85 11
71 71
265 14
28 7
31 18
133 4
17 10
62 22
54 54
79 15
61 58
87 34
133 2
94 11
155 8
79 79
56 1
61 61
74 74
67 67
42 42
11 11
116 1
261 20
64 50
42 17
19 12
153 21
49 49
41 41
76 76
69 5
61 3
14 14
44 44
32 32
37 37
99 13
39 39
19 8
82 19
146 39
31 31
38 19
93 63
56 4
101 2
6 6
135 44
116 25
61 39
83 21
70 70
36 1
38 38
37 29
103 49
99 43
34 34
42 14
185 1
34 11
46 46
63 63
26 11
29 7
150 30
32 8
64 64
59 59
21 21
6 4
51 51
34 2
101 29
50 50
53 53
126 14
36 36
26 20
28 28
15 15
87 40
62 62
16 16
66 58
3 3
105 48
1 1
18 18
21 8
25 2
81 3
19 19
11 2
91 63
40 2
33 33
4 4
40 40
71 53
61 29
60 60
95 8
78 78
92695 21792 1
1 1
782436 34928 41
1 1
4 1
6 6
6 5
2 2
1 1
4 1
6 1
5 1
13 3
12 1
7 7
12 2
3 1
5 5
14 6
8 4
13 4
4 2
24 1
17 4
1 1
8 2
6 1
1 1
2 1
3 1
13 1
4 4
3 1
10 4
8 6
8 8
4 1
3 3
11 1
7 1
12 1
10 5
2 1
2 1
95351 24811 36
1 1
14 10
10 10
14 14
19 19
21 21
20 20
7 7
19 1
13 13
2 2
27 16
13 8
9 9
15 15
32 5
6 6
11 11
5 5
24 24
21 3
4 4
23 23
12 12
16 16
17 17
8 8
18 18
44 3
20 10
1 1
28 6
2 1
22 22
25 25
3 3
886097 128755 5
1 1
2 2
2 1
3 3
3 1
1223302 1528 14
1 1
7 4
11 5
9 9
2 2
8 8
5 5
1 1
8 3
3 3
7 7
11 3
6 6
4 4
1963808 6832 45
7 7
18 18
21 21
11 11
3 1
50 14
28 14
2 1
2 2
6 6
36 6
14 14
27 9
15 15
6 1
39 5
37 21
18 14
26 2
4 4
2 1
16 16
8 8
26 7
15 1
60 1
20 20
13 13
8 1
10 10
20 12
29 8
15 1
9 9
12 12
1 1
17 17
1 1
3 3
5 5
27 6
35 11
30 5
2 1
19 19
