1
3
100 10 1
0 50 0

550
15 41 76 42 26 91 44 1 7 94 92 11 98 25 13 29 29 65 96 69 36 79 37 64 18 79 84 3 83 26 48 41 62 51 91 40 46 50 64 81 75 47 51 67 12 12 16 87 23 44 87 38 84 5 58 22 45 8 94 23 30 61 99 48 49 92 32 1 71 45 6 65 54 34 37 7 64 80 9 23 33 30 19 30 97 40 42 7 7 52 5 35 50 92 14 17 8 72 23 33 97 26 83 41 80 26 44 44 78 4 18 18 40 83 37 11 15 8 17 8 67 22 81 3 47 13 29 43 42 20 89 64 91 49 80 95 30 11 34 33 67 65 70 9 26 55 87 34 55 58 69 14 53 52 8 81 36 41 50 68 77 42 38 41 3 31 11 32 54 2 55 45 1 79 2 91 79 18 24 28 57 100 4 59 59 67 34 43 92 100 13 22 91 26 2 74 8 70 56 61 98 51 65 5 41 19 34 74 23 40 27 34 29 65 20 87 19 43 8 94 64 36 34 81 60 95 17 14 17 81 15 92 92 95 15 80 7 8 22 32 45 79 11 96 68 46 15 52 20 6 40 76 29 17 80 42 42 44 58 41 57 19 15 44 15 65 1 36 41 89 100 42 82 33 25 8 21 80 95 12 39 60 67 41 51 61 47 68 73 81 83 87 51 18 96 6 17 2 37 97 75 5 44 46 52 81 40 17 66 99 72 2 78 17 6 91 34 66 96 14 65 77 24 97 35 97 86 42 32 86 78 29 87 79 49 40 100 45 48 26 2 34 6 85 97 44 43 87 99 78 52 58 45 14 33 17 1 72 44 83 5 15 51 81 78 62 11 27 87 72 45 49 97 79 63 78 69 81 65 69 64 33 71 80 32 25 58 85 27 59 95 43 91 75 58 32 4 11 57 56 68 33 79 80 64 50 80 10 72 98 66 17 44 15 3 36 4 63 8 72 51 95 52 16 75 91 56 89 11 75 15 59 26 93 30 70 57 32 31 79 92 46 79 16 86 37 5 39 95 30 4 54 4 97 39 65 2 2 56 46 74 87 95 20 43 77 36 92 79 86 53 25 92 69 33 75 97 20 17 11 84 16 67 19 89 8 34 23 93 84 90 55 4 92 63 75 16 73 93 4 14 60 77 28 4 57 47 74 77 70 15 83 47 23 6 42 67 58 51 74 77 64 65 54 42 50 78 2 49 79 75 6 77 78 79 74 78 58 58 62 13 11 55 65 86 97 39 27 54 64
76 9 65 51 78 52 81 21 83 58 4 34 55 15 48 57 17 11 68 69 55 5 70 61 15 48 99 41 82 50 48 40 93 17 25 37 72 8 61 10 56 57 3 51 33 52 88 48 66 52 30 53 92 70 32 58 45 55 38 66 89 82 92 70 92 86 63 25 95 45 3 84 42 58 70 83 98 53 72 36 88 0 1 41 23 37 51 83 17 61 37 3 4 98 15 52 69 12 47 87 78 83 65 93 9 28 61 85 28 48 36 33 37 67 72 89 55 68 97 49 84 80 84 0 73 50 43 19 29 18 89 37 16 33 0 16 54 40 17 85 51 42 63 20 28 74 44 1 11 25 82 15 59 45 89 84 90 86 0 66 26 50 12 14 67 58 31 51 53 56 29 59 18 5 17 14 95 89 32 34 27 0 10 85 85 31 94 41 4 24 79 45 25 92 72 34 8 45 57 61 14 86 14 48 33 14 87 28 60 1 59 22 22 17 84 87 19 67 69 88 78 3 98 18 4 19 29 23 29 10 7 8 88 79 54 9 83 68 58 56 78 30 96 8 17 48 41 45 36 51 46 78 9 52 74 50 77 46 61 83 35 31 27 25 79 22 28 18 40 11 44 22 61 82 87 22 50 62 96 28 78 5 31 21 19 82 69 18 89 44 18 14 87 12 60 3 97 22 70 23 12 99 61 98 34 66 40 49 43 82 19 48 28 97 16 23 73 30 56 9 83 54 39 78 81 60 4 98 19 5 37 43 14 75 76 70 14 78 73 23 64 32 99 66 80 81 31 59 95 93 0 9 59 33 90 31 75 63 81 63 80 1 15 17 77 41 96 27 44 85 81 93 23 95 21 79 75 84 11 3 35 87 50 62 40 45 25 33 7 68 96 10 56 86 63 86 15 96 99 96 64 87 48 12 96 31 96 98 96 9 69 9 9 45 69 24 64 57 91 59 3 96 68 26 86 25 84 20 88 9 10 44 14 79 89 63 51 51 29 30 86 46 48 60 35 70 48 2 52 89 61 65 14 48 14 70 72 40 29 98 28 59 52 84 91 54 17 98 48 26 24 36 2 5 22 86 60 20 97 88 88 24 16 17 29 7 73 45 18 92 42 35 38 98 33 56 58 65 59 19 53 82 81 67 4 57 78 41 81 75 90 65 39 61 66 56 31 60 15 25 26 96 17 53 46 45 79 72 76 5 48 32 77 95 95 70 4 9 61 13 48 33 29 17 61 78 19 12 65 35


6
1 1 1 1 1 1
89 89 51 89 51 89

3
4
1 1 1 1
50 0 20 20
3
100 10 1
0 50 0
3
100 80 50
40 20 80