120
2785 5273647
90 43618
23333339 253878348
18573 6895538
11526944 22526913
2074 679002
3409454663 795213099134
89932 9999999996
702568 956430
735 54846
87 93
71766671 80611562
31 6135934150
539481348 18850905965
15065 18122691
57 721630215650
56595611 6372733924
6 62740328037
52022 97435614
76 19838522270
8 186089223183
62888830 9051108515
104 28858437
2 9
46813 57253
6 166
12 110
69 76599076376
6498 86393346
6821 758550738230
12544514 147656945
5 5
9997 752029099
180541 383427
5212 595369
32729050 9179362125
856 6722928124
513927 897764
5542 2172416
94 8363344397
86 4637974917
70485 9297380923
1 10000000000000
11 21
37976 2715884565
9 2127798107
28 63
449938329 343949557390
1 2
65 5916210
901 125197
21531 465783
4973553854 67844944881
18 9999999993
64035 150998
6624774285 37960410518
84 87
5445 5445
51 8853941541
9051103 204542499
12055051 4804224087
16 78
68 73772
3290303 3794991942
88488 387524505732
4004 4005
887416 98550126485
20300336 93175962083
1 7
368691 520060
21466408 3128892921
796 76499089314
39196337 99355332
6 9120687
10001 88379378741
22 50
4 10
22134 54195741221
357081963 64925652950
174068 703136
23100 9031801791
22844845 99900991
89173 455737
12 17
3004554008 81969338009
36 94
68 23706921
44 35108763508
67986 804848168521
73734 421795689552
496773 2122150904
37919636 69188705
43466 52589506083
49600685 415991414
513930 979803
3224 417571698133
40 5808102297
63 39024765713
6431441309 26649504879
7 7769119089
22 5410064
205939488 364303084
4137 9113032175
665124 722863
19244 79128960
817 100000000008
5122 10000000000
9998 30378860
32 90408516621
875 100000000005
9 11
34858219 7462882560
13111136 220190958
53219 1682064336
1317131 1317132
70 2492742524
10 13
5249012 206390838
280474081 4790330969
1000 160975978
