1
4 23321514813748230445164634319958380464143748230445164634319958380464143399975643345453454353455345


start - 10*1
9 normal
10th hop to 0 in middle

range ; total ; between main ; between exception 
1-9            ; 9     ; 0 ; 
1 10-99          ; 9     ; 10 ; 
2 100-999        ; 90    ; 9 ; 10
3 1000-9999      ; 90    ; 109 ; 10
4  10000-99999    ; 900   ; 99  ; 109
5  100000-999999  ; 900   ; 1099 ; 109
6  1000000-999999 ; 9000  ; 999  ; 1099
7  10000000       ; 9000  ; 10999 ; 1099
8  100000000      ; 90000 ; 9999  ; 10999
9  1000000000      ; 90000
10 10000000000     ; 900000
11 100000000000   ; 900000
12 1000000000000  ; 9000000
13 10000000000000  ; 9000000