100
265472 28458927
49507 152228
481114264 486316
3436 6744504
73583771 93751385
53 11432
1594 55519279
820686 5045
310755 315799
28689019 4648946
9137 6689998
1653804 517
43 5
74 69
719 32801
705429895 68303
31 89400657
61590028 479401397
6195 60949775
64110832 215000011
193 998949
171 85202
3969 80858
3998867353 669977
245 731012579
27867 8094
8240733 7
1061159623 3539786805
551 73
2454547635 2
48 606
329113207 5294283811
74967512 3
6955502 200310419
47865 16
51045443 18
8598335 276995244
3468316259 14
959992 8
78469946 7
51343 3421305878
548766117 6220516
6219007 12
7 3
48091 9586821
9189 786601435
2950375371 4
42695 2117
33266 33494631
7 68344463
7939048 699497
366 55
144587 2810509
3 22443
5336512745 1
10878046 919707522
802 7877953055
64 60873769
461563489 1
6858 968625
36828 711733
8578387182 965413
8768 4975
378131 8109325
73 7141
39 175337
38953 84
69824 1776
353 77
4684158 553
488636 636248
51577 4316
309870222 38429771
35 88711659
51442756 170848
66106322 62
7914864 866071872
26235 42
9 5392
3418416 9
818 6429424078
8 85
9115 6990656089
959689742 98343498
47 76
41 5061177396
866204 200746047
67 668
4717 8041476
14 7
45902 827895
45647 4
381693044 688008
717 111100686
5836 3411
55 2
15300095 184062
3585601 6121
7552269 45391
412924 4351

6
24 1
4358 754
305 794
499 94
999999 999999
1 999999