100
2278678244085900083530157752111658417553953664784248455340583648602357665033622068005539719073164311 2087033855815132661493676752264764487982695108366726015800138707167866225765513188909419424594223901
5252117853151160579214720143246082215290506614693714106410956656087506858412891164704347532190798670 2572104995251155414159469189759128338847584792453160007135222356189985863252699227247952696021631742
2485739540777016190086237969833171866020017031652770393302495724801405636630797986145578917609081344 79621538624861559488089281847844738801875453608768886724008715380190579024606694572175877858507548
957194712637101478456324043881699510102665597645582136540121200173214672142008778982768072114331774 2077671609478580360552666199064317377447404454400655832453572913963609569106647622208665122335921202 6195023334761300569532045500874405209553921252430385710562579112754600112348783743534583950073269721 -1582798555180508375597043974396657846993401682611182996285645500296085347735199237628267841313554152
9999999999999999999999999999999999999999999999999999999999999999999999999999999999999999999999999999 2
1 1
9999999999999999999999999999999999999999999999999999999999999999999999999999999999999999999999999989 9999999999999999999999999999999999999999999999999999999999999999999999999999999999999999999999999989
4999999999999999999999999999999999999999999999999999999999999999999999999999999999999999999999999999 1 -9999999999999999999999999999999999999999999999999999999999999999999999999999999999999999999999999998 4
9516718078862385895130180648757238101929015265965 2
1 1
19568641577178675992249011519297946830189996755474919812074115009682803712300849550441660291794962 20662717718403929537360279238082440821894634956002768787901929175477559014629522708798401703832470
1352597138680300099722425558958285556460238588519 1 20715724799789684868874269304889553277927361968067382460376415842598644598121826657192882022348481 8707087728405635957188115371458030730705565250745
5709826186665020237499454576253925807537194818143003950308145539241016948529455956443595510085109420 248790365323786482992177299629946737773527816764955394233307511185084536339905513064697949990001729
3841191208733907515654555876707181410532426738789264641149911649992267609202292110874918022116207444 1162584878989985916938346576210328807484375473184799724601224477257927656315623225197779891551488390
776082837252462341455916316627604425618435691857293786517191071714487442924219258728391220337720360 44170509759497908120779490970197504666731702692736704965955164837413098380560933635221936444157891
5003504164229054295443089158159671023652284181732476996832847036158716934564639878688261467360905078 163419894893851699746594794511399732831532827289183952423876237120406759063982812317671171094736098 5223721967046269887575930152652185459777672318417166851198554872539416475628469308185214172579924885 -6647601885619046819110126152141937699999660585188399332069476789440360428506036067202428565163220388
5640296147187081491856207613515171302916847747806981704597868695925238022798408219691060967726241064 8
3 8
3601002511122383252990331518686946268430744073518709963114174760697650837336608698584018525922003960 1530887605295982090525669862925398379059579179378342028016429950098993073982831985389480053148249259
5260564615712092404557618069238096274735208728970347328336250379906691333206095259901934872009921880 7 1223844160817572725215471178667809315021005972146980439666622303464968361080495005278156719271717335 -1453435687398300678598689809823968333093042874051002061063145464417918212629124436735051578034687398
7381213088369217010230690188914644996296322245269282264492285872361112746182608729067407847656805116 3021123953772962581558105102238732864179569977345400512234477472650290268376010770024269906865321352
5904470402383329898716782025697187546787047579470264044246908848793491397045182429045479282076967206 5553710914535500170572660737136611185396862332441608085058983546985414011456691973873570568044732276
8971428031004099769257291126312409744579892411380227966380931373458827018459597739455285299526963976 8796145854695042348737555631707598102818499995349142099852945894627008047958485529940827331012494306
1020271678499369488741753357753075394681423359419283371638505822554912076503445685113296048520078489 974697144940065573721563561943752123059544762239511860316722098420747713189325496894837601822864050 -2509582464436885279517367196567017988126799677197260096936504407195137928885806745766559122762402917 -7220522857565361110711753639889613886093941677780773868341230213591300814081751050357293316557819269
7757064834518690082205277794880406772233953125851023343698065097 4
107168651819712326877926895128666735145224 8090955339165905624244853366957769976419627117609225821389075943860403566299279304188446345052348608
9047730729561015478139 5877287666082381727263345883403602331099917165230286712290763243778800913620373313284426714238707607
7326479301303631096222097908896873138138824965400730197853574036 3 1723792185448597796045617287751201504940885509535239290500497463 1
1453155946890993566245492675891936463959769970246973614191690985743031029116141058311723012203787283 3072191352522853788711916813228626047194366561131922216819431414040951317183318610153966809243677862
1258343871503666522543786575360485431729099355129573154921567527091483392449283132769162218262981040 5919470653716675737247422533675178336391782552045062726989549078921762832387702200603393469576581877
723022926257852345834522123992064596781406311567240802214623020579379410063119156138451033448617744 6978933365411741122457095603579369272721262549671038030712269207145519868114203527540522040980916478
1063897291948500022093275192782258869501805655970109646457647083061941021718508538424269245943462556 3042593011571195676811976458104205566088165476953536833490320951429127933673488754339898842047389413 8574933541784011624208645666428277682938336939092532597273827664534747570364295669110030514290865230 -2067850251105656454498756047751989887132245910577147912538526616706439756449416222135511663227019662
2360774566967672514368072121940196373921547404677206023537644663412915061031690422044597474832293484 1132165755397541031517369762469592028725557211636909868736172054476448294947222833039802432869206952
9945802047090029843475336744617803305821520552638905539105898790022724876841207009772804585354579741 3212273682801695612209774555416869007597079150921161231608351057150029926864858084309690427642587581
4843807775951470182519373152664348628517004351362835992300586112996948660097455851340592770584783690 6866084431282722346217893796398195893448586060414157057338189008508064812410663399094929858750622448
2092835718009014055005785507955997482955977978593093691344361070910127624334383605286320978076379502 1107291697414600242311409998400796737016968340564007169279019110905907525551730332068087180213233726 -3779558195594144286043600666238727792702473809437253613691444219200473810311266281544935079723863801 -6983757607039019296508732985923741339099995826768520395514328612065165056558425499458121555647863672
2959609756965137 5
4807526976 7934140598756592128196603946367253877148915664098818490805651488967871693151751654695696161421318017
61562 4999999999999999999999999999999999999999999999999999999999999999999999999999999999999999999999999999
1149648318867813 2 174094691604291 1
3889891102521418331946664684802103384414967230263470036626228568098459167880818355371165787755554522 4382374385652243300390245020544092449079554871331662689381567968222149104704057215693534880788502736
8685609666891796242124024626585645106274075346990423825380168824435254851388097059561392328110575210 6170678685946607911259581376588497464245751343236681532989560601349086571627141721806295261423569567
1144962225956952267620053512291325833258745332578530537110339791294811685331508354537540596765814595 6754085505069719251067752766473368768439157148295393188356225551649604511446465126534581423180364424
3380428115231987789314417771418318580691136536225358099798851803651932255900542289081152157367644938 1656779413793976148207584320268545432394883183919939617062118164909158547177698583756653884822415540 -6693605106445205933862519020601592872382129669485763934036108457655105348206464132456059661608693306 4263360158831788463467501116767385631666662940908267117359927857632710676080200127860515629536499680
300005727 2
81790 7301823742724500637764297347084244546810094666629317747673583927374065286972536798664351801203133551
917 7019984620510294748651877900783084993375438659324101488100378678189427180147071602752762821880919853
217108817 1 171432237 1
206069836299275 3
4807526976 7312905889446471961088360405341674084584438397683704742702437716135695050109879460066256502273017778
7144 5955265336916972139653046155045361989612205113338413749675379135426309722253718550054031580613457087
115993600527097 1 112401728892462 1
6811288391102998595605808287679452670631841233184854357107064001288553657073501988644356082684725772 5
5 7
8641155055691177351958873655912998105821312749484879689946639828858452713988148727785899454359144102 5739839979726622423098379635937420525623515279431953980863458112474936499116171486786964429441600113
4649757849337214498820383103218273370055900753394178328648182001338566258243772212044130949141597353 2 9067036341448562897477627167097194919744910786185022707725444355966143754722550054544418174530048854 -7002531483706467798182817982434446811979551190069899270991436890693791946077095194024313458050319810
7944124729443224933835024910432126741313479712207713215819854187973006643514936907241924031549456768 7
9 2
8934192010283307430999557235779782393517755295931940097932409598049391096515330424655648810869863925 449076509153721369290281065182238355126033605761803823049758993740262085367833225727043919928495641
6615283238454303347588608123766848366899757399843711582414902686425224111062957528608049650018972497 1 -4728883343098318252747997439119501391748247091116303094967879941080374190129430083302098797882002251 -3833565250658641259850961705877180758473439425740726944036514434629568821965440534328721395950512488
220924517751866891 3
4807526976 7273082087945756490701710593245983381791405172941033105254790301839130271910224527969606277528623736
7658980 6761971318847927725013561184843839128359365077951573829159753067971927955484471548822957935451158341
218426350384378917 1 120504282412198026 1
3244416195845595641843798158834358800431125796453839309136919376256492524313960264296322925872417358 3
4 1
1626706262671903848811258729250534115833211303687780805880727901414119440792082950052752755745008610 5667579653723775738685342350962640308485958257022882527754970237499457052099791070424311718052713668
1659859560762406728536500413274951858715001241923798560604143739934917410556948439515597903506410003 1 5673912739374444770737750416035794205580639295872147832085609398721499674523222437232430222152156297 -7624183898385442534879835957107869300809857323677254159647387386418400385347627542958114064993566506
7063135479798805984926120685031937240000971964672167999978483596422743732040419925616734794073817103 6788031640588116940866932769075663766832000822538716429626723499868463763977340434098070873314490268
7361458891257445428491705407667613759750095742584355645187055718206391401195545990655485100973725555 7950347812005682267490565403068975121812235913141100359019317325837210443137673803050151395047733554
5101360953958208571888138861337168496411928760727026139927072708740303615404496420234328227418414447 7305719427047273591731371787246177670532437274526911268338073992671654099736490203349275092581069124
357294606820461656849652613969717556146748986161777852116624805572186971979588875560093675057724934 1429510218083663658434603330484258101432233619195030690145114839879014458711751474456662403887986089 -69809310759302873653865459457453365396583646823410798435670338694125993557332873074939499722501115 5545286139524172054478477565764418968891775384502269027993471815811710087848210439431341888981492785
256493453 4
81790 8896975365642306551476219408287898405143628160735072625566584385126960222230325843305883651309843439
392 8741093529364891994547856991543217516880929528639093790581945287150931053907991892393464570318223428
202127249 2 39460682 1
9862822198684800575842743172369277579908876458725202698027466503352472371119281932311216182732280639 9662991103157460886288913405034112401543878735825463556816541954397671078853535071549222096402833500
6206050887071622066063687520043965780760779053250878346090314800389577564661006216040871124525875724 4911572701919171062388823690515208385757050968286617529889162685633120137146176838582492528806361694
8096232328388880395813832193997816652814844933184688071203502585141542048633151612411751031481017373 7985511964506139891144548757041959712801271104005311095863599885758250387497099851150958227318805821
8517106416467539487817247242195166988520388232182185009756167973581445675629839367868053871560039495 1547266205584674829810391532947101048680360747420303453708922854958919165259193153590082894079584507 -757276725314873273888896175918194811615166763091591470080671482086157683561880149308526585953154799 4351732945290700983779869575075700803190819910908488486533030503813324325316539599537200513886387621
63032829 2
81790 6782638051688435106783114892536706181108366301921712055737900793503834760323517808205090700999241635
578 6234559286387512703415405876621045512461399060443904566075657063717973004222278569137034520528011708
5358487 1 108056526 3
1145585603111051 3
4807526976 4999999999999999999999999999999999999999999999999999999999999999999999999999999999999999999999999999
39715 6549318462742463296808103950496442304362846002523203235520762328688235411243697939572226323757535479
873355965196142 2 624864874435041 1
7182807956968879344969214094938876158064670469613009122853269046973700167335297517642029455571161441 6796121310120972093668141404065747359601913912332618622765263957604695988479724985949217956471252831
3212783400505445874950422896639270648900170726403020164344907844801803031225887399605031444348049321 6449674652141749892456897836179913992578794161262418319093820734045303372900047590341242726019414166
4156169308818351815551562108364700616568552309681148215655503973956723870020989215156823373881408093 5725958157372620444937820441634216903731678032189792676910004627439813972987117007566358670232985088
5987885194411978458028262169448758756467808015062865811029963968753391294095813012593817736244221572 5013230046160875794640986129921843366570108186677141351264176370808485497536113049104223850608880728 -2878818075112884297302789476574973965784418906346078446513163652940649180970504331176737345820044108 4902438763713039452323953033784194359345718211158603128423993524989013886827265027559393904267775806
294444015 4
81790 5567593422108343171840848581583949811155395420739043020078358664745081510174348442766984711699293891
450 9551827395739626602325114607401576850509373255015277701163105272879839888324035572555881114731139144
139549003 2 39259352 1
99657101621024657 5
4807526976 4999999999999999999999999999999999999999999999999999999999999999999999999999999999999999999999999999
2072939 7736542141572339769798514914450522038382085245144853629244368669931292556532834267291285425020353113
46638059486830007 2 5862182448905256 1
8910910873660725497760854363915806897806265237909 2
1 1
16323710579349082745828430368259202575532788816302884839065902022472947115926756957632530340552099 17230962159831307644147645167071932248655759881766270137663373488622709284362560387393089638189963
1542028302062369982964712091987451855615814252240 1 17268737777212866248463889359546075182976989869923208099864406656883618947140582988400433297772393 7751727302427223043941326786987072166096348063697
1991694550094779659725106827902191471956177557732624344948949150510825432419183345901596580627770753 4166778853120022530340969659522951838816138150535569755642894210593474009015278746721405707138187646
1662697887635557954861019318266344714514497042960548949000928773446817287201419664450562674663900501 3512735345039481064850424644357809072609322292511916070435072752881343496617088181008042761958366612
518347357738736998771822400013286013970643438129196300541562093914411477920933844696662949468779130 5784825750716333295154524494636326738425409152493119883234619544139281723851010633714237620876289109
48899131985699048680456867989603414547635116213291249047865728269633698139070309645550258040068921 4022253233754392964312554512665067483728293954141592950301579296966251280595201373768710187009895540 9778988911612885159497035684914903703816107487192051765545948559841144764624436851027792498245159486 -6608496619102860891970971878511171133796727915295582792999742871215786379290031581950142248428649119
520184415 4
81790 4999999999999999999999999999999999999999999999999999999999999999999999999999999999999999999999999999
795 9410748622769986036710625948304747734726914102727598582279039625410092603235408259227547662554015016
13568873 3 69358187 1
123745744362253 5
4807526976 4999999999999999999999999999999999999999999999999999999999999999999999999999999999999999999999999999
2574 8226425393141244105275458425114356121652098313945562237071705360272340769692108674897726899335654808
33625167485099 4 76151227300442 1
13606883 5
81790 7691552583437731685841758493479358405673119992071777842801160295355832256167586853569741087008535220
183 7675932430313874815812122877319077562936969466849351765164896915662175983829624571849575055876335764
7654966 1 23027075 11
2104506519884012177 5
4807526976 7270997219253870908239985030722969970893710117339175083788962178087379862994829066586085973192210969
43775241 8581677428606102287362454687658606966820692222763499946324289371989772953107674935021684204431550549
1498638635460036834 3 123794501182522846 1
2816891740013971906153617056018290179465676286376101494391112033261339098718366198437088129345663916 1181810388676234234354899572689709100160940775398854235305573665578886890099521406041772259635315393
9952041582910152956127954369655870076124627855040864559008973450679202966651176362739930759216503443 6302276542926865715466902405849701120796989797568237949189785857179141969850709832528456544222059185
2834894693447165741488630681896272671152417425919358321301600439697722094938420677401752814967849743 2628556108776387031976055096850014060602771519435824449150836059456638825078122806261376671478323188
1915185429346729125998396631839722453205132726858540371144247412687907712115790657884920364208496406 1116003805672679591066286774302691204506383540690898636226656827147529157421792971755577355157983845 2162031230258251193078841615323752075398336173282801605976520897214753888425765246316905777089702207 -8727259163055902691066315499354339276382709211670996839370226979808436808949006008883730965572652616
9778611407034215790745018245041920983243058671471 2
1 1
20377402439283596562858644714181211251426665114990297261635363417534996572086485624442727274825590 20626906963739185723007945110330348158857340260033355251882017273089186010066160615130231642361692
7203244420782318660821666949851574918562530093059 1 20658930330727475460260421199075483300841027240454299626099907717881282645516788570739235006622734 8450660107371291497640611302773118307619366405847
174224777610259 5
4807526976 9097392049490889810088813970492002751276317395408506309606868060267604435186646698241121829836872532
3624 5976072811439890043063019813567664483874939129145743045148694370911498093005139605121855636183396436
66436662837528 3 55018350825246 1
1375202706538757 2
4807526976 7030670608749840977362495012703639898970964050067906167988168641733740839454552452080779707671946242
71513 9274820582057237236933707773118655238498793638351275547434057832366105996459317436100956351154582105
1266669841539507 1 825121623966162 1
4673445048639377 5
4807526976 6779371292333386288847822391477876823974327858478382286428867756359868210106945795244006802879424502
97211 7244642509525969985097889413018362728198162650579290978839433271663484491976923042051165220567624184
1549613713428942 4 274908532301496 1
309200520386257933 5
4807526976 4999999999999999999999999999999999999999999999999999999999999999999999999999999999999999999999999999
6431592 4999999999999999999999999999999999999999999999999999999999999999999999999999999999999999999999999999
35862456189797303 4 190277243316104480 1
9303635284427159392676724233519750035753425153282641233857138105320898332967415871026502227359001182 5
7 9
3260877750976470917266269562600148156021030779961709556704996123948562875864851143028899300112428285 6841726799862881792294328047244930222091197677766187749546480893027246665525311142918082830930444280
488025536690728012845777431823882884330229292393589076712094402883248260402631111031832054616196640 3 -2458768610237494028209686999754999787740075735357279358959125536605509628393858896721748770423206758 -6892918441783392614373556422848757940005303734115745292866261158074394826319720425146432059386113542
148694231 3
81790 4999999999999999999999999999999999999999999999999999999999999999999999999999999999999999999999999999
303 6820706884730822764551168339565548510410883896284749077111287941994235216827445039067770018722024447
40552737 1 13517740 1
8196562346831178249531014561870892548994577807643606907373671750126115694577261541133062441739943567 2266753217950186168712443396073211107620326456085066422783680133344228262027948466018408869002458870
6181428388754985303194296646639449502630627115676185626400383239300585858561148979653206454799822080 8658339690571344560917806938131918744913982027693917617422345636413804414618578181844797041504447757
3907716516699663350591118775425735639482261149794755168936690186969819057391360955583576167495082165 2809410772658333932299685899974366208497772738021262252931859487219058047410224541966471556617548445
4604114331104080461210037697254924338963293602648081296975891203956754094664820841980697178401716583 34690432403485084355876784388591952125565106624381081679000059166598157889442092292379402407526295 3101566553794999350505058426185417775640131552480630168120038590289743957332570565871613818789708892 -2029109773867289570172880328713028958027326244111239417661442046051886638263896119282161235551158556
25649810206239755 4
4807526976 8554431341610837585918161474438983528683046059700211329686049059414292796493573716860928543658891231
666918 8102708491220290211966616428859481673422865084027323906668446586666030436956571513805761727377245860
1827731025115804 3 4663601855983100 1
33492668268549932900990771121135696984721775680880071260393518279887289559327325654972212585504403 2
7 6
3262500057804098220705220825296614087282094693416708243427156937437366587148601271327681326011975703 5514872593996213014433656721436107596966455088581247522106561104175771516246297611384526372702110619
30053625691724881047794917133422257511390675373670369952668120557321670749276753799807195908185937 1 -6767725291770985826832376519161949931482550760444138387139175489375625890096032565516231148707854518 9526120080549658729800081832124197901221205163957037045220663174067189229068353289085729015522921651
10000000000000000000000000000000000000000000000000000000000000000000000000000000000000000000000000000 10000000000000000000000000000000000000000000000000000000000000000000000000000000000000000000000000000
10000000000000000000000000000000000000000000000000000000000000000000000000000000000000000000000000000 10000000000000000000000000000000000000000000000000000000000000000000000000000000000000000000000000000
10000000000000000000000000000000000000000000000000000000000000000000000000000000000000000000000000000 10000000000000000000000000000000000000000000000000000000000000000000000000000000000000000000000000000
160004011403844409645331787154181481804276571233199652041768196456846465134458977854059327168704508 4569694272361118397916094028528976158775921234093987508020003910526395008353874374245169179483537197 10000000000000000000000000000000000000000000000000000000000000000000000000000000000000000000000000000 10000000000000000000000000000000000000000000000000000000000000000000000000000000000000000000000000000
5171026133573828354055182468619328640383850335290895325762645788544692988213932913767245620298264824 1421836791826514071891201466510854957728823504101202632790541528933917990260692922385777831104027310
1223583387529827694627751971503825176636380482161746541830180562272855685635862266030336354323742958 6361017001467490926490915788658384688318656427411261274044819668228289245807740968216630113299034162
87194857945153084319521855939167976352276883303936918095501417304041288089329813404425995056997393 5315304824659283608523871768371005555239614534095077576643770093550276157823244943810577866076521650
4851876311274387874840816659429834913864913541229805906763726609322609310666818990602481753334466736 670256286386900381155699377003082037856416208269494175205925424649524367100036995502343837570154009 -3773522785583194377938309061885384836007777096744439389487597245638450150859743398446586255170735770 7454564510627442787714204451450317875448530474644315055692768991990445510557243696491163459450560624
4586309680474226438915560093845313143033290713558349896015501055361874113405952707608402152559005184 8261888743442250974038507733939755036120486633821326108171685572308910971734136280022832290760190981
2983739087479412446656318718611011506605344305749316167230022245507267723173649792329264578913465301 2755020889792243509298103798091297999908079403774993926295016335047237256106595184478017730475199814
7504720416522111450381756978902764156310184697952191288197198386811442682041859068318448157187788832 2924288039207835275522921619764976695618540445182756141312280697579030086342860356960013461643690514
2446998771229201445108941544078014805804928069233765759915333356937549953860985471948059685930736600 7159111016689537889494544290912638749871631516595456002642735928995182247520291956558913306920910428 9060712456524698290598849740472308379737401062813165979045092244202375238544845154661767268703145584 -8648288670548297130738679599239025064923178199822098175056170292708112729550644146973470107329701732
3124892534419 5
4807526976 6373651191870686722060700990526754231372770938732959029230493188714061558764737032956072143471462861
65 7360034861095941945208870334315554557155455961287809696849573048415323960657907989860554624928992724
1918256102969 1 986808168781 1
14911371810703885 4
4807526976 6355832543435859069093224595352289992248501399215114649218873214103529402733674305881905702323953238
387709 7705638322640623748750093159587877652406990154458325345952002981846019808835470202066771971362446267
12714058830302513 3 6882171605149021 1
1562462321512005611546064323869585429784382976885115979515408250892946842075403490291075808873 4
197968809453871226769463224900486281508091704953173314470265928596027577661 4999999999999999999999999999999999999999999999999999999999999999999999999999999999999999999999999999
986558391333405628 6122436035079492143174964586206419672486985144559898284854584147235773593028773854693270648085928497
1017635492527478122823698999522733753282709590811766375106245214010836291388423651021426939455 2 347213849224890135899125405304352317729862883752247995447868500198432631573079209924609495238 1
9763933162752670857337883877278367650998383672870613591878518364022223151638926909250638681438142364 6929650598697047697391931073558352337587368065934784077186433470623673309326819509106016680129291550
9008344475986003249821940353903025061529239951475559766901512036632906839944101658825447590993676077 7726781882631488827417502188277149719817381429233994846086023830901913643907020339934634256839851142
6269467407059985739295044097350088127889805925491332058658395313427138038722364617013870601462705710 5335178652261294065988361268198633460425863902420110167215025010376318094304766790018731266967906559
3689105974864874536092951177636216126913302989362183591608573314147830380771939347706887846297613517 656459388625544333299488211820618253401285840495734874628920283020560891395534028607361173393718784 8738203170429244672274479994402297247556710634314741100210852071097762646629353927059270266485887583 651066512832432713099404342027294311164468811003614776100425354785003560543675138705437470905505205
9929835258941157001939516114213927010658474709421 2
1 1
22636927503397563892544908235247802424294724692973127739552389269433174546115303847511796946863026 21501982248398986293182743395870322421947998706336646142692179314678964654456089876480769177220689
6961537183493289969840119359269857932643082530428 1 23481492009476889472764586704448789733291642867278779878833543982836223337769725202612869562825242 9458965389514741774542036938669304413963046412589
2857841571592609370984374106710108802151233593620841598108870002804219662932216590669681580780190514 6709853169852643245927628910456128233549647001647349001005160794617983177879134860992094721700284194
5214014140130022337060062266571004525162175309532258456774332654326832062792855190148017462858480184 5907821778081149156849817599875388370449547672519115296945125685432698544302755696417034848526099551
3150662537325762816875393305866491477823777253454333863313801462809783051878335068366627209575855925 3306396651631027846046613681516069890477761863569475057537688596477645413709275114631594375324283979
1119030226562396902487723917186719914957703234847087889192002903896503285709385204984123326838329299 391092597803907043691429960159781000262964356281560602711936105207445631089719065257448741473195839 -2815273456477461495908138667484886525860607465525215020106876574358054027965538259774084693361918813 4237218127312581220981577662522147880725656136258269626385757183871963641456083009983814311220519627
5652584411330677566310713592113994349217517674724282143431313913673230206307077555 4
197968809453871226769463224900486281508091704953173314470265928596027577661 8599070782916295584085603902754523730721112851331839510802279642117319423600943148299299718693806757
3569113 5002802868106316805534129245103023203702532196976742354291713035567150323552159025253892165499147952
251564122095756570535433787648491668517660126978405258663195299904789928273794591 2 1027742620241941375692857016747998972585003213586233116987511620667860037512648991 1
385545475161635050565511638627447724599179571199838434482789 2
107168651819712326877926895128666735145224 4999999999999999999999999999999999999999999999999999999999999999999999999999999999999999999999999999
899389580383614579 4999999999999999999999999999999999999999999999999999999999999999999999999999999999999999999999999999
256223333464174306106175087596021531491434511234806788725052 1 154218190064654020226204655450979089839672368113683603961863 1
532875184160742745557142399223499986496803099296941875005259790608569141663682278556086721693763710 3
6 7
133735134602688602205180190039044637160721911072214752983088105560207591692911135722910438548097049 9181995809254976116546016223582493782375490880611277898423071431711260709900961280280044561716009145
17337545995113130596869780694438393367856477901982680558749483212768456395287307766733537577011487 1 7033721147581692733677181706461166758074725196389678688959515824499418893504152241109996067842281343 2407370455423200768035735869853304053098653993179175670156061493099300486797204444901128944283603565
4667923326892947239152915948173739443997586992836743157771580055112601459261544341658345625622443623 3
6 6
9162836199960315931875239062745871056985882815620927463361865343670569067450934927963422528074531687 7146716742889965387825199851450384965751059156606319020207573501027794910037617578672615462924026018
4396343163653226141705649888006727374992257509335608182161973747495884021703936608636145252728497978 2 9593255625638578673280271967120092527081676623611959179567471791955875132727288585712869518980097796 279200877855346890517012903809836056035933577176249140532923026643457262531278013929183397891676033
9845883967820719098723060664992096577065967140160154450437828327104822321337563778135299101136066650 8021588341041297696917065023694626076803237358239820846369748122922612937884617611815553647670982145
5503597427258076741389071953221791272214930959733963082197611713130353068283156465963195866257761728 258453502197072179156525298917154199561770678007012894315238163782658947226246940349982525552922307
4931150598460701904429193015634037362524480680871235347978632157805369728786965208062759714141052680 7727623718018291142889240292092866549120143063379779694743143641226350586904433310592966202769103948
9085099422054558636831810925885993402567982559413226300592090581141510228774635167099070279459563936 6689585113592512582974523207343424472105457920198587952582418980349750327210249090917167421419753648 8765083098976832740427931619373449957258346949433487372463411955142098944751696164094240701817623052 8726938199311529606227758401072144760791652806966590586528745172560739926306015886934718784392768764
8311724117917938131999703881284137412043737540555 2
1 1
17472705564282661431178786514004551944512132690763072852404026503898461985146414932239471006758059 18629492876126460774605662364967129080487391157146527015462158882782950881098904656389046253232422
5398279487581160669707183437869791538777457885853 1 20256651369916245698067071172819455606629873114624922833628588652835793319855897757792267896439896 9748471475971209631976633174959826685054541663747
449517855 4
81790 5402010508368065068308140171997159361313462298714876880909010028154417855096090577375667791813821292
687 7796985995662049627338343394588879760279746942826770734165743640718736702518920519594223797371553628
171985379 2 59935943 1
5292750673687699 5
4807526976 8841673974260457273717249791476770067356795030988451197086335925121088757273491438559377132724469567
110093 9342725238666235515647582941630184468181068601474960811037310339095805003094351067241376107362463144
4087613677198867 2 1671394949614561 1
392863660576910247138405474108092003351181267588446029 4
107168651819712326877926895128666735145224 7186583859570686843172590071976016764250329519293702173173590111800447481552471963170710061092493647
458230618173 7074639222496586218499592187746274859771012891432584453863550477052959073354617067414910377536232429
197320387333114619252839948555652131883256066369639950 2 30220281582839249779877344162160923334706427595502838 1
79157889765554456417 5
8944394323791464 8864990622626854239817762561327928365347632472131505593553334841632545298183202801874611302114230102
885 4999999999999999999999999999999999999999999999999999999999999999999999999999999999999999999999999999
6634376030594190304 1 4656346456797321226 1
1452258848327236452250970603025382527503667380137452460752274714986868324253288125392569788371980568 4
3 1
373773809313994892464346124756785352634785294603941597121796394021206905424194600052784956585209341 337061378998962949895592793134390096125134050446345896277502231232066782107343107886435185328763962
308627180287075621706357012904736528237285104776849694597897261945980618449818714604253934983297785 1 -9617570196373732500211759003839012791001830133383637702602218111500603988911450035725918439462512873 -7881391670016050512951983870839537866253257154305513601109194367076711236963403957447658799345044835
24071287568837 3
4807526976 5111434945624070633561719655575709074460122740805371454331180871988446669953136673930373604681981746
1669 6045190238822774268862555457493017738771665053681488855600361884759547905420998159164626872152727772
19731396625919 1 14442772541636 2
41795774209687807482391489100180026706637371 5
107168651819712326877926895128666735145224 4999999999999999999999999999999999999999999999999999999999999999999999999999999999999999999999999999
39 8286897816814567892213853485059277056957641019098242749099894742749565321642564590984195097581957013
17845335190816406385559430981605634743103842 1 7599231674488692269525725290941823037570463 1
9991038731640697743407940328046737060833210291167 2
1 1
18627924452567958798402252883457119033479625412402244791979444257152511673116667003474782636253180 18171835291081247084022506257153883096735036152072605055681318997218801506333531813518078331423364
1654170713246289790078520965429706114307731559751 1 20921851713559091570330996833113957590089299677371356627336214787142493823850927284486119062661372 8376246865023760842898030521619548182760463761967
8174943655413355528217375974256675189447100455009 2
1 1
15727750367063382726159012918109073748084702253427054276467379496772792464899154981309167017956745 16468318420981706998660730529971528551413402504395171257429338792749880341713152682007961824893188
1681934767011703922813838641721002117503217307791 1 17228683881204650278953820949259070078181069638307811120625740216463296113086661784043079294968370 8429995169347013194761881368560532722230374197609
292481047 3
81790 9021998723015250115181268708469883103077570295226957173943911810220747616635189974603019510913958122
596 8866613792798391510343256114459467028520919740023257575406043189802976967053255670539099895215195584
125267772 1 208915289 1
512386225102091 5
4807526976 5207827925724746679146135444383626618522195771530674580044602067620602832301686643394328788207981941
10658 7347678577110436777777984066119466443290913278855745553971784940585034047585492166613110508994245748
279252880248072 2 93161131845464 1
611799 5
214129 534656
2 648852
278683 1 329431 7
9310173612481891022521050927736967976450600709801286301406399987976531793894994324955217856747436210 4097081088324499618565424180310912720040874314495363035445696790962188475828287716239895564253461670
6191231410456685602287632096888429742883848717499717692893691435309500114987847710670889141514047227 2388486355265967969320834001221671712567095783599422407037471560832080709399669801264197936282385795
7677198057081245354480785070768647366482182408954502891318386340108946374526432894075306356912242038 9983400054840135451037149304654742014210606810377490316566942518829261431114173833174742657808602839
9300076349202598231080080913744650869496336885838138148239723381367206852650165971717632524152200140 2571152319480497241985259659729779886237207449485574129287289356256882722568606185717738456593338928 -8928154376802054501695961071901713730160960365717806594912004495760098014062544446025416837276075076 -3105895411899528466014527868008311120663065147983697269257057801113101720234922503230357174074198620
1011573368532493182015518856402704871329175544952153827902564736143475412186593710314006452838462931 4948035520451775994576326980834448341016081350172529381071285641578899429877884056994214454128278077
2211098072151267591147266456533757076975300436405510338194769234963550103378018781936845432367973250 4637905113916052890254511407659332052665177884285410883234919843378536366264612155444769172379606681
4370544359624068849132411219810349315062935553658591734066169114175872187634910979164592309340979656 667224436327691404705247117073052006449272963203695320153852380780344363759299789213448026284254290
462331523402645185133519083493351786059391787296029392590860495786481523691442246197547555714502340 1949842486642950429194120824176783967307063470612733367340959847156096915272446911257001228102030631 3864925681572844271363303646753231825393761977516844185469056599974435023310081866376832950509619082 -5222616052973242463681986918869583944552061585841322710534330401995562789849546998162315960020331097
9407485803921537782509942029547607446928540695365 2
1 1
20826496429021020740158996772342626396938032354440458549338573757608293218655019274021074033521381 21196472932025097209260725130246475124339862563203421693316631290922366364710050593674217872112206
6524088718999604580790782996393947458449368429099 1 22311145549359497511233345608073790580887157474241076910990563017684035765524112902930172634510606 9486549760217137583623165972368008952841862777445
25043236612022872581164900079432213845735577008292987058478719561 4
107168651819712326877926895128666735145224 5316283231713878459992361811992923763297480979734826062363454969265686545532425929727983541939885646
29210077045375880018281 4999999999999999999999999999999999999999999999999999999999999999999999999999999999999999999999999999
17862475333280104317811889910341641632483617062331046776983791754 3 5565163691560638351369977795429380854607928720791699083124174121 1
66595142587658432107779703459 5
8944394323791464 7837945676679292358941416291886648711531604131828920109575949416987804479948273774079891830168789036
744546138921 7352547423416627637456983109761999773712823159237959443353017932319670777984906886796217845744174996
28363055835905910300814452333 2 10515022513840805343955899096 1
759477080348021140777266883745732680308654458773862788389855538818070036491370879269298173838932751 566159642431892180486336260131187995989145434645905738376419749740258383848524214700769520695769786
8443281905141041723443048729737571811114640956349693919014187956257660047032666727149242650367992958 1728972541588629881763020232382654562728096951059425758091442709376770579466591436223024398568798375
5424810503051496420938799409974646029281708148702895884944834298112252432268030432920335020662693829 3847206556990931466606298084125421151928817820997759608609011776813105008791000907869940873143734064
567666788978876861048582857266934690480297387963280030525443057518777806756664292416468934330203201 303890666185327165178824066396608188174884536254081866462121782622439019493230838925761075174556011 -4112789176203743413456161470576188478317139623965530168405675293233384217271598241277319097516161499 9159742174912057831836102970982817983390703008982287129316404805725076056476487815527470032615187884
13636844133094778704972221417893697822662812721137978546723500830614208936235256035973079545 4
197968809453871226769463224900486281508091704953173314470265928596027577661 8905731052057395986406925951058248713830355087777447251757874620612107135753623389204481361753714156
25831425485751148 9616561116495702305666511458804188946257909691041829671838830468252100812991005107166461447693411941
13326743278334119901548084632330312454166534928513457761622372224446441178192878056786895308 3 7438278618051697475439393500669289721452443302438897389121909543971386692508396017658066846 3
92925281563453777278202714210914510395887039808243 2
1 1
2011606813981472125551820066030687653300456800816002294200476526794874719381029347436499955116595999 2312326231533101813181638732872272043451406424969753199662259170006481399686945047444743739135428639
68536047169199461665408644272744295683876595395012 1 2319778958633735672671952506007931346833638478218059676064566226749551535952597678126298893278017435 99855665524120295837398948020877146450835824128287
75901127 2
81790 8513642200657056472652841968066237511733029944683849235341369994945041645739397693728472719808214028
232 5026785074897838400231061576516619409926517412253398604852603285325238181024351801663160342870324157
50286448 1 43372172 1
214725093066487079099 5
8944394323791464 7063199580739405380298919172290406937108181043773812834943292454247278086310909201594180629084531258
7202 4999999999999999999999999999999999999999999999999999999999999999999999999999999999999999999999999999
206861958231795244727 4 37892663482321251371 3
1815944492164175264007367501047340834485712331158570506479805539842482074417524592864414514089165414 2
6 8
2741288002888412028210495801835301652474652716930063003703989639706943530802615633033335846909179796 3413417045988934461427429520416977520247935048687759794666629526470517432937917802071459042196933204
1091520558560554915157465498625564849994940928539176012653635304898709315607481510131519802633014006 1 9721788791054824297336638758401395674665790375004758543530672722489857446686188675649903962355595602 6762948773074609799745197437798385571378877439531425054709778508075122102047090153858250149191928632
900895824591629816125147926169626960044715595436758803240527181 2
107168651819712326877926895128666735145224 7119457034096016314775749443182816951876377198920329814968278781377666214125918172173779719589816594
6304752900879928882591 6350495433707071762483162001795133174737219219395755192592683406936329372494325112621082461803616451
871578338235380648646370395720830429807057709369774644496409411 1 386098210539269921196491968358411554304880814366997007072604188 3
21776569039925834944640954739053490965890087544849064591729252145563033542723 5
197968809453871226769463224900486281508091704953173314470265928596027577661 6161621727428355468783775394035642926010052809347337606167860545937539556959903849609445243297990746
11 8236195291130961329564074966832858787216542750102280687076789166936687553730761189147076666773398076
4063546040984635908060440200425006094054674505223671135996506498740332698059 4 3350241390757820760713993036777460148598475006899856091035269560855851314271 1
162532299428614583184294805691479900928233 4
46038181456472491574441124666949 6548589418215378921187349377105011418821928238216657943193264827952722748530447966482308448993612777
9267248890 5932438184243532797544287428756823654439883212024923935139688248061348993373386073690049350919007114
12990402542481653408390783885352223995039 3 525104352000139422595413987618630936556172 21
901406521292031040137669553105197459101231756050085063918220941686616961256853053770073818012192776 6729976021095077060178102307273067064868989688314624654106036352250636657515476050416948741397814898
7554361950902640509452841886876551189597707963034981187365145720030909671678171581819647374846841064 1413081474176095855139097040124266796834343962640163284988212661430125771088562500028447580746890004
5939937691192340809580448530554369262144265419511661816761739485303618266707979067448216312450281764 7823633724781332560172523936792405080552943206654762146459221791211468854194960438662238252523664920
717127625868644167905359738320411354238716790406319856040874038273818891460423264161865063678415917 5988369792178530525500179806715505552443860915967638967848621294749116414407013988774771535874270281 7446785666298296075274901236247994582268000029656475895139955864234483583596471310899424519007721191 534151376354240911668542733116189707834469013306492548731255983065769117238761530886879006717213811
19983287 5
81790 5770712754363285434025622011220499690865413052515119803007359410379676139535906410520922687528577734
904 7704451360990412564164802672336828484632621885063699089568713515453836010391017586604752623986722225
13085743 2 77829882 37
6209987753913281195023711471821443632519821161272905598657931106681034016355492714464429325555313448 9497764387293659299616181426064125914542271856787869479733339953764311560847635323480465719936202955
32899437970453818759885389235450850715602749243048026776711456453634196381307633436225897954520883 4040553053686234460277331851856453518015304049415455398595800746219022774379342087526398098164986000
2879178610719258846846120018230518457418681517513119932255088152117058037100863494397735233368599496 2911313396793302037580070581187390724063954286611460469737847899861299887225988044212385169061977396
2961209317552066362633714684902491731664620028675840411090490751845111695899659163304505774741046579 9386378047300706431108061029698538367182844037670082888100161134273903397810789909107118326462181691 6168375798668880757136876903561399426907985773768783581193671700662284173652048038688708285367344794 9329341041940260570828280583175329255579685921171355305653992625642392380095422770200967266440124466
5339889155622230335067005080241985165271853078201907620430674784291020106625646848723968925625065169 4912537495254187167212839194265876039871316946873504909910566144979958201825705085697501567493080197
1102229944121941442121714727016156590705339723880292394788691328987279702874472494623221080413233072 9422428811415150591884219464636898242044397024074452895762147727763277626558958515995583917680588805
6804353423248135648756648146044844291753077993677552118142768142773869476185645310823637134960449746 8855232897219052812948100760636511036447268186667083895082045698914568386316972872173781186875867223
4738044049011217118494482251796969085489593734665426165302673299399058019384942604410160320869918923 2268764826630042232774643553479315302984549776999466842408967029859050626603412371187427236948023240 -8333168907591226767435925274467292831621393625213258950499138859152414544038759197984233146143179310 2238054486969147586912072118358703708177063979847550968499247017489426323832729494502541465378039291
9462798601016923556260587192526784953045366059536354403342716386704300036953826664006352826674346996 9
7 5
7992921587503156994568025923047937241311061598387765887509005828744095114263224192690340553055141542 1535910354456069339004159212954029711048483302255365872913208830823127997529964410919110651456638961
8807546400833952265836284042903705659291475780206781529923136726284403571069082852925919455247186528 3 7236297499865321854056651446669305236198276728905321086351119160805616433016008651971518841050250742 -8518239257077248664319780545855607442577596213299820790777452034999178027840180264446533280485894921
2825351173197511237875892531138332067476786669882769269624757710018978868434532701827911387068281179 9757102634555605516993173455554421362545203963434323663208773338464848480978242676152474561894661247
1051922384952315909471567348615912235465881334826993262016099881016752362695290801437650450438741339 5670485875778127978338788442781568538215084817606441430404694943916747446949800446601851231937229825
5613553365023854608039966117132995273721423708460276382925930320979241314806945182712234728852069904 2358455520624446693511583775879116973427600266925408556035533646443007797714328060836761216501167669
483307947918846709945766825595053385070093877640556024936487982523042241540506752384979537338702206 5538079705477954823663111815331086816786553241853411924227753053744535380636931394686301278504990545 14385030561067278182814954602606036659816932951771272677237627222800881604092189408785621693517028 762591544049827338627123215872048329474898970715770604158835152984943552341532311594919994709920536
239644717 5
81790 5097313984089831087650628167641142873474094907208965159985959085373832453973695614229329916035684179
293 7346232137743184524650895499788025948353257686038414705244443447951809356114930901571018752228916216
191232959 1 70483792 1
5114696100196198414480271885233965426038270881942392631730455841503329346356560911274559716211383716 8
1 6
6872534556742492238441835763715325578125710061486241646132404138605720211439879624780514854488258922 9643372372998798404279859007242318847174565556506045933053778131915722390966728442155451040063175649
2090176894259604055008081156726927034636361242849671479517201003708181739153360227664537478578048088 5 2838543673449319485301885601193696660920294345485237517097238597153378319755513038080711554325353880 7258993518984541126823604204080026027498498042176968320740371493297957716712930846670964923282804599
39546571416602924686651388766185358405016310503215068528701023468709001 4
107168651819712326877926895128666735145224 7210497297500481011707812666433757918947810058170452153530373760683479471478406663998241471967945394
46126561668345105788390182226 4999999999999999999999999999999999999999999999999999999999999999999999999999999999999999999999999999
24192991424239542694972903809100333504904902616874930915547057090143401 2 8788126981467316597033641948041190756670327099151312830349173963188176 1
9224441703111545285401112938951975512902215379099 2
1 1
20831963705647086297492220192348951049529384094634693827858383170204356285816379939413328158685605 21397146221220734187360069817090520256009143116726474770671572644672494318641424283653630090254933
1737365106822016769301311866791084710451235738505 1 21927954886741630706027754441750316651276515639928246785749912667355769155929177627180818162388069 9508631781734821353257493082272044829197283867023
269472258442996229 4
4807526976 8586691207197189936807368088295063634955866695780490326127168665148855341922690659783525253149655631
21019559 9854076688540443181464704551112419818407473419820986356923156598591353200541746734392904232191961298
8071510200851346 2 215577806758600895 3
26718072 5
81790 5805323429335204412601561587519691354698841594935495554824676757802482268627033774341933392169969118
98 9564103346133604730044224385413270800166092352927941483033585904184310239666880577837351619321751404
15389131 2 5009663 3
3154583821003787 4
4807526976 7379808002439690348684301980380238218039284464498458810908269482206329459815477214317330256194547199
82022 5564570069473793323591805564974422882008948529073322624393880423633833957701628152516946246581854357
1141584826624507 3 573560694765244 1
5401559338732941832723930752093576315558988715075164372302931362287291372447537755229174 3
197968809453871226769463224900486281508091704953173314470265928596027577661 8904448929937721536410776497536956393207393095140081089640396911842382013332058379677751893606900151
9094966952343 9828163431900599343358184004365840678931323504550886696016644428608421756226673671452275949503663405
2966932250713986449482777323431321086934192573403220877232953417314128285253396491682857 2 1080311867746588366544786150418715263111797743015032874460586272457458274493145537826772 2
17355172383379 5
4807526976 5973957106598679906386427302039149734456227005117948582544749874949504238959690685665019405603009952
361 4999999999999999999999999999999999999999999999999999999999999999999999999999999999999999999999999999
5552872248552 4 5480580752741 1
4471000087697 5
4807526976 4999999999999999999999999999999999999999999999999999999999999999999999999999999999999999999999999999
93 7603908473534995789656749517312573895854317808509464150223984234533218771652504662077310618353728241
1298782098716 3 263000005186 1
4326774278413 5
4807526976 6815214088629829427487108014192973406026088992137895837630369557029641251260575487980843971048740827
90 9643103601008188143246384257194268570152272002017561191536246674623758977497610366677831675464829394
1136681779097 2 2662630325198 1
