100
12 3
3 1
2 3
1 1 2 4
12 3
1 3
3 1
1 1 2 4
12 2
1 2
10 2
3 1 13 4
654329 4
81790 755459
1 588891
572631 1 72704 1
142513 3
377 723167
63 525077
138485 2 40763 1
546287 2
7 8
600844982608 777449882838
527251 1 365983651202 215271
175571 3
665 774057
44 694350
170237 2 15973 1
928859 236520
104383 570793
778981883968 804768998348
916987 166374 -73649438284 -672961
404329 4
665 644418
76 640399
279792 2 89910 1
134667 200806
702893 839437
670048452830 760942632012
107461 200274 591717090293 211425
175717 2
2584 699850
17 563778
55321 1 70297 1
101083 4
665 499999
57 904326
3734 3 67433 3
992267 3
2584 567177
64 499999
644194 2 541254 1
891669 366875
537307 611891
470766667733 980769225175
56137 296563 -613881035564 329124
15971 3
665 993280
4 676121
3543 2 1453 1
981489 3
81790 870981
2 656012
421658 1 109055 1
676601 312566
849147 566861
72938707589 710988563609
656234 153877 -608718774054 867517
981487 2
81790 499999
3 889023
147421 1 560851 1
266009 4
665 499999
50 973020
11145 2 59152 1
490751 3
81790 499999
1 727539
199452 2 44614 1
212813 4
665 499999
40 730400
149219 2 32762 1
54793 72836
748119 647950
560459187556 73558143154
33084 70910 664730400553 -699998
83793 2
665 499999
63 764823
34447 1 55883 2
968935 2
1 1
199519379874 200700858954
624651 1 218027573596 900071
327167 2
81790 574904
1 846702
253463 1 186953 1
984378 7
1 3
130735527132 505762366375
714722 5 939283900663 -556402
863758 8
7 6
930543660224 524586558866
831154 2 -128352876373 -770245
859341 2
1 1
200109946725 200117182318
201764 1 200124406256 931525
319209 4
665 849103
60 964041
208345 2 70982 1
403111 2
2584 499999
39 791218
149302 1 57604 1
24476 956319
357158 750047
395034658096 893546691437
2442 817978 916053510454 -236038
308497 4
7 5
968915202760 939453378528
308291 1 410391422898 -83918
327167 2
81790 564855
1 738968
90604 1 186953 1
904874 522077
189672 152455
2631641220 674992612799
105342 365530 -28417898187 614938
42011 5
377 525186
78 499999
41053 3 86507 7
418535 596495
157880 885741
660499452407 978520055954
402418 476837 122076091507 -972214
963827 2
1 1
200668907269 200116463777
650081 1 200743718949 833111
454799 4
2584 499999
22 641208
400047 3 121290 1
979971 2
1 1
189053909457 220023560679
708785 1 220217858156 898875
445567 5
665 816257
67 814902
295298 2 104859 1
840044 154788
29423 44403
319827003139 544134246180
504147 98570 -982407841751 -483016
218111 4
81790 616138
1 499999
101037 3 100667 3
138324 4
665 692905
78 690118
136885 2 69188 3
981487 3
81790 499999
2 499999
694880 1 701063 1
746052 527508
124946 909790
708729605201 775626738144
144833 205878 -777549114140 -968400
108583 3
377 841136
48 816267
5041 2 31058 1
18685 411549
375351 332096
170800401380 33107334899
2462 345344 -305839912472 -340583
868237 4
2584 539786
42 869158
622448 1 200385 1
968325 2
1 1
211005838524 200477785538
237516 1 211554078131 873897
733861 2
2584 830636
71 679218
190332 1 293587 1
682181 4
2584 629485
66 727710
398414 1 272912 2
213514 831373
374868 850285
980094338909 384534093499
206524 814313 990463862332 -869859
664743 161604
495387 660394
217624002697 205386937485
163392 13777 309057642512 -309688
351131 3
665 829644
88 783961
75389 2 31945 1
734299 725152
402732 525438
696037720349 423058490696
448583 662487 -558856915974 -170316
327167 2
81790 723940
1 695479
314081 1 186953 1
959299 2
1 1
179945503033 205143668780
687553 1 205640849609 857463
611799 5
214129 534656
2 648852
278683 1 329431 7
158487 2
2584 843787
46 592127
18677 1 190212 3
687045 2
4 5
569694272361 118397916094
528528 1 -759212340939 761587
975132 254225
442655 112878
592464663397 824268902490
961109 150417 -308756649088 75426
433 4
377 700786
1 683982
162 2 1617 7
12069 2
377 846695
8 810293
1792 1 9660 1
500890 7
1 6
132576134929 161004114894
494164 5 -893914197101 -971747
2267 3
377 769283
2 879003
1936 1 1361 2
457535 4
665 499999
86 975633
286699 2 30531 1
915331 2
4 5
874674517515 896476458272
907175 1 -154680688277 -750347
384440 964533
178715 418148
180427657123 319965204176
219645 684646 -897785405932 -513445
60339 5
377 499999
16 913141
3019 1 6354 1
892119 2
1 1
177264561500 200678069272
147243 1 207164974793 928867
39223 7
6 3
136598059256 28215086481
32580 3 83021643565 517288
250339 4
377 526854
83 628206
177332 1 45569 1
1385 2
377 499999
45 906655
157 1 54319 49
953317 2
1 1
227485629616 203684471925
612229 1 232579080185 975873
118995 983834
262972 336718
602479780502 192676014222
55346 309668 -128407208642 547799
981487 2
81790 886065
3 499999
414435 1 560851 1
854859 2
1 1
205245029424 195508835211
147408 1 205504470449 961583
764567 3
377 609023
338 870173
736936 2 278178 1
245371 3
81790 644371
4 765065
237775 2 245373 8
998109 2
1 1
243436947882 246340111617
203984 1 247873632914 993373
932429 8
2 5
314152480098 386608818223
767644 1 -748758236946 -986238
3371 4
377 499999
57 499999
998 2 38249 51
853279 2
1 1
161410877133 170895403720
603126 1 171346742670 803239
265423 4
377 808739
88 747740
51382 3 141600 1
1000000 1000000
1000000 1000000
1000000000000 1000000000000
16000 401140 1000000000000 1000000
299815 5
2584 543186
847 580993
66973 4 1459382 73
847254 6
3 2
68162252243 65476806683
828119 3 714157134800 175549
764490 185890
233237 214113
850739937579 709488404059
390333 18914 -956805847244 7064
999999 2
1 1
999989 999989
499999 1 -999998 4
499176 5
8 5
943578542518 553249868509
436321 3 792202877227 369037
566548 300990
605106 497032
637961139883 645656937659
98923 286174 874459263120 418398
654327 2
81790 499999
2 548196
146705 1 373902 1
479850 828543
798713 293224
369562329426 408284756727
268582 818996 44094489063 -341283
204871 4
8 4
232280182812 392985759580
202207 2 791535127214 -418618
62017 3
2584 750236
28 499999
38719 1 186063 7
128945 3
377 611102
57 817321
43138 2 46915 1
293321 284192
915169 152720
401574005537 977386798206
233827 247145 219060859800 777322
72391 3
377 720796
32 500507
36329 1 20706 1
915447 2
1 1
219863374429 222355566321
91823 1 226166445170 988223
409900 6
5 3
410398221326 211562996868
258018 1 -143480691385 -512902
