2
.X...X.
.X...X.....X.X..X....X.............X.......................................X..X.....X.......X.XX...........................XX.......X.....X........X...........X...

.X.
X.X.
.XX.
X..XX.
.XX..X

3
4 5 3
1 2 100 1000
1 3 500 5000
3 2 400 600
3 4 500 5000
4 2 1 10000
2 4 5

3 3 2
1 3 1 1
3 2 1 1
1 2 1 2
1 2

5 6 3
1 3 1 1
4 2 1 9
1 4 1 1
3 5 2 2
5 2 2 2
3 4 1 2
1 6 2

1

35 4
1000 1000 1 1

36 37
389 389 389 389 389 389 389 389 389 389 389 389 389 389 389 389 389 389 389 389 389 389 389 389 389 389 389 389 389 389 389 389 389 389 389 1000 999

3
100 1
10
34 3
5 6 7
34 4
1 1 10 10