100
2 211 273
1 516 373
188 1 100
4 5 16
32 8 233
857 1 528
6 71 199
3 3 5
6 116 633
149 1 60
568 1 360
1 746 593
56 12 329
395 2 164
2 226 369
22 1 3
5 2 8
512 1 22
24 26 300
104 7 100
1 280 223
11 49 144
95 5 427
114 6 654
20 28 549
3 3 9
20 43 219
4 5 14
135 1 71
16 45 383
18 11 183
3 4 10
23 5 7
240 4 357
44 3 126
5 116 141
24 19 257
1 955 117
88 10 827
39 21 111
400 2 220
51 12 608
258 3 206
9 7 25
161 4 130
4 4 10
7 36 92
995 1 17
82 10 336
4 4 12
1 615 567
7 12 69
215 1 169
15 22 330
4 158 421
2 63 44
2 29 58
1 5 5
178 4 233
2 397 668
282 2 121
12 78 305
31 23 149
528 1 264
70 4 150
6 65 143
711 1 224
105 6 94
4 5 14
20 7 72
1 256 114
2 56 50
4 4 10
9 27 134
11 7 36
2 199 396
1 5 5
4 5 10
6 84 312
252 3 500
53 11 101
1 61 61
4 4 14
939 1 518
62 6 119
1 893 652
351 1 237
37 5 70
1 471 275
1 735 309
6 11 9
417 2 794
798 1 35
1 380 292
4 13 46
51 2 67
1 53 40
2 402 99
118 6 32
143 3 71
