100
5 4 14
1 6 1
2 2 2
1 15 10
2 8 12
6 3 3
3 2 5
4 5 14
4 1 2
4 4 10
1 2 1
1 6 4
4 4 12
3 3 5
4 3 12
1 5 4
19 1 15
2 6 10
1 16 12
7 2 3
1 1 1
4 2 5
12 1 8
16 1 5
4 5 10
5 4 9
13 1 13
3 2 5
10 1 1
3 1 1
2 8 4
2 5 5
3 2 3
4 4 14
2 6 10
8 1 5
1 5 5
3 3 4
18 1 8
1 3 2
2 5 8
1 20 3
1 2 1
1 2 1
4 3 2
3 3 9
3 5 1
10 1 1
2 5 2
4 5 16
10 2 4
5 4 16
9 2 17
4 5 5
5 1 5
2 8 7
4 3 2
4 3 10
2 1 1
9 2 8
2 6 9
20 1 12
5 3 10
3 4 1
1 6 2
10 1 9
2 3 3
2 4 2
4 4 10
1 5 3
1 18 14
2 9 17
2 10 10
4 3 12
2 7 9
5 2 8
9 2 13
1 9 1
4 2 5
1 18 15
4 4 12
1 12 4
1 1 1
11 1 9
2 3 6
6 1 4
10 1 2
15 1 15
3 3 9
2 7 8
4 4 10
5 4 3
10 1 7
8 1 3
3 2 4
2 7 1
1 12 2
7 1 6
5 2 5
4 3 4
