500 4

100 2
100 3
200 3
400 4

1801 3 

901 2 
901 2 
200 1

1801 1 
2001 1

1900 3 

2000 5 
1950 1 
101 1

0 0

8762 2
2458 4
308 1

1800 3
1950 1
2000 5
101 1

1801 3
2000 5
1955 1
101 1

1890 3
1955 1
2000 5
101 1
 
5000 4
1000 2
1000 2
1000 3
3200 5

0 0

1 1
1 1

5 5
1 9
2 9
3 9
1 9
2 9

3123 2
3212 5
150 2
6733 6
969 3
2195 3
1565 2
233 5
1707 5
1702 3
3948 7
2151 4
3117 2
748 5
1463 5
1405 4
1204 5
3778 3
2957 4
362 5
1852 3
2979 2
323 3
7268 10
2846 4
2423 5
3585 5
678 1
3190 2
2078 1
3611 4
1340 2
801 1
2870 3
5890 9
1707 4
2140 2
2820 3
601 4
1195 5
1242 3
217 2
894 1
3879 2
1382 1
1791 1
565 0
3184 9
599 5
3359 1
2604 2
499 1
2103 5
261 5
3201 5
3204 5
1423 2
4678 10
1019 2
3103 1
3102 2
2675 3
23 5
3831 1
2199 1
2420 5
607 4
2249 5