200
1606938044258990275541962092341162602522202993782792835301376
200
265613988875874769338781322035779626829233452653394495974574961739092490901302182994384699044001
167
34996011596528190789960035633881941845650710894291398982812329702559247987190014771576210832368861184
144
44841550858394146269559346665277316200968382140048504696226185084473314645947539247572422027587890625
129
24071951487285782880390320326214662876142414926450873355734389735932734339553143491252967333529911296
119
36869458712764182292559688201881769090241591468014221130182942632275407633902491037660092242277953143
111
17498005798264095394980017816940970922825355447145699491406164851279623993595007385788105416184430592
105
15684240429131529254685698284890751184639406145730291592802676915731672495230992603635422093849215049
100
10000000000000000000000000000000000000000000000000000000000000000000000000000000000000000000000000000
96
9412343651268540526001186511911506574868063110469548823950876000379062365652829504091329792873336961
93
23112976750158560309992848699048858991880142131089071348679973505753740345173797064266762182272745472
90
17984638288961211871838956989189665890197130672912829203311075745019255958028927299020895173379216649
88
72321452464031429981203309911678344898247110297251232656206790329288072963456256109500985384795897856
85
9284467914855070772313223200594178689476759728278829940178139279449709420077851973474025726318359375
83
8749002899132047697490008908470485461412677723572849745703082425639811996797503692894052708092215296
82
78851789346805766062788892749630430175353353661150360859161996580258019826310450330842376090831289889
80
26411946461618318592474152156340190574769777652893075028692000783297949356811961117285060152840421376
78
5530709837851818935985098926648662357728660588336035659633359363610638296057696191939038924612591641
77
15111572745182864683827200000000000000000000000000000000000000000000000000000000000000000000000000000
76
30808205306952675278866725295578388923761888868051469234089338195735189875126156965788464889487541521
75
48050848572744748552976706437022018451588688507434878876296801224417378876986974546588430772436205568
74
58594906461125421587550609955067038523387216894524456953434518084355933493745392400859823927136880209
73
56940417208858208004735711880506944872179230564854936842761847022131829602731556918632981915001421824
72
44841550858394146269559346665277316200968382140048504696226185084473314645947539247572422027587890625
71
29047429473912364711564404086742595103758290090433490444687641610107308313140178251785011957675851776
70
15684240429131529254685698284890751184639406145730291592802676915731672495230992603635422093849215049
69
7143386728957868051817767661530571162600224648408435413395487713535819166233580663494148315580203008
69
80438109501365042874828448402211548689904852746891950905127473569664686539673058005513762518504618669
68
27812838944369351125728577623176100000000000000000000000000000000000000000000000000000000000000000000
67
8341295116763783101242214530037512645920899177987598203537434247253767513206111213488516390334626911
67
69992023193056381579920071267763883691301421788582797965624659405118495974380029543152421664737722368
66
16669402451463259637329876426477330990543373441558690953495417732649142801752419789735108174548143169
65
3516653733747887484905571395749820949396267082812326251249703698546110535162463532902715566036353024
65
23143171985618148385244286678913597734970588950324139906433544566777271711544017307460308074951171875
64
4011991914547630480065053387702443812690402487741812225955731622655455723258857248542161222254985216
64
23169162752708970943114627382699355445603465075569066753527132965271355336698663689946873706000418561
63
3360211291428788092142712546522052463429324340985584366991884014475006149629779669799771752913436672
63
17261170511087275315330536045699553443314531891906486691333652017137428819806356550960502654992781719
63
85070591730234615865843651857942052864000000000000000000000000000000000000000000000000000000000000000
62
9831032155992998117897845719873063771519791115891217914435890735821741361257823010163075986615508081
62
43798174006248245805093163445353286818299987182377812175854179081731970749722264520970895082823614464
61
4381025594161630159490821846837584160967719542072684440458800140688389376864943038932785795266726043
61
17807922857161552360867164989082404802592738843016076036206067231328454841200540772778108917848735744
61
70139608961257951237442790783035486887952647572927553597976930988000532352089066989719867706298828125
60
5827333866213800723448204517212477067001873272487534923368111189483861144559055239879040406258712576
60
21177343263137232898956680156221526872966390137734224418145795169875489469146471644347057683171307201
60
74898693571121666458771219910663586019006448340484745255303782863420907002550731598945129242323582976
59
5267065530394883184651384028840252727177370209716317304311848947467915376271784433951441748896850449
59
17347234759768070944119244813919067382812500000000000000000000000000000000000000000000000000000000000
59
55800795431178133945506856119514211506906832234940697085639049429608679311285298750507852875480405451
58
3374379553120987688447968899621568612845836228016035595961267611014351402954808277890582965905260544
58
10185924126297818456438553970135210099852778068143084014988759549214110306466837944528903324518868889
58
30118828095335986056310535208000727885536200678510746521212565969107105621624362195296241491835355136
58
87304371589488601279986157157762109198712723008188243388537387590364602374393143691122531890869140625
57
4433202192544326130039174737011542261627645737508214652508294563435113543749841369494945154818113536
57
12158129736671364080886280192352136280305445908985401876990335800107686586023081377754367704855688057
57
32763903119682663444204895601024050067817616101991333638379894178016675820951636424796481407258984448
57
86808982055568013678464435890088918256042203542741374505928865459303538714201798332879765400258417819
56
3771117128139603201336632119890015730375065600000000000000000000000000000000000000000000000000000000
56
9516357759357442146865336127532078949341376979332784588729070987761113091935706488722321989009067361
56
23655635075054868395368146565379030189821174558658878753479123997277348132316119922468638455723196416
56
57952312351360356309997931125498956254925806206258513217716179123852026478904672567156967528453911041
55
2187250724783011924372502227117621365353169430893212436425770606409952999199375923223513177023053824
55
5131385177536668956105831874945600797208607952440593282382163276000852647484862245619297027587890625
55
11882736173413706138041403938990581547331504701478674481744332070336612130327379074911095095690264576
55
27171533427169145948033313815083770302683986759248413894490616910987463428445969005305074705966325643
55
61374815394138206394070088827558043484469853557228484799742705419570672529384169501674510391214866432
54
1985413176484370123969249724636046743930617456278169420373207203243583434172183818613882907413746121
54
4318114567396436564035293097707728087552248849000000000000000000000000000000000000000000000000000000
54
9288612186912875874667186338493330758034069235896125119733172570190281306549755820106670707143297681
54
19767639272283757754682216444475833542978877698527508586560101067812704152765674168588924035105030144
54
41632687486237173187939287634191588382353880270019124010730946361508962534646068310417373812845345009
54
86798629000343402372062123744778542351909280142387770536144633986678766930507175263499624421655576576
53
2389169488051143104055952624362335765748019309302170324542206880646944000545772723853588104248046875
53
4820814170141143712899747687027395690898701861786369294609911088701633921867170802723006164265598976
53
9638477416820594068942796341210139471815657065814849153428744932981052528412795473533008800961850717
53
19099145735032833903950305856992360313659363741772151337005650637872192820569056757283571364630888448
53
37517668212099614616008117956330183032449042784683088572319119977846297835226593942196910910161297039
53
73075081866545145910184241635814150982796627148800000000000000000000000000000000000000000000000000000
52
1742693381014614361631744253876750131626600682858921288089186323970185832803443622626158010427690561
52
3298529131325671044682132980840139865561470245800879652541231655961582583109606966515083023824715776
52
6195278062195632173095783932856473630741507831058682193848338915333697401079250587313603801466353361
52
11548428111246727968663422363349738247568087294306319758479065146601133038552750092213346499408429056
52
21368996953242526153442455912292983336597584898817192469907377729843034330770024098455905914306640625
52
39257213028523967291767136658901073814128175821454259404740919626071271812940992304070734674338512896
52
71614528373522673059647631449657630516051395116169882200518615423658435079434511346138671424355595681
51
1474403250472503354815941462413219752576026955133218404950812538755897821475641038656653343863078912
51
2623556001261963871266091775933390034085552370853288773263903567830917020332827697404299415766102089
51
4638397686588101979328150167890591454318967698009000000000000000000000000000000000000000000000000000
51
8149125541288992010690222141657452797258000272221363977296134158676535506084570914152152281384757091
51
14229157765295992158304255294928894024732044441648365920808132984939511126378502704123188541713809408
51
24696213799276724345652240924518028355142708678471149393747884058965239851199982553863443896072361157
51
42610882967085438608825991257689121578616636379279208338377048893956358281371827549728823975654457344
51
73097726512877662810579660141043337537920142380269680568598152267778544910470372997224330902099609375
50
1298857935220386229297392490787642671060688633180178819987316866536994847848599453967379842912485376
50
2180653753474075974706842166977290152657913536837095063306039194143521580032097892055927475610605249
50
3641696800871170652173739814531836293714045951101357030150496139664266883304812721368995129536282624
50
6050060671375366504479199680125555354571111154849793880846497346573918278439742113929535410412245001
50
10000000000000000000000000000000000000000000000000000000000000000000000000000000000000000000000000000
50
16446318218438818999219212023843297027618124642128479392075226899697009078226629490851910649612255001
50
26915880290736053938940873551532594852288282764078853774045429663815441085502425126255789921349402624
50
43839060187070899052409736192529434410328171089842344350753662612544746766784117928987837621911435249
50
71066833462783054130445889736202513174162786442860336251700463158163629648772878909338679693725925376
49
1092133312928921527128706052496290627790176808523987062667629703955896047773421742022037506103515625
49
1737750403301079421268848788559766400037547797832052402095873300043015023792779792596161574046007296
49
2752992996548721562276692361251683775674875554445721448701495126958841395546940719407278910108126507
49
4342741899373259063003885751426557176953759428321615043075610057269987095583589231999773451619401728
49
6821790832643978039959957596207189391041886941674365093999105240002358976416731396397234302515359789
49
10671895716335937864242408726396210903543830817020910000000000000000000000000000000000000000000000000
49
16627461868487470670084088833952968282392583398847890750978303090271501490785297649793198006826138991
49
25803766949107089406247092666194666222287820207377364456985280040846718527843906015750589056079101952
49
39888134969771020467531805745187542052364151984324887528676203652594903082551616292315963449014857073
49
61423946356067912508494909527242391296984628296001978524918404964277039632915835964965134417247862784
49
94231081876865877428274497250257238365592402347527598835311862342631883393551106564700603485107421875
48
1241605085912135801362872937300178437666908502570688177910621938921141924241307919508527559208861696
48
1874655040097884129653172079017728278407311868906367714589033405445233837051986286978884029746559041
48
2820566546938561875975477512484888953151186976973591598774294409527837860703915331467888695418290176
48
4229160300967816825327301415987269331272228863102101772943675631814102320235925755936340723792749441
48
6319748715279270675921934218987893281199411530039296000000000000000000000000000000000000000000000000
48
9412343651268540526001186511911506574868063110469548823950876000379062365652829504091329792873336961
48
13972427743136734562535025199207136694154440543221215356492023734245881823494468964764545753584500736
48
20674991948241948097893955147587282552333415760653556966871162558215250380549579966604194941510633281
48
30495860181023269379337405526741683009541866833025821679948626413603191129204612754042438553882853376
48
44841550858394146269559346665277316200968382140048504696226185084473314645947539247572422027587890625
48
65733410488535671580057132663478147696324219770820845662984077220929916884953679706920997215195365376
48
96067968254367481276365696967779773877012643204635128378812984311724350641524683124538450810649569281
47
1093625362391505962186251113558810682676584715446606218212885303204976499599687961611756588511526912
47
1576581347268075505871791212341630400398674888304688800888535468751551447670703700233172354864142209
47
2266405202453923887196822099933255271570377423974771700000000000000000000000000000000000000000000000
47
3249008861193796146838199479356505375648938865685139514487947325039495547439120995715656988669980011
47
4644882867968897751786180353554593186169603522607419572736423432687872093624304452786133476644487168
47
6622578661514328757089917083716242763754514433013565044676477407274577842954245488622658336197121677
47
9417280863900375266949348024820541526063643900483084700869510785877083673412649127409502577957535744
47
13356329337834375179574431472691593822773429664914598777570229623565722931743948720395565032958984375
47
18894208058793435516089436218556210855751277614284639704011751703309977293864352918360929528704925696
47
26660399709998917240089646955117092863079094041309603458649915608036872517933278505258410875899858233
47
37524685483975985824404078009639462266968733548027120766840919402397034202632893229028946974282350592
47
52686046633773098581657186412527078479981180957720825356907367099601590543096208796603427261479978979
47
73793426529753539909575979073425047028684498277918310400000000000000000000000000000000000000000000000
46
731272399569881075127436095737215502051603570587948444688784386419610697969395162324432167937412441
46
1012194193480370533382327192255076369633826521742760824421569441176074623161446024135905259756191744
46
1397840835204849699034045435173086193070736698295181228594139170504570764668496326630233900071362849
46
1926081395846546692499404058254071582656678510924089279056664458812811695431149755355563515189395456
46
2648061717287508721478907632973251222712066463862212412593549930778777934392564930021762847900390625
46
3632715325400665365412424935186945077974564812320724640723146532158485841376169787122403967600951296
46
4972758843587807706619033698698429532918360184265923126325052985906042078697761625634901760825496729
46
6792644847669987949269857953764579586020116203362959753689612189844486189254256132014839303308836864
46
9259090883222430274820611376230084446404080991139678398006505362914351292648365504352093288697030601
46
12594992596820732580808055445231730118393898010253906250000000000000000000000000000000000000000000000
46
17097774127883425525919504530219748259216650020060816629368054021862816275146398226357401654912044401
46
23163546063122141006563839515720843198580248821611719238981508065600978571919833180609572020854718464
46
31318850781256690178805608819289518689491345746932690669627021266906403111824487597777500107671770129
46
42262302912773830374604133607134379805332786835542623018462063710121379690739011483895217981275242496
46
56919111978265633709983188686544178975516531286996521334118322079530258861268521286547183990478515625
46
76512347043325004517212697162111797147067800512889554810056854959219705809669805234416907891828064256
45
653859380129398579397518829923038663720740193421195786088428962095204841515296502712926400721316557
45
870099487696705465941096344168421347603439949582414516817303416823688461537599363760640972573114368
45
1155767809798252352158603592702279956024267585834571156428495624500660769313118755966233171492103199
45
1532495540865888858358347027150309183618739122183602176000000000000000000000000000000000000000000000
45
2028450534060469011727354439767087597324317113066121839359278644392197860775074442418511232189191201
45
2680252158386222391973923360184635086493638951981730250728022533139536132588398442428095708929196032
45
3535429636583900796657661941683752585145128339609603653584162385084769811294591112034264118925289843
45
4655573228480850566430762043107048752293309311712372545818142410589222123972956417105017828932583424
45
6120367349283702213520570859583173173518899193927923770116024953295919885931652970612049102783203125
45
8032744654606997174223000701682977211174302242666867369534511113916112547348189945971692023029170176
45
10525462823632746398643972834485176713859333557585563240752504554598939511845444454283849782559424007
45
13769484378172984670723612105314636717647432542939811632721448619028583325246187554562123958811885568
45
17984638288961211871838956989189665890197130672912829203311075745019255958028927299020895173379216649
45
23453165165327788911665591944416226304630809183732482257000000000000000000000000000000000000000000000
45
30536901459423774358849701677125861139302083424710123562075175905592649039312505341279272654944338651
45
39699049692692297591727414299559889617450409519129581810945042624888855637799638025068174193283039232
45
51531720288168015702976080894003162557244710174798353744661778457692489128036274163203053671202715293
45
66790727314048341769586126492502380228465816322874007725080877660010092342482825167674885774585626624
45
86439489012221785178004586295636616114511586588486262696328331356365737292435369454324245452880859375
44
634683756926012781549248224851684963518680075422243535376049487588939128846005108797142052766744576
44
814373662749289225879407439874509869365359253472574525501739935838805739672635164632675273372696641
44
1043470322140558373944417531277147689982491491493458145059450696596440585959380190300686953958342656
44
1335160154510970344898805836739102462947662995070363121839117232428025850352075595698904193394994481
44
1706043987540932568344183504080867560952586000586611097600000000000000000000000000000000000000000000
44
2176994311579143098665490695095923140252535181569079054888955137870853680040351334565004592301826321
44
2774221105143623322303678647149281644987031650755154588007828102681803004059356132513589284229349376
44
3530595376466795021145190962757544673990485726363204264761721311433196485750965948459243945108356321
44
4487290773262563236460476273965832064112415131989166547846223338357091175283955168323248491474190336
44
5695817291917421263840249674567381459790791343219354974000503604337160368231707252562046051025390625
44
7220537794981942064640851328269457943922698312511760587254885420800744593377963210446317585606639616
44
9141778357472472857064313542649608169606845090421090231377219916069177883801744986928423375799268561
44
11559668173378993323740681065084196334644301615205768761352475817572124786362159537553492897679015936
44
14598874784854117233160842826634020800090230025155531953403116890816771439296989403838000694967056241
44
18414436854962827514366322953278762518871191427387698552100000000000000000000000000000000000000000000
44
23198940920253341195682643835993949669414548752931205246814867978764641366798308547783791160246664961
44
29191342127093015062837419161954372459064914356685939350716323101978221655900484847464405138927517696
44
36687793787930433876783900878012371504868303698535938661525936182230881232791975583491357153182368001
44
46054928980284166689466109010036587687844715091291562045953431128488733289589854402756714722488221696
44
57746132091848814001635211432550678023657034199946594815246445075762500209748395718634128570556640625
44
72321452464031429981203309911678344898247110297251232656206790329288072963456256109500985384795897856
44
90471950013505123035846179456906240483041904747871389530474325525899567467129799046035668720740675281
43
570956710008817723284570707242927083045579191998009527958917516908935889858223292400544394292232192
43
709058855960354905388986161294107260926933386419339989975503693468743658598992525513978002691888599
43
879609302220800000000000000000000000000000000000000000000000000000000000000000000000000000000000000
