100
10
56 14 81 18
18 3 18 98
44 6 45 96
11 6 22 84
7 1 9 96
90 1 99 84
57 80 86 85
34 72 73 82
70 69 92 88
26 3 26 98
10
24 13 40 95
8 23 32 52
59 30 72 93
36 47 59 59
39 8 57 81
44 18 66 24
31 68 68 77
76 3 89 98
9 4 11 99
59 2 87 46
10
4 3 4 98
61 65 95 98
24 72 50 83
27 60 49 83
30 10 42 93
59 13 84 26
36 21 38 55
59 4 92 27
25 3 36 98
35 51 68 81
10
43 54 79 81
3 49 10 90
47 2 49 97
64 3 73 98
42 34 66 91
89 19 93 55
43 47 53 61
1 40 26 63
32 11 47 99
68 75 94 83
10
70 1 72 96
35 7 71 25
42 3 52 98
27 22 49 38
69 7 96 25
10 4 21 99
22 2 38 3
75 4 98 50
67 58 78 68
45 42 80 78
10
28 1 52 3
56 7 80 50
84 51 99 72
93 3 98 98
14 97 53 98
32 2 48 78
57 13 92 45
25 65 50 73
43 35 82 37
88 4 97 99
10
42 27 70 51
65 24 86 47
72 14 92 71
53 43 88 44
25 30 60 32
57 44 74 64
40 1 55 94
62 12 75 31
65 70 99 97
87 5 96 99
10
18 13 49 58
16 20 51 48
82 51 88 64
2 3 6 98
12 43 31 91
90 4 98 99
56 8 64 67
15 40 50 82
41 37 74 47
27 46 52 77
10
24 69 41 92
69 19 95 43
12 10 43 29
7 47 26 58
18 27 57 57
36 36 65 55
22 44 56 74
2 58 18 64
39 8 76 25
19 21 44 45
10
5 4 5 99
59 61 68 84
23 57 57 70
38 32 68 62
46 54 57 70
37 6 56 45
58 41 71 83
10 4 23 5
3 28 34 32
33 85 67 96
10
54 3 57 98
69 44 99 86
46 2 49 97
2 49 20 97
14 61 45 78
1 32 29 82
61 50 98 51
10 54 40 85
40 46 73 68
5 77 35 91
10
2 35 27 79
42 62 73 70
1 21 31 64
8 10 26 58
45 63 60 67
39 12 61 70
31 20 51 83
36 41 62 97
19 20 53 45
54 34 92 38
10
29 46 60 49
54 19 91 41
24 57 38 82
58 2 61 97
18 14 56 44
19 2 46 48
59 8 77 85
54 31 69 84
41 9 55 95
6 7 28 25
10
53 20 88 37
3 47 39 58
46 17 73 69
63 57 92 58
38 3 54 60
32 2 69 22
8 20 28 83
51 16 71 26
55 62 62 88
92 3 93 98
10
55 1 60 96
81 67 87 78
42 3 52 98
26 32 51 62
69 25 98 77
14 58 43 99
10 2 36 12
78 1 80 96
62 51 85 55
23 14 38 84
10
48 36 65 59
91 1 92 96
19 45 56 58
46 10 59 85
5 66 36 92
20 1 26 96
53 24 75 31
10 18 42 31
61 18 89 38
56 18 94 52
10
42 40 81 58
3 1 4 96
33 2 36 97
42 4 76 15
67 4 76 99
65 77 89 89
1 39 40 62
29 1 29 96
62 4 74 66
55 63 91 63
10
69 2 82 86
29 61 52 71
51 71 80 94
52 17 71 95
8 8 11 27
33 6 48 93
5 4 14 99
33 62 61 91
64 15 72 83
13 20 37 56
10
8 37 32 66
49 52 78 82
63 1 67 96
70 3 75 98
48 23 57 49
33 13 49 94
38 33 53 80
47 1 54 96
9 1 16 39
70 44 91 68
10
21 65 21 65
3 33 3 33
76 6 76 6
87 81 87 81
13 68 13 68
3 97 3 97
94 74 94 74
39 33 39 33
78 88 78 88
94 18 94 18
10
9 68 28 92
36 82 50 83
17 38 43 42
55 7 70 88
58 37 85 82
45 87 76 98
27 25 64 28
23 36 57 79
17 45 43 80
88 2 93 97
10
41 20 71 24
68 3 70 98
7 57 38 96
50 78 63 86
18 1 20 96
67 25 86 62
8 19 12 30
56 36 91 48
52 64 81 88
80 20 82 84
10
10 9 32 76
66 47 97 94
30 20 32 97
85 24 96 63
83 15 90 82
43 3 43 98
76 16 92 92
54 78 86 86
16 50 53 87
62 61 91 84
10
25 11 57 11
11 4 22 94
84 21 94 99
51 43 81 65
48 2 67 67
4 26 10 88
41 73 78 73
39 31 58 87
47 30 69 83
34 5 57 23
10
22 12 40 64
17 45 56 73
49 78 78 99
40 25 64 71
1 67 33 75
20 71 35 77
18 10 47 13
58 49 90 75
5 59 41 75
19 73 49 78
10
47 64 79 75
15 71 50 77
24 43 41 57
46 18 73 59
25 9 43 31
28 38 55 38
66 57 99 90
23 29 51 76
37 14 43 99
51 43 86 66
10
74 4 76 99
10 61 46 65
12 3 39 47
61 19 85 66
4 71 31 82
7 3 43 42
75 4 82 99
26 8 35 74
33 1 36 96
64 2 69 97
10
35 20 55 81
41 3 80 22
46 18 75 27
18 65 55 81
25 49 62 64
8 1 15 89
34 72 65 99
11 2 26 88
65 16 87 49
60 1 71 96
10
60 31 93 48
37 15 55 21
8 39 25 67
6 77 28 99
26 17 42 32
66 80 85 80
57 68 87 77
64 6 80 97
58 17 71 80
23 39 37 75
3
2 3 2 4
2 2 4 2
5 1 5 1
10
44 87 69 90
59 3 94 40
21 35 54 62
88 3 97 98
50 14 55 98
77 29 92 95
30 73 60 88
19 14 58 33
27 55 61 75
26 14 62 37
10
4 79 14 85
62 27 85 86
2 89 35 99
33 3 36 98
56 26 85 75
37 90 45 94
31 87 39 96
55 16 62 83
64 3 75 31
71 8 96 58
10
95 45 95 61
36 7 36 23
75 56 75 72
29 10 45 10
75 44 91 44
70 2 70 18
61 2 77 2
91 45 100 45
76 30 76 46
63 67 79 67
10
47 10 69 61
70 1 81 96
46 73 77 90
3 19 39 43
24 1 28 96
60 14 80 87
6 55 40 84
10 14 35 71
64 7 74 92
15 43 40 97
10
10 11 21 47
59 17 80 88
41 62 67 75
37 4 44 99
47 6 63 64
48 76 77 84
42 13 48 81
81 13 88 94
44 44 54 52
13 3 20 98
10
83 49 99 93
45 2 55 97
8 2 47 36
28 3 44 58
75 23 94 79
53 2 53 97
22 38 48 89
59 35 91 80
43 31 74 61
52 46 79 54
10
32 27 70 41
55 6 68 99
7 53 39 83
28 4 54 55
35 21 39 80
80 4 91 99
36 1 51 91
14 4 14 99
72 41 93 95
9 76 48 92
10
10 33 48 52
21 4 23 99
5 36 35 64
57 8 79 19
36 16 71 38
10 39 36 68
9 5 24 18
88 4 90 99
48 60 75 86
91 33 98 84
10
56 11 57 88
6 17 30 75
68 37 79 58
77 12 93 95
12 56 45 75
18 3 34 95
19 8 43 38
7 4 7 99
46 81 81 93
75 1 78 96
10
76 7 88 19
12 12 28 70
35 3 43 98
40 1 40 96
15 62 51 92
30 17 49 64
32 13 50 79
77 1 80 96
68 20 82 59
45 40 79 69
10
30 13 39 90
12 1 16 96
12 38 34 65
26 37 46 48
67 53 77 80
60 24 83 87
64 60 92 96
66 2 69 97
65 14 81 98
67 6 83 99
10
51 2 56 97
18 1 19 96
54 4 54 99
61 11 96 19
30 2 32 97
5 60 32 85
15 16 43 42
17 22 19 96
72 7 86 70
59 46 97 54
10
52 73 86 78
54 55 72 82
81 23 88 30
3 33 20 64
60 1 79 19
44 63 79 99
55 2 66 97
61 24 95 34
60 7 88 54
4 23 30 75
10
86 2 88 97
32 18 51 95
33 75 63 89
67 3 98 24
42 12 75 41
17 65 42 75
48 4 53 99
80 16 93 79
16 32 33 64
30 49 67 85
10
73 70 74 99
16 17 42 57
10 11 17 13
47 23 86 55
3 59 37 99
55 10 76 70
51 53 77 76
21 2 34 84
50 7 70 37
8 3 17 98
10
4 4 9 4
4 9 9 9
9 4 9 9
24 4 24 9
4 4 4 9
4 24 9 24
4 14 9 14
4 19 9 19
19 4 19 9
14 4 14 9
10
62 19 80 98
70 43 90 98
77 4 89 99
9 1 21 77
71 2 74 97
21 11 41 36
28 30 51 51
86 29 91 98
33 28 66 67
75 3 92 16
10
21 40 46 42
89 3 91 98
63 24 97 31
46 4 54 99
11 37 35 78
47 20 71 33
41 35 67 76
20 53 45 89
2 7 25 47
62 56 97 91
10
9 61 37 81
1 28 33 71
5 42 36 47
10 14 39 30
49 16 86 47
80 65 91 74
31 28 67 69
68 2 81 16
63 15 99 37
24 48 58 51
10
36 1 43 96
42 31 76 67
56 12 86 34
11 3 12 98
26 14 40 25
44 21 66 63
69 9 78 96
6 19 45 22
76 23 96 81
20 1 36 71
10
64 47 85 72
62 4 63 99
32 1 35 96
41 4 47 99
82 35 93 98
36 31 66 74
55 7 79 37
14 5 23 99
94 4 97 99
57 57 58 97
10
18 15 37 91
60 43 80 88
91 2 98 97
25 39 53 76
37 34 67 60
28 67 57 71
44 3 62 39
35 75 45 81
27 66 51 97
45 31 66 68
10
11 4 13 99
11 57 15 61
15 11 37 26
45 4 80 12
9 64 46 99
19 1 19 96
29 14 56 43
42 15 47 38
45 2 46 97
46 3 53 98
10
20 13 44 73
32 34 50 37
71 19 94 76
14 47 40 54
44 74 69 86
14 1 17 96
49 73 83 89
35 1 66 11
51 18 66 35
72 5 83 71
10
64 77 66 99
32 47 69 64
61 38 90 76
40 1 40 96
42 16 72 63
44 40 52 93
5 4 13 99
9 60 47 82
6 59 41 77
26 31 53 37
10
14 31 45 77
12 8 45 42
48 36 60 83
32 2 38 90
51 64 87 83
72 35 92 67
38 20 65 70
12 42 24 84
29 45 50 45
58 2 63 97
10
78 1 88 96
27 30 42 63
66 2 74 97
29 31 43 52
72 3 76 98
60 17 97 57
14 61 46 78
21 70 58 93
71 13 82 67
47 41 76 78
10
64 2 70 97
11 37 28 88
36 23 68 52
54 2 55 97
27 20 62 50
64 20 82 65
7 27 45 55
52 44 81 70
4 20 40 31
29 15 64 26
10
46 14 49 93
4 20 39 23
34 54 42 96
85 60 99 97
25 4 31 99
80 50 90 65
31 48 50 66
14 4 14 99
43 4 49 99
73 45 89 98
10
2 66 35 85
4 8 16 34
48 2 51 97
5 3 12 98
28 35 53 91
61 48 81 61
10 63 26 91
79 2 80 97
8 78 41 86
47 36 72 95
10
56 5 60 36
36 25 60 30
29 1 58 48
81 29 91 63
23 1 28 96
56 23 79 80
78 1 78 96
28 2 42 97
18 81 40 87
55 63 80 65
10
45 30 74 66
10 35 46 71
72 6 80 73
39 39 68 88
66 10 84 68
37 26 74 46
63 21 68 48
43 41 74 60
38 33 75 42
34 79 72 84
10
9 8 43 12
41 2 41 97
47 13 74 58
43 71 72 91
4 47 24 61
71 4 83 99
46 1 57 96
9 18 38 69
57 26 79 90
71 13 80 89
10
11 15 27 49
64 22 77 31
47 7 75 19
21 59 37 83
13 34 28 92
55 76 88 84
29 64 65 71
27 49 45 71
53 46 68 58
17 18 40 45
10
40 2 44 97
80 1 80 96
41 3 52 72
58 4 60 99
20 85 33 89
21 7 53 50
22 43 28 64
13 54 36 86
76 1 84 72
21 15 60 32
10
33 76 35 85
58 27 78 56
40 68 56 81
60 1 76 78
16 7 54 29
12 1 18 96
49 58 88 76
14 58 42 63
43 57 77 75
14 2 20 97
10
10 11 38 13
87 25 97 41
80 3 91 98
5 8 25 29
48 13 61 81
50 2 63 96
31 96 58 98
64 86 82 97
28 50 67 64
4 1 5 96
10
10 69 44 91
55 44 92 61
51 53 82 94
93 4 95 99
13 68 40 88
33 4 50 57
38 9 56 81
41 14 61 62
31 63 51 84
64 3 72 98
10
35 46 69 84
51 26 85 43
22 5 38 23
17 74 53 78
3 46 27 85
39 6 49 60
64 38 83 91
71 2 73 97
57 1 69 96
2 37 38 78
10
56 40 79 57
72 24 94 67
66 1 67 96
45 26 65 71
44 70 74 86
59 23 92 38
3 43 22 60
11 22 44 42
2 6 15 29
45 19 82 37
10
54 18 66 99
18 65 25 76
5 80 20 92
88 54 99 77
72 3 83 98
75 36 88 59
48 5 86 43
15 3 15 98
22 19 28 68
86 3 88 98
10
84 15 94 46
63 50 98 81
74 13 85 59
20 3 21 98
41 37 54 73
69 4 73 99
23 1 25 96
9 83 41 95
57 57 84 71
1 31 24 63
10
34 2 71 8
37 55 69 74
80 52 94 88
30 1 44 55
71 26 94 59
68 18 80 98
27 4 55 58
30 85 56 86
86 3 94 98
52 14 64 72
10
41 8 61 67
12 41 42 65
55 4 68 92
26 80 52 80
61 5 90 16
25 4 26 99
49 2 49 97
48 40 87 77
23 31 36 38
73 65 79 72
8
17 14 20 17
11 14 14 17
17 8 20 11
11 8 14 11
14 17 17 20
8 11 11 14
14 11 17 14
8 17 11 20
10
37 4 37 99
36 52 61 86
71 3 76 98
43 1 43 96
2 65 38 92
2 11 34 31
36 59 72 88
87 4 91 99
32 2 32 97
5 61 12 96
10
7 22 25 99
3 76 35 77
30 32 64 58
25 27 35 70
85 8 92 93
17 36 46 86
59 13 71 87
69 7 88 77
47 44 74 87
70 45 87 51
10
10 67 45 68
16 53 28 75
51 66 64 69
54 44 86 61
6 21 26 64
40 3 60 44
77 9 99 27
4 13 41 17
71 11 82 86
42 28 56 49
10
77 25 94 61
5 41 41 41
13 38 44 44
66 3 92 39
37 36 50 98
72 3 73 98
71 40 74 96
14 6 32 87
9 3 15 98
19 13 56 46
10
52 24 82 53
20 52 53 98
5 4 6 99
55 67 87 95
31 35 52 87
31 82 66 88
75 17 85 73
66 37 86 57
61 63 81 97
66 35 87 62
10
67 76 81 91
39 55 69 68
67 23 89 90
55 11 90 25
47 64 77 93
10 3 16 83
8 32 42 45
7 31 18 99
60 12 82 61
29 43 68 61
10
43 13 67 51
74 19 96 42
54 36 82 36
67 1 81 69
31 36 65 70
26 54 54 96
7 44 34 90
75 48 90 91
22 5 35 55
23 44 55 81
10
15 28 52 67
45 18 84 46
60 1 64 96
82 61 92 72
46 50 81 65
26 20 46 83
23 40 61 70
56 2 72 75
40 49 59 81
81 16 98 25
10
43 15 67 28
46 11 85 45
64 1 64 96
73 4 83 99
7 56 33 99
26 57 60 81
44 11 54 72
79 51 97 88
10 78 40 79
28 15 44 89
10
56 65 67 91
11 19 43 42
21 13 32 25
8 58 36 91
12 23 18 95
67 41 89 94
32 5 70 30
50 1 51 96
18 29 47 61
68 2 70 97
10
58 1 63 96
29 1 34 96
59 27 84 81
51 30 69 51
81 3 87 98
71 49 91 96
3 67 25 96
36 8 63 60
67 4 73 99
79 12 90 56
10
62 3 74 98
72 5 87 76
13 1 17 96
89 4 89 99
30 39 52 97
6 4 21 99
3 51 9 71
52 36 88 43
52 16 55 85
25 24 40 90
10
27 24 65 61
51 31 76 83
5 28 42 51
50 30 77 72
9 36 39 61
7 21 29 74
12 4 28 31
65 39 84 43
35 31 48 31
13 8 51 24
10
51 60 66 65
81 3 86 84
53 23 71 82
22 3 54 48
51 25 84 61
25 65 64 98
73 4 87 50
36 1 41 96
56 46 82 58
36 13 69 30
10
58 17 68 27
55 33 87 67
26 63 46 80
34 1 38 96
8 73 47 84
37 3 58 39
34 1 37 96
14 85 37 91
41 42 77 54
6 4 11 77
10
22 45 30 98
28 37 58 77
24 89 48 90
50 36 69 42
20 57 46 96
60 29 71 46
30 48 63 71
6 20 44 20
5 3 12 98
65 24 85 41
10
58 20 73 20
8 37 47 51
36 32 59 96
67 25 84 49
89 1 90 96
75 16 91 90
90 2 95 97
18 3 22 98
68 4 71 99
36 6 74 34
1
1 100 100 100
10
94 1 99 96
13 70 48 71
33 4 36 99
41 63 78 89
2 77 33 79
41 6 47 84
32 12 53 55
44 17 57 59
12 4 13 99
56 66 94 91
10
17 1 20 96
32 81 54 84
25 31 39 44
6 36 26 80
64 19 77 41
66 35 82 54
38 52 65 72
9 66 48 91
80 4 86 98
45 16 67 67
10
47 21 68 68
65 23 96 49
32 16 47 33
54 13 56 95
52 3 56 98
40 28 60 98
79 1 79 96
5 37 21 85
66 12 94 56
23 19 46 34
10
46 2 81 13
56 60 95 72
14 26 24 68
79 4 84 99
19 28 36 57
24 14 38 92
15 4 17 99
15 22 27 76
45 46 83 68
18 10 54 19
10
12 15 17 69
53 51 70 66
54 15 91 41
25 1 50 49
14 59 37 94
53 70 85 90
38 2 44 97
45 41 79 70
11 46 38 96
19 58 46 94
10
10 15 46 48
51 4 52 99
73 3 79 98
28 65 57 87
52 71 88 72
49 8 62 70
59 2 66 97
9 66 48 69
43 14 65 82
36 77 74 78
10
6 14 24 55
16 3 36 39
92 15 96 84
77 16 94 95
5 6 23 20
28 12 44 99
65 77 94 89
59 76 61 98
52 53 82 69
32 18 59 43
