60
2
10
11
3
001
100
010
4
1110
1100
1100
1000
1
0
39
100000000000000000000000000000000000000
000000000000000000000000000000000000000
000000000000000000000000000000000000000
100100000000000000000000000000000000000
001000000000000000000000000000000000000
011000000000000000000000000000000000000
100000000000000000000000000000000000000
000110000000000000000000000000000000000
001000000000000000000000000000000000000
001111100000000000000000000000000000000
101000000000000000000000000000000000000
000010000000000000000000000000000000000
010111100000000000000000000000000000000
111111111110100000000000000000000000000
010000000000000000000000000000000000000
000000000001000000000000000000000000000
101000000000000000000000000000000000000
101010101001000000000000000000000000000
000000100000000000000000000000000000000
000010010000000100000000000000000000000
001010111010100000000000000000000000000
011000001001011010000000000000000000000
010010100000000000000000000000000000000
011110111111100000000000000000000000000
110101010100000000000000000000000000000
110101011100011101000101010000000000000
011010000100001001010000000000000000000
101111100111010000000000000000000000000
001000000000000000000000000000000000000
111000110000000000000000000000000000000
001000100000001000000000000000000000000
110001001011000000000000000000000000000
010000000000000000000000000000000000000
010000000000000000000000000000000000000
001011100101111111100000000000000000000
001001000000001000000000000000000000000
000010000000000010000001010000000000000
000000110000100000000000000000000000000
000000001000010010100110000000010100000
40
0000000000000000000000000000000000000000
1000000000000000000000000000000000000000
0100000000000000000000000000000000000000
1000000000000000000000000000000000000000
1000000000000000000000000000000000000000
0001000000000000000000000000000000000000
0000000000000000000000000000000000000000
1101000000000000000000000000000000000000
0000110100000000000000000000000000000000
1010000000000000000000000000000000000000
1000000000000000000000000000000000000000
0110100110000000000000000000000000000000
0011110011010000000000000000000000000000
1011110001001000000000000000000000000000
0100001111100000000000000000000000000000
0100100000000000000000000000000000000000
0100011000000000000000000000000000000000
1000000000000000000000000000000000000000
0100000000101010000000000000000000000000
0100000001100010110000000000000000000000
1011000010000000000000000000000000000000
0110000100110001100101000000000000000000
0111111101000000000000000000000000000000
0000000000100001010010000000000000000000
1000000000000000000000000000000000000000
0100000000000000000000000000000000000000
0001001111101010000000100000000000000000
1111111110110000000000000000000000000000
0101000000000000000000000000000000000000
1101111100010010111101101001100000000000
1100100000101110110111000000000000000000
0001100000000000000000000000000000000000
0100110001110000000000000000000000000000
1000000000000000000000000000000000000000
0101001100000000000000000000000000000000
0010000000000000000001010000000000000000
0000100010000000000000000000000000000000
1111111111101111111111111111111000000000
0000000000000000001100100000000000000000
1100110101000100000100101100100011010100
2
01
00
40
0000000000000000000000000000000000000000
1000000000000000000000000000000000000000
0000000000000000000000000000000000000000
0100000000000000000000000000000000000000
1000000000000000000000000000000000000000
0100100000000000000000000000000000000000
0110010000000000000000000000000000000000
0000000000000000000000000000000000000000
0110000000000000000000000000000000000000
0100000000000000000000000000000000000000
1101100000000000000000000000000000000000
0110000000000000000000000000000000000000
0100000000000000000000000000000000000000
1101000000000000000000000000000000000000
0110101101010100000000000000000000000000
1011100000000000000000000000000000000000
1101111101000100000000000000000000000000
1000101100000000000000000000000000000000
1101110000000000000000000000000000000000
1111111011111110101110000000000000000000
0101111111101111100000000000000000000000
0000101000010000000000000000000000000000
0010000000000000000000000000000000000000
0000000001001000000000000000000000000000
0011001001100000011101000000000000000000
1000000110000000000000000000000000000000
0000000101100100000100000000000000000000
1001100000000000000000000000000000000000
1010010001001011000000000000000000000000
0001000010000000000000000000000000000000
0100010100111110000010000000000000000000
1010110000101000010000000000110000000000
0000010100110000100101000010101110000000
1111111101111110000000000000000000000000
1000100010010001011000000110011000000000
0110100000001011001000000000000000000000
0000010001100000000000000000000000000000
1111111011111111110111100000000000000000
0000011000000001000000000000000000000000
0010100011000000000000000000000000000000
20
00000000000000000000
00000000000000000000
00000000000000000000
00000000000000000000
00000000000000000000
00000000000000000000
00000000000000000000
00000000000000000000
00000000000000000000
00000000000000000000
00000000000000000000
00000000000000000000
00000000000000000000
00000000000000000000
00000000000000000000
00000000000000000000
00000000000000000000
00000000000000000000
00000000000000000000
00000000000000000000
1
1
2
10
01
20
10000000000000000000
01000000000000000000
01100000000000000000
01110000000000000000
00001000000000000000
00010100000000000000
10010010000000000000
00100001000000000000
00011110100000000000
10011110010000000000
01000101001000000000
00010000101100000000
00011000000010000000
11000000011001000000
11111011111101100000
00000100010000010000
00101000100000101000
11111111101111010100
00001000010001001010
00001001000100010101
39
100000000000000000000000000000000000000
010000000000000000000000000000000000000
011000000000000000000000000000000000000
110100000000000000000000000000000000000
110110000000000000000000000000000000000
000001000000000000000000000000000000000
011101100000000000000000000000000000000
000000010000000000000000000000000000000
000001011000000000000000000000000000000
000000000100000000000000000000000000000
100111010110000000000000000000000000000
000100001001000000000000000000000000000
111101011110100000000000000000000000000
111011001100110000000000000000000000000
000000000000001000000000000000000000000
000010100010110100000000000000000000000
011111111110001110000000000000000000000
001010100110010101000000000000000000000
100001111010011110100000000000000000000
111111111011000001110000000000000000000
001000100000000010001000000000000000000
101100110000011100000100000000000000000
000101001111101011000010000000000000000
111010111111111101111011000000000000000
001110001000000001000101100000000000000
101101111011010011101011010000000000000
000000000000101000000000001000000000000
101101000010000100000011011100000000000
011101100001011000000001000110000000000
100011000111011101110101111001000000000
011110111101010110100000011111100000000
111100110111101111111110111001110000000
101111111010000011001110111101111000000
011101011110010001101111101111110100000
111000101010001110111001110011000010000
001000110001100100001000010001101001000
000000000000100000100000000001100000100
110111101100101001111011111011111010110
011110011111001111000101111001111011101
40
1000000000000000000000000000000000000000
0100000000000000000000000000000000000000
1010000000000000000000000000000000000000
0101000000000000000000000000000000000000
1100100000000000000000000000000000000000
0000010000000000000000000000000000000000
1011001000000000000000000000000000000000
1011101100000000000000000000000000000000
1111011110000000000000000000000000000000
1000101011000000000000000000000000000000
1011011111100000000000000000000000000000
0000000000010000000000000000000000000000
0000000001001000000000000000000000000000
1010101001010100000000000000000000000000
1101111100110110000000000000000000000000
0000000110001101000000000000000000000000
1110110001101000100000000000000000000000
1111110111111111110000000000000000000000
0000100001000000001000000000000000000000
0010000011000000000100000000000000000000
1000100000111111000110000000000000000000
1110110101001100000111000000000000000000
1111100111011001111111100000000000000000
1110101010110011011111110000000000000000
1111111111111111011011111000000000000000
0000000000001001000001001100000000000000
1011111011010111111011111110000000000000
0010010100011100000010000101000000000000
0101011111111111111110111111100000000000
0000000000000000000000100000010000000000
1011111111010111111011011111011000000000
0111010101010110000101001000001100000000
0000000000000000000000110000000010000000
0001001010010100001000000000000011000000
0110101011011011001110110111011011100000
1111111011111111111111111111111111010000
0111011000000000000010100010100000001000
0101010111100110100101101001011111101100
1111111111111101111111111111111111111110
1011111000101011001011100110001010010101
22
0111010111111111110000
0000001000000000000000
1010000000000000000000
0111110000000000000000
0100101001010101100000
0100000000000000000000
0001001011000000000000
0000000010011101000000
1011010100111011110100
0001001000110000000000
1011000000000000000000
1010000001001101111000
1100010000000011100101
1100001001101000000000
0011001100010101101110
1000000000000000000000
0100010010010100000000
0000100000000000000000
0000000010000000000000
1000011001101110000000
1110111111100000000000
0000000100000000000000
22
0100000000000000000000
1110001100001100000000
1101100000000000000000
0000001000000000000000
0000010001000000000000
0000111010000010000000
0111001110000000000000
1101000000100100000010
0000010011110111101000
1110001001001000000000
1110010000000000110000
0001110100011000110111
0111000000000000000000
1111111011110000000000
1000000000000000000000
0000001000000000100000
0010000000000000000000
0101111101100000000000
1111010000000000000000
1101101111111111000000
1000000100000000000000
1000000000100000000100
20
00010000000000000000
11000110101111110000
00000001010000001000
11110111111110000000
00010001000000000000
11110100000000000000
11011111111110111100
10111011010000011110
00111101100000000000
00011000000000000000
11101110111010101111
01000000000000000000
11101110101000000000
00101000010000000000
10100000000000000000
01000000100100000000
10000000000000000000
00011010000000000000
11111101110111100000
00000100000001000000
24
111001111001100000000000
100000000000000000000000
111111110101011111111000
000001010000001000000000
111010000000000000000000
000010000001100000100000
100100010000000000000000
000000000000000000000100
001011011111001001000000
010000000010100000110000
001000010010000100000010
100001000000000000000000
111101111110000000000000
001001100100101100000000
101100000000000000000000
000000001000000000000000
001000000010000010101001
001010100011000000000000
000000000000010000000000
010110101001001010000000
010000000000000000000000
110111100000000000000000
001000000000000000000000
001001101100000000000000
22
1000000000000000000000
0100000000000000000000
1000000100001010010010
1111011111111111100000
0100010000000000000000
0111111111001110101000
1111101110000000000000
1111111101101101000000
1011000000100000000000
0000000000001100000000
0000000011010000000000
1011000000000000000000
1110100000000000000000
1100100100001011110000
1110101000000000000000
0101111100000000000000
1000010001000000000000
1010110000001110000000
1110111100111000000000
0000000100000000000100
0000010100000100100001
0010000000000000000000
23
10111100100000000000000
10000001000111000000000
11111110111111111111000
00000000000000010000000
10101011011000001000000
10000100000000000000000
11111101111000000000000
10110000000000000000000
00100000000000000000000
01011010000000000000000
11101111100110000000000
00000000000000000100000
10000000000000000000000
11100000100000100010000
00010000100000000000001
01000000000000000000000
01000000000000000000010
11111001111110010101100
00101010010100000000000
00011000000000000000000
11111101110110100000000
11111111010000000000000
10000101000000000000000
22
1101000000101001000010
0000000000000010000000
1111101101111101000000
0100000000000000000000
1101110111110000000000
0000000010000000000000
1101011111100000000000
0011000110001001001000
0000010000000000000000
1000000000000000000000
0101111111100000101100
0001101000000000110000
1110100000000000000000
0001110100000000000000
0001000100000100000000
0010000000000000000000
0101000000000000000000
0100000000001001000001
0010010001111000000000
1000101000000000000000
0001011111111001100000
0111010101000000000000
20
00000000000010000000
10001010100100001001
00001010000010100000
00000100000000000000
00001000001100000000
10000000000000000100
00000100000000000010
10111110000000000000
01000110001000000000
00100000000000000000
10010101111000111000
01010101110000000000
10010000000000000000
11001000000000000000
01000000000000000000
10000000000000000000
11111110111011110000
00001001100000000000
00100101000000000000
11101001001001000000
20
00100000000000000000
00110110111111101000
00001000000000000000
11011110101111000010
00000110100000000000
10001010101011000000
11111111111001110000
10110001000000000000
00110010000000000000
11110111111011100000
10000000000000000000
00000001010010000000
10100111101000001101
01110010110000000000
10110000000000000000
01110001001000000000
00000000000001000100
10000100000000000000
10111011111100000000
01000000000000000000
20
11100000100001000110
11101111111111111111
01000000000000000000
00010101001110011000
00010000000000000000
00100000000000000000
00000000001000000000
00000000000100000000
00000000000000100000
10011011111111000000
01011111100000000000
00111011000000000000
10111110000000000000
01001101010010000000
00001000000000000000
10000000000000000000
00010000000000110000
01011111101001110100
00000000010000000000
11011100000000000000
40
0001010000000001101001010010000000000000
0100000110001110000000000000000000000000
1101111110110000000000000000000000000000
0001101111101111101111100000000000000000
1000001100010000001000000000000010100000
1111111111110111111111101110111111000000
0110101111010011111000000000000000000000
1111000111111100000000000000000000000000
1111111011111101111101111111011000000000
0100000000000000000000000000000000000000
1111111101111110111111111111101111111111
1110101111101101000111110000000000000000
0010001100000000000000000000000000000000
0111111110011011010000000000000000000000
0111111111010011101111101100000000000000
0000000000000001000000000000000000000000
0000110101111111100000111011111100000000
1000000000010100101010011000010000000000
0000000001000000000000000000000000000000
1000101000100000000000000000000000000000
1010000000000000000000000000000000000000
1111110110110111100101101000000000000000
0000100000000000000000000000000000000000
1010001000000000000000000000000000000000
1111101011101111111111111101111110011100
1101110111111111111111111011111110011010
0011000000000000000000000000000000000000
0110110000000000000000000000000000000000
1001110111110111111001000000000000000000
1010001100101000100001000111010100010000
0000000001100000000000000010100000000000
1000000000000000000000000000000000000000
0000000000000000100000000000000000000000
1111001111111101111010000000000000000000
0000010100111010111100101111000000000000
1111011111101111111111111111111110000000
0111111011011000000000000000000000000000
1110100101100011111100000000000000000000
1110110110000000000000000000000000000000
1111011111101111001111101111111111011000
40
0000000000000010000000000000000000000000
0111000000000000000000000000000000000000
0010000000000000000000000000000000000000
1111101111011100000000000000000000000000
0000100000001010000000010100000000010000
1100001100100101100000000000000000000000
1111111100001111011101111111111101100000
1010111111101111111000000000000000000000
0110010111001000000000000000000000000000
1000000000000000000000000000000000000000
0100000000000000000000000000000000000000
1001100001010000000000000000000000000000
1100100100000000000000000000000000000000
0000000000000000000000110100100000000000
1111110111111101000000000000000000000000
0000100100010101101000100100001111100110
0011011101000000010001001001000000000000
0000000100000000000010000000101000000000
0111101000000000000000000000000000000000
0010010010000000000000000000000000000000
1010111111100110000111101011111111000000
1110101101000000000000000000000000000000
0101000001010000000000100110000000000000
0000010000000000000000000000000000000000
0010000101010100000100000000000100000000
1010010101000010010100000000000000000000
0000010000110101010100010001000000000001
1000010001100000000001001000000000000000
0011010010110010100011100100000000000000
0000000000000000000000000000001000000100
1111100011111101101010000000000000000000
0111101101101001111011100000000000000000
1001011111100000000000000000000000000000
0000100000000000000000000000000000000000
1010100010001111111011110011110000000000
1000101100100111101100111010110010000000
0000000000000000010000000000000000000000
0100000101010001000011110000000000000000
0010011100000100000001000011000000001000
0000000100100110100101000000000000000000
40
0000100000000000100100000000000000000000
1111010110000010110000000000000000000000
0010000000000000000000000000000000000000
1011001111110111110111000000000000000000
0000000000000000000010100000000000000000
1001101101111100000000000000000000000000
0000000000000000010000000001100000000000
0011000000000000000000000000000000000000
0011110001100101101100101000000000000000
1111111111111111011111111111111111110000
1110100000000000000000000000000000000000
1001100100100000000000000000000000000000
0000000100000000000000000000000000000000
1010000011100000000000001100100100000100
0000000010000000100010000001000100000000
0100000000000000000000000000000000000000
0000000010000001101001001000110000000000
1000000010110011010000111001111011001010
1000001000000000000101000100110010000000
0000010010000000000000000000000000000000
0000000000001000000010000000000000000000
0000000001010000000000000000000000000000
0010000110001100001000001000101111000000
0011111111111111010101110000000000000000
0000100100000010000000000000000000000000
0111111111111000000000000000000000000000
0000000000011010100101110010000101001000
1000000000000000000000000000000000000000
1010010000010100011000000000000000000000
1110000101100001111000111100000000000000
0100101010010000100000000000000000000000
1011100101101101111100111111001000000000
0100011000000000000000000000000000000000
0000000000000000000000000010000000000000
1000110000000000000000000000000000000000
1001010000000000010000001000110000001101
0000000000000000000000000000000001100000
0000000000000001000000000000000000000000
0100100000001000000100000001000000000000
1110010101000000000000000000000000000000
2
01
10
20
01111011110111111111
11010111110101111110
00010111000101010100
01100011001100001000
01111000110101110000
00100001000100100000
11111111101111000000
11111101111110000000
00000000000100000000
00101010011000000000
11111101110000000000
00001110100000000000
00011111000000000000
00000110000000000000
01100100000000000000
00001000000000000000
01110000000000000000
00100000000000000000
01000000000000000000
10000000000000000000
39
000000000000000000000000000000100000001
001001101100001100100111100101011011110
111111011110111111011001101110110111100
000001100001000000000000010111000001000
010110100110001110111111001111010110000
000000001000011001001000110000001100000
100011011011011101110011011111111000000
000100000000000000000000000001010000000
111111001111111110110111001001100000000
001001110011111110101111101001000000000
000000000000000000000000001010000000000
110011110011101011010101000100000000000
110111100011111001011110011000000000000
110111111101111111111111110000000000000
101110011001111111111110100000000000000
110010101011110011011111000000000000000
000001010000000000000110000000000000000
011110110001000101000100000000000000000
100000101011101000001000000000000000000
100001101000000101010000000000000000000
000100010000110001100000000000000000000
100100110001001101000000000000000000000
111110111111111110000000000000000000000
101010000001000100000000000000000000000
111111011110111000000000000000000000000
001100010000110000000000000000000000000
111101101010100000000000000000000000000
101001010011000000000000000000000000000
111110111010000000000000000000000000000
011011101100000000000000000000000000000
111110011000000000000000000000000000000
101111110000000000000000000000000000000
011111100000000000000000000000000000000
001111000000000000000000000000000000000
000010000000000000000000000000000000000
010100000000000000000000000000000000000
011000000000000000000000000000000000000
010000000000000000000000000000000000000
100000000000000000000000000000000000000
40
1001000000000000001000011011110001101101
0111110011010011111111011101101111001110
0100000001011100010110111100000001001100
1000110100001000110110100010001101111000
0111111011111011011111101111011111110000
1111101100111110111111111111010111100000
1101111111111111111111111111111111000000
0100111110010101111111010010101110000000
0000001000100100100000010001000100000000
0100000000011100000010000001001000000000
1100000010001010011000101000010000000000
0000100000000100000001000010100000000000
1001100101011111001111001011000000000000
1000000110000000000000000010000000000000
0101000111100011011100011100000000000000
0000100000000000010000001000000000000000
0000010110000000101001110000000000000000
1110111011011111111110100000000000000000
0001000000000010000101000000000000000000
1001000000000000000010000000000000000000
1000100000001000101100000000000000000000
1111101111111111111000000000000000000000
0000000000100000010000000000000000000000
1101111111111110100000000000000000000000
1111111001011011000000000000000000000000
0011000000001010000000000000000000000000
1011011011111100000000000000000000000000
1111011111101000000000000000000000000000
1100101000010000000000000000000000000000
0000011001100000000000000000000000000000
0101011111000000000000000000000000000000
1101000110000000000000000000000000000000
0100101100000000000000000000000000000000
0001001000000000000000000000000000000000
0010010000000000000000000000000000000000
1001100000000000000000000000000000000000
0001000000000000000000000000000000000000
1010000000000000000000000000000000000000
0100000000000000000000000000000000000000
1000000000000000000000000000000000000000
9
100000000
000000100
000000010
010100000
010000000
001011000
000111111
010010000
001000000
9
001010000
010000000
110011001
111101100
100011000
011100000
001000000
100000000
001110000
9
100001100
111010000
100000000
001000000
011100000
001001000
000010001
110000010
100000000
9
101111111
101000000
011100000
010000000
100000000
011000000
010000000
000101000
000000110
9
100000000
000000100
000000000
010100000
010000000
111111011
001000000
010000000
110101000
9
111110111
000000000
100000000
010011010
110110000
011000000
010000000
110111000
111010000
9
101110000
001100000
100011000
101111111
100000000
010011010
001000000
010000000
111110100
9
000000011
000100100
110100000
011100000
010000000
010000000
000110000
100000000
100000000
9
100000000
100000000
011000000
010000000
001010000
000000001
100100000
010000000
100110110
9
001000000
010000000
000000010
101100000
100000000
011101001
011111000
100101100
000000000
9
101000110
101101000
000000000
101000000
000100000
101010000
000000000
110110000
000100000
9
100000000
100101100
001000000
010000000
000000000
010000000
010000000
000000001
100000000
9
010110000
000100000
010000000
011001100
100000000
011000000
011100000
101011000
000001000
9
100110000
110101000
111110111
100000000
001011110
001000000
100000000
101100000
000000000
9
001110001
100000000
100110100
001010000
010000000
000000000
000000000
110100000
000000010
9
100110100
100001000
010000000
110110000
101001101
001000000
000100000
010010010
100000000
9
001010000
100000000
001000000
101100000
111001100
100010010
010000000
010000000
010111000
9
000010000
101000000
010111111
111011100
100000000
100011110
010000000
010100000
010001000
9
101110000
011100100
011110000
100000000
010000000
010000000
011100000
100000000
001000000
9
000011011
011110000
100100000
010000000
100000000
100110100
101000000
011111110
100110000
40
0000000000000000100000000001000000000000
1010100000000000000000000000000000000000
0011100010010010001011100000000000000000
1101101000000000000000000000000000000000
1101011110111111100000000000000000000000
1111101111111110000000000000000000000000
0110010000011000000000000000000000000000
0010001100000000000000000000000000000000
0111111100000000000000000000000000000000
0100000000000000000000000000000000000000
1000000000000000000000000000000000000000
1111100111000000000000000000000000000000
0001010000010101000000000000000000000000
1100010000000000000000000000000000000000
1110011100111101110010110001101110000000
0100000000000000000000000000000000000000
0010000011110100000000000000000000000000
0000000001000000000000000000000000000000
0000000000000000000000000100000000000000
0100000010000000000000000000000000000000
0000000000000100000000000000000000000000
1000000000000000000000000000000000000000
1000000000000000000000000000000000000000
0000000010001000000000000000000000000000
0000100000000000000000000000000000000000
1000000000000000000000000000000000000000
0100100000000000000000000000000000000000
0001000000000000000000000000000000000000
1111011000000000000000000000000000000000
0000010000000000000000000000000000000000
1011000101011001010010100000000000000000
0000000001000000000000000000000000001000
0100000000000000000000000000000000000000
0001001100100111010000101000000000000000
0100000101111101101011000000000000000000
0100000000000000000000000000000000000000
1110001111000011111011001111000000000000
1001100000000000000000000000000000000000
1010000000000000000000000000000000000000
0000100000000000000000000000000000000000
40
0000000010100000000000000000000000000000
0100000000000000000000000000000000000000
0111001010111100111100000000000000000000
1000011110000000000000000000000000000000
1110110111110000000000000000000000000000
0100000000000000000000000000000000000000
1001101111000100111111111110000000000000
0000000100000000000000000000000000000000
1001010001001011000000000000000000000000
0001011010000110000000000000000000000000
0000100000000000000000000000000000000000
1110001100000000000000000000000000000000
0000000001000000000000000000000000000000
1000000000000000000000000000000000000000
1000000000000000000000000000000000000000
0101001000000000000000000000000000000000
0100000011101101010101100000000000000000
1011100101010111100101100110111111011110
0110000000000000000000000000000000000000
0111101101110010000000000000000000000000
1010000000000000000000000000000000000000
0100000000000000000000000000000000000000
0111101110110101001000011100000000000000
1111111100011001010011101101100000000000
0001000000000000011000000000000000000000
1111001110000000000000000000000000000000
0000000100100010100000000000000000000000
1011110011101111010000000000000000000000
1010000000000000000000000000000000000000
1000000000000000000000000000000000000000
1101000000000000000000000000000000000000
1000000000000000000000000000000000000000
1001000110000001100010000000000000000000
1000000000000000000000000000000000000000
1110111000000000000000000000000000000000
0001001000011110010000000000000000000000
1000111100000000000000000000000000000000
1000000110000000010011000000000000000000
0010010000000000000000000000000000000000
1111011111000000000000000000000000000000
40
1011100000000000000000000000000000000000
0100000000000000000000000000000000000000
0000100000000000000000000000000000000000
1110111110001111110011100000000000000000
0001000001000000000000000000000000000000
0110000000000000000000000000000000000000
1101011111011111000000000000000000000000
1000000000000000000000000000000000000000
0000000010001000010000000000000000000000
1110001100000000000000000000000000000000
0000001000000000000000000000000000000000
0111000000000000000000000000000000000000
0100000000000000000000000000000000000000
1011100110100000000000000000000000000000
0001011000000000000000000000000000000000
1111101111010111111111110101111101000000
0111011011100000000000000000000000000000
1011111010111000000000000000000000000000
0101111111011100100000000000000000000000
0000000011111000000000000000000000000000
1101000000000000000000000000000000000000
0110000000000000000000000000000000000000
0111000000000000000000000000000000000000
0100000000000000000000000000000000000000
1011101110101100010001000000000000000000
0001001100000000000000000000000000000000
0111011011000000000000000000000000000000
0110110100000000000000000000000000000000
0011000000000000001010000000000000000000
1111111101111100000000000000000000000000
0110000000000000000000000000000000000000
1000000000000000000000000000000000000000
0100100000000100000000100000000001000000
1110111111000000000000000000000000000000
1111111101010100000000000000000000000000
0100100000000000000000000000000000000000
0101000000000000000000000000000000000000
0100000000000000000000000000000000000000
0001000000000000000000000000000000000000
0001101110000000000000000000000000000000
40
1001000000000000000000000000000000000000
1010101100000000000000000000000000000000
1011010101111011011010000000000000000000
1100100011011001100000000000000000000000
0010110000000000000000000000000000000000
1111011001011000000010100000000000000000
0000010000110100010000110101000000000000
0010100010001100001000001110000000000000
1000000000000000000000000000000000000000
0001000000000000000000000000000000000000
0100000000000000000000000000000000000000
1111100110111101111000000000000000000000
0100011110001111101101000000000000000000
0100000000000000000000000000000000000000
0000010000010000000000000000000000000000
1000000000000000000000000000000000000000
0000000000001000000000000000000000000000
1111101111101000000000000000000000000000
1000000000000000000000000000000000000000
1001011100111010001000000000000000000000
0011101100000000000000000000000000000000
0000000001011000000100100000000100001000
1011000010011010000000011100000000000000
1111110111100000000000000000000000000000
1011100000000000000000000000000000000000
1011111000100001100000000000000000000000
1111011111101101110000000000000000000000
0101000000000000000000000000000000000000
1100010000000000000000000000000000000000
0011101010000000000000000000000000000000
1000000000000000000000000000000000000000
0010000000000000000000000000000000000000
0011110000000000000000000000000000000000
1011110000000100000000000000000000000000
0000000000000000000000000100000000000000
0100000000000000000000000000000000000000
0111111011111111110000000000000000000000
0000000000000000100000000000000000000000
0100100010011010100000100000000000000000
1011111101110110000000000000000000000000
40
0100100000000000000000000000000000000000
0101101110001001011000000000000000000000
1101111110100011011000000000000000000000
0111110100000000000000000000000000000000
1101111100111110001111110000000000000000
1000000000000000000000000000000000000000
0110000000000000000000000000000000000000
1001000000000000000000000000000000000000
0010000000000000000000000000000000000000
1000000000000000000000000000000000000000
1101110000000000000000000000000000000000
0000000000000000001000000000000000000000
1111111111111111101100000000000000000000
0100010101000000000000000000000000000000
0010010100010010111000110000000000000000
1000000000000000000000000000000000000000
1111011011111111110111111111111000000000
0000100000000000000000000000000000000000
0111111111111111110100000000000000000000
1000000000000000000000000000000000000000
1111111111111111110011100110100000000000
1010010100000000000000000000000000000000
1101111000000000000000000000000000000000
1000010000000000000000000000000000000000
0010000000000000000000000000000000000000
0001111100100110100000111011111111100100
1111111111011110000000000000000000000000
0100100000001011010000000000000000000000
1000000000000000000000000000000000000000
1111001100000000000000000000000000000000
1001111000111110000000000000000000000000
0100000000000000000000000000000000000000
0010000000000000000000000000000000000000
1001000100000000000000000000000000000000
0000000010000000000000000000000000000000
1001110110111011110000000000000000000000
1000000000000000000000000000000000000000
1000000000000000000000000000000000000000
1100000000001000110011000100000000100000
0100000000000000000000000000000000000000
40
0010000000000000000000000000000000000000
1101011000000000100000000000000000000000
0100000000000000000000000000000000000000
0100000000000000000000000000000000000000
0111000000000000000000000000000000000000
1011110001101110010010000000000000000000
0000110000000000000000000000000000000000
0000100000000000000000000000000000000000
0011100010000000000000000000000000000000
0101000000000000000000000000000000000000
0100010000100010000000000000000000000000
0010010000000000000000000000000000000000
0010111101000001111000000000000000000000
0011111111000100000000000000000000000000
1111110111000000000000000000000000000000
0000000001000000000000000000000000000000
0100000100011110000100001110100010000000
1101001010000000000000000000000000000000
1110100010000000000000000000000000000000
1000100000000000000000000000000000000000
0111101011111011011111111010001000000000
0100000000000000000000000000000000000000
0110111011011011010101100000000000000000
1111111111011111110000000000000000000000
0100000000000000000000000000000000000000
1000000000000000000000000000000000000000
1011100000000000000000000000000000000000
1101111111111100111111000000000000000000
0001111010110000000000000000000000000000
0000000100000000000000000000000000000000
1110010000000000000000000000000000000000
1111010000000000000000000000000000000000
1010000000000001000010000000000000000000
0000010000000000000000000000000000000000
1000001010000101000000000000000000000000
0100001111010100000000000000000000000000
1000000000000000000000000000000000000000
0100100000000010000000000000000000000000
0111110000010000100000000000000000000000
1000000000000000000000000000000000000000
40
0000111111101100011011010000000000000000
1010110000000000000000000000000000000000
1101101110100010111100010110101100000000
1111111111110010000000000000000000000000
1101001110110000000000000000000000000000
1110011000000000000000000000000000000000
0010100101011011110001000000000000000000
0001110000000000000000000000000000000000
0010000000000000000000000000000000000000
0100000000000000000000000000000000000000
0000100000000000000000000000000000000000
0001000000000000000000000000000000000000
1011110011110000000000000000000000000000
0000001000000000000000000000000000000000
1010011100000000000000000000000000000000
1000100001100010000000000000000000000000
1000000000000000000000000000000000000000
0100000000000000000000000000000000000000
0001001000000001000000000000000000000000
1111111111110111111110110000000000000000
0000001000000000000000000000000000000000
0001000000000100000000000000000000000000
1001011010011110000111101101100111100000
1010000000000000000000000000000000000000
0000001100010011001101000110100000000000
0001110110010101000000000000000000000000
0100000000000000000000000000000000000000
0000000000000000001100000000000000000000
1101101001101010110000000000000000000000
0100000000000000000000000000000000000000
0000010110000101000010100101101000000000
1010000000000000000000000000000000000000
0001000000000000000000000000000000000000
0000000000000011000000000000000000000000
1000000000000000000000000000000000000000
0100100000000000000000000000000000000000
0011010100001100000000000000000000000000
0010000000000000000000000000000000000000
0000001000000000000000000000000000000000
1000000000000000000000000000000000000000
40
1111011111001110111101110101111000000000
1001100000000000000000000000000000000000
0100100000010000000000000000000000000000
1001101000000000000000000000000000000000
0100000000000000000000000000000000000000
1000000000000000000000000000000000000000
0110111100001101010110011100001110000000
1110100010000000000000000000000000000000
1010100100000000000000000000000000000000
1001001011101010101110011011011000000000
0000010000000000000000000000000000000000
0100000000000000000000000000000000000000
1000111101111111011000000000000000000000
0010100000000000000000000000000000000000
0100000000000000000000000000000000000000
0100100110000000000000000000000000000000
1100011101111111111100000000000000000000
0000100000000000100000000000000000000000
1000000000000000000000000000000000000000
0100000000000000000000000000000000000000
0000100000000001100100011000000000000000
1110000110000000000000000000000000000000
0111000000000000000000000000000000000000
1111111010000000000000000000000000000000
0100000000000000000000000000000000000000
0011000000000000000000000000000000000000
0000100000000000000000000000000000000000
1010101111111110111111000000000000000000
1101011111000000000000000000000000000000
0101100100101101100000000000000000000000
1110100111101011110111111011111000000000
0000000010100111001011000010011110000000
1000000000000000000000000000000000000000
1100111010000000000000000000000000000000
0111011111011110000000000000000000000000
1000000000000000000000000000000000000000
1111111101011011111101111110111110000000
1000000000000000000000000000000000000000
1100101110011101101101011000000000000000
0000000000000000000000000100000000000000
40
0000000000010000000000000000000000000000
1000000000000000000000000000000000000000
1101000101100001001111000110100000000000
1000000000000000000000000000000000000000
1110011100000000000000000000000000000000
1000000000000000000000000000000000000000
0110011000000000000000000000000000000000
0110000000000000000000000000000000000000
1101110010011111011001111111111110100000
0111101111010111110000000000000000000000
1000000000000000000000000000000000000000
0111111111111111111111110011111000000000
0011100010111110000000000000000000000000
0011000000000000000000000000000000000000
0100000000000000000000000000000000000000
0100000000000000000000000000000000000000
0000000000000010000000000000000000000000
1001100000000000000000000000000000000000
1100111111000000000000000000000000000000
0100010000000101000000000000000000000000
0100000000000000000000000000000000000000
0000000100100000010000000000000000000000
1111111011001111110000000000000000000000
1000101000110000000000000000000000000000
0000100000000100001000000000110000000000
1101111111111111111110000000000000000000
0010010000010000011000100000000000000000
0010001000000000000000000000000000000000
0101010110001110000000000000000000000000
0111010110000000000000000000000000000000
0000010001000000000000000000000000000000
0010000000000000000000000000000000000000
1111111111111011011011110111111100000000
1001000000000000000000000000000000000000
1101111011010001101110100000000000000000
0100000000000000000000000000000000000000
0001000000000000000000000000000000000000
1111111111101101101111000000000000000000
1111111110111111000000000000000000000000
1101100010010101111000000000000000000000
