60
2
10
11
3
001
100
010
4
1110
1100
1100
1000
1
0
7
1000000
0000000
0000000
1011000
0110000
0010000
1000000
8
00000000
01000000
01000000
01100000
10000000
10101000
00110100
01110000
2
01
10
8
01000000
10000000
00000000
01000000
00000000
10000000
00000000
10000000
4
0000
0000
0000
0000
1
1
2
10
01
4
1000
0100
0010
0101
7
1000000
0100000
1010000
0111000
0001100
0111110
0110111
8
10000000
01000000
10100000
01010000
10111000
10100100
00000010
10010011
8
00000100
00100000
01001000
00010000
10011110
11010011
01000000
10000000
4
0010
1000
1011
0100
4
0110
0001
0100
1000
5
00001
01100
00010
01000
10000
4
1000
0101
0100
0010
6
010000
010100
101111
001000
000010
100000
4
1000
0100
1010
0001
8
00011000
10000000
01100100
01000110
00000001
01110000
01100000
01000000
6
100000
000010
100100
101000
011111
010000
7
0101100
0100000
1011000
0110000
0010011
1100110
1000000
8
10000000
11111001
01011000
11010000
01110100
10100000
01000000
01100010
8
00001100
00000110
00001001
00100000
00010000
11011000
10000000
01000000
8
00000010
00110000
01000000
11110100
10100000
01100001
01111000
10000000
2
01
10
4
1011
0010
0100
1000
7
1110111
0111110
0000100
1001000
0110000
0100000
1000000
8
00000001
01011010
00000100
10001000
11010000
00100000
01000000
10000000
8
00010000
01111000
01000000
11110110
00100000
10100000
10010100
00000000
8
11111011
00011110
10000000
10010000
00010000
10000000
01000000
10100000
8
01000000
00001000
01000000
00000000
01100000
10000000
00100000
01000000
8
10110011
10000000
01000000
00000100
01010000
00001000
10000000
01000110
8
00000001
00001000
10111100
01000000
00110000
10100000
00000000
01100000
8
10010000
00100000
00000010
01000000
10000000
01011001
10000100
00011000
8
01001000
01100000
10000000
01000000
00010000
01000100
01000101
01100010
8
00001000
01000000
10000000
01000000
01100001
10010110
10000000
10100000
8
00001000
00111100
00010101
11010000
01000000
00100010
10000000
00100000
8
01000000
10000011
01000000
01110000
01100000
00001000
00010000
00000000
8
00000100
11101000
10000000
10100000
01000000
00000000
10110000
00010000
8
00000000
10000000
01001000
01100000
11000111
11101110
11100100
10100000
8
01101110
00000001
01101000
00010000
00100000
01101000
10000000
10000000
8
01000000
00000000
10000011
00001000
00010000
11011110
10000100
00100000
8
10000000
00110000
11001011
01000000
11111010
01001000
00000100
00100000
8
10000000
01000000
11110001
00000000
01001110
10100000
10110000
00000000
8
10111000
10111100
00010000
00100000
01000000
10000000
01111100
01000001
8
01110100
00000000
00000000
10000000
01001000
00000101
11010000
01100000
8
01000000
10000000
11001000
11000100
00000010
01100000
01110000
11000111
8
00000000
00110000
01100000
10000000
00001001
00001000
10000100
00100000
8
11111101
10000000
00000100
01000000
01001000
10100000
00010000
01111000
8
10000000
10100010
00100000
10000000
00100000
11101100
00010000
01000000
8
00110000
10000000
10100000
00000000
01101000
00100000
00000001
00101010
8
00000000
00100000
00100010
10110000
11110100
01111000
11011111
00000000
8
11001001
01000000
00001000
00100000
10000000
11010000
11010100
01011010
8
01001010
00001100
10000000
01010000
01000000
00000001
00001000
10100000
8
10000000
01100000
01000111
11010000
00111100
01000000
01000110
00110000
8
00000000
10000000
01100101
00010000
11110100
10011000
10011010
01000000
8
01000000
10001111
01011010
01000000
00010000
10000000
00001000
01000000
