100
2 2 73 100
3 2 245 272 238
4 4 134 75 547 861
12 6 9 10 6 3 6 1 5 0 7 4 6 8
2 1 1 3
60 40 281837844399704 810217235996590 966606367770759 551267246090551 191067091502390 865309927771640 967540250290144 404934137450414 757954402940303 260492310391959 100701208068365 982785476037654 803179469279870 805027827013023 610886973443802 243910876887132 511274721368609 729831748260129 668153201231851 476596954152356 250506341362440 504686855817390 706561409866890 80445818552535 755804204157224 447969571435570 683983931915442 814466863291336 14041700164018 867602775492781 547440911328424 870471232108655 783798589034773 1142819314428 493577866465325 902165950439583 913011053237899 618368996675332 434171835453784 109057845931103 258916750292963 477009776552717 472142715452713 719704686403954 325204362747390 398823542224269 583382039455031 898838287967994 320054604672546 303312726078927 420571580830845 908112885195336 567510740620672 548699303835589 824844977148233 310147569319332 507940642520574 238615928615220 932833824226907 909746255968241
5 4 5 7 3 3 2
58 22 84506197240 762352410 804125 28496 63474894 125 243012785 630908 6589 79666 99085 38417239 5216927389 92355929 949 926497 941358 775446725 9062924 8068240 77347930 10 424 187 661128 8 31480103278 4312016304 174 18999 98431242252 411636 56591935355 14 496990 15692 79152 4481797 9580043 389261899 7104875615 249194 947 11005 11081067227 94626 274472 949521 75476 10969495 75006 563285 829852340 55456 779 449320725 25268558 4496541
23 22 7 364 6 4 5 32 7 5 43 22 4 4 99 4 200 6047 2 10 10 1 10 4 113
29 20 4 1048576 16 4294967296 274877906944 16777216 17179869184 72057594037927936 268435456 281474976710656 67108864 1099511627776 1024 68719476736 4398046511104 4096 17592186044416 65536 64 18014398509481984 70368744177664 256 1073741824 1125899906842624 1 262144 4503599627370496 16384 4194304
6 2 32 8 4 4 4 16
39 21 848975 20099 2685646 14095989 340 82152649 4373 96139 70 294694 689967795 98650566 6269828 797505 3784 689738 62738918 846927 55285 8581 19 8892023 294469 21 831 50012 75 37 40104893 4 2514 100 10952 36 8007331 2 87 2686 61
27 14 66 937 72 148 726 61 23 35 489 265 145 13 359 191 8 521 633 72 942 283 50 320 288 24 527 29 916
12 6 8 3 7 9 5 0 9 0 1 6 9 0
16 8 50680 10 47994 61 3882 6 0 708 21 58822 83 833160 5649 9295 88 644988
60 40 414406396683644 100000000000000000 445352189718830 100000000000000000 100000000000000000 100000000000000000 875423391713018 100000000000000000 100000000000000000 100000000000000000 100000000000000000 100000000000000000 100000000000000000 100000000000000000 568151420910192 100000000000000000 100000000000000000 637399401129300 100000000000000000 100000000000000000 100000000000000000 100000000000000000 239415960185958 192309541244676 100000000000000000 701829623933676 100000000000000000 378648070323094 100000000000000000 715619350301457 100000000000000000 100000000000000000 100000000000000000 100000000000000000 414417988277247 621076845618667 100000000000000000 402267075119079 100000000000000000 100000000000000000 100000000000000000 100000000000000000 100000000000000000 100000000000000000 1524221856720 100000000000000000 418226553292466 650832862263345 46779685956798 100000000000000000 100000000000000000 334401690662501 100000000000000000 100000000000000000 388017235312506 100000000000000000 100000000000000000 100000000000000000 662195888973818 100000000000000000
44 28 50212 2566 10 39383907 75 703454 72237 93399067 307862 6079 4531564 41450 444904 44022693 2 154 4 2508 349681 4243 0 185018 8 15453104 24990 70945617 894213000 798336 73101 94 2 0 2524 4212 1 145401120 89576513 93729 25450 99186939 809775 84532018 973935 36077007
22 17 6 3 3 7 6 10 10 3 0 10 3 5 2 0 4 0 8 2 6 5 6 6
57 56 295643162903 9351 40 93497900900 8435756 6787762004651 35433702747789 68 341327465217 437318634 43878404724 9897547 20503 81520 2 49442142520 3049796 4 95068101280837 621338 82 8609 68449397174817 1975207 62 92 5865 5 63759 21406 85 419485186 69588 455100051987 7315 32365966 926 8359483 79 751945 8927341088 81 20704 7 29584710 453901091 4193 54167895280883 50390713373339 4124031107604 534813264633 85111456 10 10 3429802926 67 649028
60 30 100 100 100 200 400 200 100 100 200 200 200 400 200 400 200 400 400 400 100 200 200 400 400 200 400 400 100 200 100 200 400 400 100 200 100 200 100 400 200 400 400 200 400 100 100 200 100 100 400 400 400 100 100 400 200 100 200 100 100 200
37 25 3 6 9 6 4 4 0 1 4 5 5 4 0 9 1 8 3 5 10 3 9 9 9 0 2 4 10 10 6 7 3 10 9 8 2 1 1
28 16 248 8003 98002 64 70 35 22836 479 2170 1455 9075 93315 62892 1738 51478 1170 617 24794 652 670 3319 9795 614 67856 62072 966 3754 76793
3 1 56 73 1
36 30 7 2 6 6 1 9 6 3 7 8 8 5 1 4 4 0 4 4 4 1 4 5 8 5 10 8 5 1 8 9 6 8 0 1 7 4
57 12 3 0 3 6 3 7 2 7 2 3 1 6 5 9 6 0 5 9 6 4 7 3 0 4 3 8 6 8 1 5 10 7 8 5 4 9 1 0 6 8 5 6 4 7 2 6 7 1 6 3 3 0 9 3 9 7 6
2 2 0 0
57 12 4048602 64572790738 68452034972 2133771523 5223802 961134467 616 9230845313 2429685107 573 89327 45490 75724108157 765748277 6335415892 13416945370 827 659 201 641 677780704 6532936 808 723414 870035683 723927024 92 192051657 4460791 9111 682084537 56498 0 29990309 85 1963915676 715 787046596 177 41622 8988541265 82198 583 2282595 24847 15510743 693 381 8435258144 9295456 2532168 93509 929 67420407839 120 67316290 5944855555
45 40 739241 600675958 833999999 674579805 67334618 32 65969 169927227 88 6166600 82178706595 1822 4188807 8669498 21 7292 62790359 474 64498972 97173718 7015335 658247223 1191 703 5517 3314005228 6812 477175 968689669 3888840 6249037336 64335574 77137760 9513 913492737 369674558 7871 69349 41394 973990135 4391511750 3 40495 6912536752 95346
26 12 6 2 3 10 6 0 8 0 4 3 7 0 1 3 6 1 4 9 8 5 9 9 3 0 10 6
4 2 549 54 114 340
59 6 409 851 729 424 36 464 6387 4092 9310 8527 795 559 13 895 7864 1933 3523 1709 4550 424 731 59 73 422 914 2035 9675 462 3577 88 64769 6962 2895 3767 85027 619 92 58 792 59833 26 335 799 719 868 963 68 630 898 1379 938 6357 820 602 76 7604 375 3000 501
60 40 100000000000000000 180317901529688 39378707084692 101500219374169 22782575668658 646925719835323 961031280239612 100000000000000000 100000000000000000 100000000000000000 100000000000000000 672640563573053 123895164424431 800746590354181 45234067865612 918482061995332 838326565193417 503636505209887 100000000000000000 534197968260724 680589132562257 184971941397438 100000000000000000 100000000000000000 350293967396532 169424606097467 100000000000000000 100000000000000000 21636509855024 391209409322827 100000000000000000 259919889792832 425618831966817 697670640191239 199355790467063 100000000000000000 210576509886646 36392037611485 100921241188966 100000000000000000 370139940335187 634999909911458 220829271316317 988235148722502 575952948031541 936969158644581 26696794662205 100000000000000000 100000000000000000 100000000000000000 100000000000000000 910016014699040 358555301311602 100000000000000000 100000000000000000 980516650647269 606338417754219 731598306225361 100000000000000000 573866036789167
39 3 511 78 1109517 269261386 74 74393 1 914207205 56529 683417483 4025928 6 742846636 704 11 40212 66560 77721 6190023 25 66426 383876 38 14 5186822 38405 784479914 236158122 48 8 46675 49 94248489 51 342264 249769 1303574 7 644
6 6 1 0 1 1 1 1
47 17 4597330 60 403958824 2622 41859 179326 227809024 268074 80906 165 177781727 7886689661 60911899348 819334 8644882914 285669527 51 770863705318 8627767734 253498842735 9592750202 577240122869 63 13648048 96891073 32 689872825 2190475189 97977491 2442281 159159575 167346349 6588861 668574288 18 58 21 206929 405045733 149714 871005362 4 2712493778 121857885 425179019 99598091 841169320
60 40 100000000000000000 100000000000000000 100000000000000000 883875154248701 157686572122311 100000000000000000 494582670375287 100000000000000000 100000000000000000 100000000000000000 100000000000000000 312058246416873 100000000000000000 100000000000000000 100000000000000000 100000000000000000 259226923447223 100000000000000000 100000000000000000 100000000000000000 100000000000000000 100000000000000000 487265601069032 100000000000000000 100000000000000000 100000000000000000 100000000000000000 100000000000000000 100000000000000000 100000000000000000 100000000000000000 100000000000000000 100000000000000000 100000000000000000 100000000000000000 100000000000000000 100000000000000000 527573130167615 561404925614427 100000000000000000 100000000000000000 100000000000000000 100000000000000000 100000000000000000 100000000000000000 100000000000000000 100000000000000000 100000000000000000 466892235352524 100000000000000000 100000000000000000 100000000000000000 100000000000000000 100000000000000000 100000000000000000 755484767258683 100000000000000000 100000000000000000 100000000000000000 100000000000000000
51 5 1 562720719 85138 338 272 8 589911306 876075304 735 4892 3 5908792 2 38377235 9051 19148205 560 473757066 792 138664 87 433490238 3 626 5 1318 97027577 923637 519191144 80718 4141 3295 845 9329492 959496 6 37622004 713541439 0 596078565 10 421179 331 9 7 336946541 863611 404 929191 47836775 6090
39 10 115038 558 6840124 4 95 37448 4523 841 513115580 888820 122701288 0 630329242 70463335 3 4 602473715 10325 589015323 4 8294682 256491852 6165138 56071800 425462273 10 559747456 852926089 301 2458346 9 23 70 724718 1657156 931 463115757 93754 46122
51 16 91 471 257 88 93 10 1 37 37 2 78 16 32 82 28 100 59 64 109 951 709 23 5 58 57 59 80 71 107 5 15 69 52 14 4 6 27 52 47 42 65 63 15 132 66 44 24 39 60 77 14
60 54 1 34382 7 4342 4 219 6766 34853 3 33874 479 757 507 41 99516 27 54 69369 5 1 80308 59 34732 4298 82450 9622 13 89 0 8852 33158 278 52023 41765 58620 513 729 4 8 49 824 63 70739 74530 2195 258 20 627 82822 16142 52070 26917 85227 971 39903 745 15 239 27199 9
16 5 21 88 54 6 67 69 77 8 7 31 10 44 7 5 99 5
17 1 20 84 64 44 88 43 10 80 77 79 1 3 2 63 71 69 69
46 21 91193062526493913 473370402760 85183100604952732 305 8190067 68642 11239103583 51098074764817629 4260 7094087765376373 804390298000108 49 4 722543 57 89343510 9929517886103 919283 77382 635915706508 8591756087 703294 93 46255676902641 699 291059519145354 19026125615134559 897675314150206 4156 938262269 937126844216 293775 60059905909832625 9229 242838689957985 204790798 246500144 58084938159408 889 99642 966519260467 71845672 76266812092527585 95 95917152061 3070
60 40 923381015946281 757603921966437 811628708507879 660245378622389 949764873232121 391296050234625 596286861583106 100000000000000000 100000000000000000 845077575671516 275634121312127 898173121357879 450563106631155 793325084130225 612773179868607 603185627961383 290329502402758 630147340411473 996257839353573 849485965186368 384901145972660 476530992009381 100000000000000000 100000000000000000 705283399854407 794582971710576 923082439820177 220460536867828 656659388989629 100000000000000000 486444201969167 100000000000000000 731489220790848 916941217947457 540599924948054 876770370822775 587617064175437 842460223140183 100000000000000000 189391328554356 100000000000000000 612783105040712 444989026275516 100000000000000000 100000000000000000 243035622061856 89824361195593 540283606970324 186729528255555 82372988196647 579695010745606 146358488912304 895038967426676 117134293208518 589801183531160 100607520216096 575651014164889 963838545973801 815913096533660 332536149219655
28 12 9247100 6028626247 431636502 547967 33 416 8 406492 218494 67349 20590764062 34 641027286 54 13022502 8004504478 34537429348 34 74 97471971958 240711 391 576826368 6 516 12 5353 16793
34 24 77855 280 28969 4 0 4 29225 16355 57398 707 120 7 40 33989 1 678 526 24904 2526 55 2 63460 5954 232 396 591063 77 4 7552 79224 53138 697032 70 62881
54 6 72 3 172 73 28 63 115 54 32 3 24 3 37 78 47 82 775 82 51 14 770 818 7 490 90 15 557 46 93 20 55 65 42 78 56 251 88 50 243 3320 22 136 814 693 986 37 51 143 125 29 43 9664 794 88
36 23 38281 75838 74 18 294858 1 7 414904 342251 329692 6 316408 53016 53 3 76593 870099 22 49 66 89486 9 63410 32 90740 2 8712 885949 36816 534215 931192 739 39214 736846 61 1
39 15 1736 9209 5 3633 3930 7 5 4 164 6995 89742 8 3104 925970 9 647643 5 142 3528 5 5056 2 9060 201 9285 73 2563 90 9406 1844 331743 5821 46 6581 3604 502463 8 9396 10
29 6 77501 93124 508978 86407 6561818 265 953 14 231629 705 5002530 68 381162 13681 55828 86 226650 7785561 9753 311495 49035 8119 742388 87471 495630 880475 384340 226257 110
6 6 5 10 10 4 3 1
60 50 100000000000000000 100000000000000000 100000000000000000 100000000000000000 100000000000000000 100000000000000000 100000000000000000 100000000000000000 100000000000000000 100000000000000000 100000000000000000 100000000000000000 100000000000000000 100000000000000000 100000000000000000 100000000000000000 100000000000000000 100000000000000000 100000000000000000 100000000000000000 100000000000000000 100000000000000000 100000000000000000 100000000000000000 100000000000000000 100000000000000000 100000000000000000 100000000000000000 100000000000000000 100000000000000000 100000000000000000 100000000000000000 100000000000000000 100000000000000000 100000000000000000 100000000000000000 100000000000000000 100000000000000000 100000000000000000 100000000000000000 100000000000000000 100000000000000000 100000000000000000 100000000000000000 100000000000000000 100000000000000000 100000000000000000 100000000000000000 100000000000000000 100000000000000000 100000000000000000 100000000000000000 100000000000000000 100000000000000000 100000000000000000 100000000000000000 100000000000000000 100000000000000000 100000000000000000 100000000000000000
57 2 536870912 2251799813685248 8589934592 9007199254740992 32 4194304 33554432 562949953421312 4096 2097152 524288 4294967296 281474976710656 512 8796093022208 17592186044416 16 32768 131072 2048 16384 1024 65536 2147483648 4 8 36028797018963968 140737488355328 2199023255552 4 8192 8388608 67108864 64 549755813888 268435456 4503599627370496 137438953472 1099511627776 256 1048576 128 4 72057594037927936 4398046511104 134217728 262144 17179869184 274877906944 34359738368 18014398509481984 68719476736 70368744177664 1073741824 1125899906842624 35184372088832 16777216
24 9 3 9 94 5 96 10 4 8 1 11 10 8 6 69 16 7 3 5 984 38 31 3 8 5
52 43 5 206 4 178 8 2 249 704 257712627 666 5 6 886875033 7282972 4 8300157 163 9751232 9 151700084 5271892 7 986 992 2 5 722086001 0 10 345266 17066765 610 304 35594173 821 9415549 31103 62517 475 9168 41 238669 543905178 8574 8553357 10 6123364507 321 7 73 2239486 84
44 41 9126 6806711 630148 47277739 510213312 10113143 67703997 4 6190204 69 98919 231720 56775 4553793491 19 3541 877934655 7676953894 73963819 989188463 75975 20439783 16068 8028043 5 20 5673654 4195 8915075 732638256 6658551 6146418 2688 166 85742891 74057900 4892812943 4190 78445 3 75638 43516151 3822215 23153
49 43 52087 8 34705 708628841 3285207100 100 42004 99 1795868490 979 239706083 7347509912 9762294577 0 640141 8466956912 4265353235 813 3755713463 4120294 40663 6388785175 8540 874 981914071 4790865191 994003382 712358 6115615654 15102317 4530 33825597 53 119 68 938439 393807951782 78962316 5871255 21 701325 4740046511 394791983 558356 293407001 27841 9196888445 8614 537929
18 3 83 6056 3 10 3 216 811 96 986 4877 9 8 794 2601 4936 41 8741 570
15 4 74 47 20 4 35 13 8 1 5 81 5 37 14 50 48
40 39 1513677 28709 9168874081 5 673544 77641990 4445796041 303 10529282 88127662 470329 8 25 9117833182 5552 7 682529619 6410 6 46718841 9867060 8 6117709 1891274678 18 5 7 417866 2 4 810 788566492 34666798 863326 33786538 860 5190073092 9 6810064464 61740042
32 12 328813 4496 62405 422653 6278 22 531337 540 343 5 408934 216524 260 26 41939 747309 727 732435 3110 96 305 65388 358035 868854 151 726 71 79 66 686647 31 409284
37 17 8573 38500 57 688 6010 22150 34867 571 3417 587 26 97 4996 45 63 96817 996 589 3310 3101 810 74 68500 76 5762 5168 866 7843 57 47576 937 67 4468 9450 62 61 71
23 4 35 93585 99 50704 66596 15 539869 8006 959 278 9 58 5461 51 9739 184 628 21 46 6 66 44449 52
4 3 4 1 10 10
38 28 399394 81 9555468 412421 8368295 10 985060 892053 42 78 2527155 75 9 74 3 1454052 89934 69 93 10 3851 8198 5765512 785 27610 69 703350 1385 78 148 765 1271138 39204 6 98625 8860 72 509
32 14 85927994 623185 66908089 1491 7879 71440 47899242 13088408 49018411 4491778 1145 1746770 83232537 432 97992012 476622 3 1304 2 9928 64933162 43000814 91 649 224742534 424315 60856760 1 9 5 374 30557636
21 3 11 87 17 51 68 92 55 75 23 34 72 33 34 82 89 88 100 69 7 86 43
1 1 8
35 1 2796 453 69733741 70053663 80 5921 306717778 43 674 87236958 62 2462484 2285113 2 407 13 12158 80879555 8 239106 639975271 621 604739 488032 9981878 9342156 204105 54939980 631 802947063 666203458 25632978 755 421 901
32 27 4 2 2 0 7 6 4 6 64 9 8 2 44 86 4 7 0 56 4 62 10 15 1 8 9 14 75 1 7 3 3 8
55 32 38158078 925809284 6 10 85461 9480 2425 5 4 15 7 90 790783319 5810 9137844 91263671 7107 4502 3433 174 74 7 7938 865275093 6714 3620 991387038 61 769474795 7639005 698 5 91830547 97 8 835215 684 7088 3173834 24198 2424233 843108757 3348 667813065 5883 6288085 3 9251 9024 536382819 286 1969925 46083923 7230 496391060
28 21 35 2 3 1 10 5 37 54 7 27 3 5 6 86 2 53 29 53 14 8 8 3 6 6 1 11 10 99
46 29 27131 5 1978 789 6994135 2260 969035159 316605647 5312 188745462 14343000 9423 41064273 22831 30349 2708519 3755671688 3 1 85252587601 7 231442659 5378221 9084773113 9 219988343 7364884 1261964 974065 6 1284 9 10 730 552370693 5881 9088 127156527 272157038 8664810 870388 57748242 898213 56 733998182 91792345729
19 10 5 2 0 96 4 0 6 10 5 5 6 8 84 96 0 1 4 8 90
48 32 19 93 6142 69322 6 2113 848 525 919 60156 78 75146 747 719 19 5767 839 2 93197 335 6894 104 495 160 848 109 31 309 765 45 3534 6658 223 905 57 72150 163 589 47 676 5 130 3214 394 741 254 126 9
60 30 400 1600 1600 3200 200 100 200 200 400 1600 400 3200 100 200 800 800 1600 3200 100 1600 400 800 400 1600 1600 200 100 200 800 100 3200 800 1600 400 1600 100 100 200 3200 400 200 800 3200 200 200 3200 100 1600 800 100 800 3200 400 800 400 3200 3200 100 800 400
6 5 10 10 9 10 0 10
2 2 3 2
41 34 3 3 4 58 3 7 83 15 10 77 68 1 59 3 30 5 1 6 69 10 89 2 94 49 7 5 84 76 3 5 5 9 53 11 97 35 10 35 96 0 4
55 22 59297 4 252384 4241522 91949223752 1 104748 28183604 65726993035762 87 34710 10 3 91 260660 7 270 5547100 59259341 565774 386473371 207186381060 5 42185876 4 2 1140654802554 1374263560274 69464940314 43524086623623 88789509 399017733 20781110883 833492479 64246400859 713279599 2093 4103445915 21538378233418 185723 20 8012678 9340074041904 413661 595773 516351563 5538214609 87047659 9 3 944614 10 3176177 8 15025674
12 1 9425 272 2334 1120 55 315 1 5 1 2 573 95
42 32 447 2201 63187943 2095913281288 29 95646835 97067579336 443525253991 8069 33950373983 1877850356496 92139191346 882832185072 94004 58096014 100 168 6546275765 322928976535 35307108 26587204 70411682 461 78667934558 22 23403 4 70 186756 61077988 162857542 4979 6726678813176 92975985 524 6380736 9104 898 28442399 70492371 7894 325143465813
32 15 4 61 95 88 0 40 7 869 50 99 14882 2 33059 1 2 85 4 90 14 34 3 2251 6 92 15 4 7 1528 38 25 72 67
10 1 98 38 979 442 512 866 10 92 88 100
21 8 6 95 14 2 4 56 1 41 8 80 86 95 0 1 2 7 8 7 98 4 6
45 15 73 809 490013 32788470660885 510474517876123 4 60466990 2528639742728 2336031747847 736083433 460 2868310479973 8948425955045247 831799886388 248773695 67488210437 395580851698243 3935 75483 76544 8710927 98900766 118730236 80974882852658 5181532972121 5410757 814 5570541 859095820 2387643577769289 3720050554549168 29664125 26098797 34 4239073508404729 4209780125124445 3195970 66060845764 91924 6451969614 7714 468636053319437 73728336815 7 741921556
46 13 352320 802404287 3876588498 64 7675507 201 19200 701 35498029 1233656259 45867 4 6416 543443 560 9002 7164 56273574 833510 45655 333666 79987 41222669 75646770 95 62039 3578836 259 4 0 476486 987247 75 999 118846 343383 193343 1770868778 75769 4 774218 389515 59 22725 386 13
60 1 100000000000000000 100000000000000000 100000000000000000 100000000000000000 100000000000000000 100000000000000000 100000000000000000 100000000000000000 100000000000000000 100000000000000000 100000000000000000 100000000000000000 100000000000000000 100000000000000000 100000000000000000 100000000000000000 100000000000000000 100000000000000000 100000000000000000 100000000000000000 100000000000000000 100000000000000000 100000000000000000 100000000000000000 100000000000000000 100000000000000000 100000000000000000 100000000000000000 100000000000000000 100000000000000000 100000000000000000 100000000000000000 100000000000000000 100000000000000000 100000000000000000 100000000000000000 100000000000000000 100000000000000000 100000000000000000 100000000000000000 100000000000000000 100000000000000000 100000000000000000 100000000000000000 100000000000000000 100000000000000000 100000000000000000 100000000000000000 100000000000000000 100000000000000000 100000000000000000 100000000000000000 100000000000000000 100000000000000000 100000000000000000 100000000000000000 100000000000000000 100000000000000000 100000000000000000 100000000000000000
9 7 2 8671 30 4 7 7 5 89 527
60 17 2465336 559972451 943615632 59715 639 41 96156532873867 232633433 34 3 22130849 27578846353803 8250361300544 174 7950123378 2479532474 0 7085 308297 383701 417370222 41860 15194 85961152112 9367889 6923 980 4042167 437 74569644328853 21248952586 904144 871 25039950 980 35729992 525484 14529799 7219422569 374471 72619578299400 231012 16780982450 49318233954 581420337 70916931 11 15771502693021 317 25347 2993868649 34529326604185 98 8474076853 61 10 41 31 80857 44881
6 5 64 1000 256 16 1 4
25 9 48829 3662 1 7 2 2 74 2 1 3 9397 4 10 5 14034 5630 89094 2 5 0 9 747 1 22378 44399
10 1 10 69 59 37 2 1 7 10 10 82
9 3 81 6205 7327 168 2 1500 788 9277 2524
2 1 2 4
26 8 253 989 2342 7714 36368 300 6784 171 0 90106 8909 4080 5669 68 6191 861 5467 823 1979 73381 6430 8220 7 7 3294 90075
4 2 3 3 3 10
60 40 100000000000000000 100000000000000000 352225561515507 100000000000000000 100000000000000000 359201197253746 100000000000000000 100000000000000000 174819484451441 569112739524280 100000000000000000 966548903043184 100000000000000000 100000000000000000 837661174368979 560600218853524 596791393469411 100000000000000000 58050943826498 100000000000000000 100000000000000000 471625415096288 100000000000000000 100000000000000000 100000000000000000 342312541078584 45696493568416 250932664822137 100000000000000000 100000000000000000 633747852249253 100000000000000000 311446001000207 100000000000000000 12436318829314 357151682590263 335916554473460 100000000000000000 442314033699079 280883164218348 100000000000000000 100000000000000000 250687339285111 100000000000000000 100000000000000000 287877914856400 100000000000000000 240130407826354 100000000000000000 953129339827799 100000000000000000 100000000000000000 100000000000000000 508600130062633 676201784299379 409905395657555 741574377410664 845424593701617 100000000000000000 946905835657892
27 15 8385 93 8135 47967 929 71 73640 7 8808 3129 76314 5 6098 453 531 993 567 386 53494 127 4059 2 462 23541 53 1910 67188
19 18 0 90 379 250 26 9 678 836 233 6606 48162 2849 157 9 47 104 738 264 465
