100
2 2 73 100
3 2 245 272 238
5 1 2 7 10 5 4
1 1 10
6 1 0 9 1 6 3 3
6 5 0 10 10 10 10 9
2 1 9 10
6 4 1000 5 3 6 9 5
4 3 8 40 844 3
4 3 8 1 4 4
5 4 8 9 6 1 7
2 2 0 0
3 3 25 85 0
4 3 2 8 8 6
6 5 55 720 26 92 43 48
3 3 1 0 0
3 1 5 6 3
3 3 3 3 10
4 1 7 73 8 76
6 3 10 10 0 8 7 8
3 3 6 16 29
2 2 0 8
1 1 8
5 3 6 8 6 51 0
3 2 6 0 30
5 3 95 4 93 49 57
6 4 76 15 44 7 7 49
4 3 4 4 4 1
2 2 260 42
2 1 2 2
1 1 4
1 1 4
1 1 5
1 1 10
5 4 10 7 7 0 0
3 2 1 5 5
6 4 8 4 4 8 5 2
6 6 7 5 15 6 7 7
4 3 38 24 7 19
6 4 9 1000 1000 1000 3 1000
3 1 84 91 34
2 2 3 3
2 1 5 2
3 2 10 6 10
3 3 7 8 0
6 2 16 32 4 8 4 4
2 2 55 55
5 3 6 61 6 6 2
3 3 10 8 4
6 5 1000 1000 1000 1000 1000 1000
3 1 5 9 4
6 3 1 9 4 4 4 1
3 3 52 28 35
1 1 2
3 1 0 2 68
2 2 8 8
5 4 32 3 10 32 89
2 2 9 0
1 1 5
4 2 4 9 10 9
6 4 6 1000 3 2 8 1000
1 1 9
2 2 10 5
6 4 8 1000 1000 1000 1000 1000
2 2 5 1
1 1 7
2 2 2 1
4 3 4 4 10 7
6 5 4 64 16 256 1 1000
6 4 5 5 7 0 4 8
3 3 87 24 49
2 1 2 3
3 2 1 6 3
6 2 87 91 3 398 42 68
6 1 1000 1000 1000 1000 1000 1000
6 4 10 10 1000 1000 1000 8
5 4 5 0 4 4 6
3 2 2 18 7
6 2 10 9 1 68 34 60
1 1 57
5 2 98 6 13 1 6
5 2 4 9 10 8 10
6 6 864 8 418 28 5 64
5 5 6 4 1 10 1
1 1 27
3 1 6 9 3
2 2 9 5
6 1 0 1 5 10 9 10
6 3 100 100 400 200 200 400
6 6 1 1 1 1 0 1
2 1 83 9
5 4 12 71 68 23 28
5 2 47 32 48 67 6
4 1 2 0 3 8
3 3 6 1 6
6 4 124 3 58 37 64 961
5 2 2 10 2 0 64
2 2 6 3
6 2 1 4 9 10 4 10
4 1 7 9 7 5
