200
1
2 1
2
1 4 3 2
3
7 8 5 6 1 2 4 3
2
4 3 2 1
1
2 1
4
1 2 3 10 13 14 15 16 9 4 11 12 5 6 7 8
4
9 10 5 12 1 2 15 16 13 14 3 4 11 6 7 8
2
3 4 1 2
2
2 1 3 4
4
1 2 3 4 13 14 7 8 9 10 11 12 5 6 15 16
1
1 2
4
1 2 3 4 13 14 15 16 9 10 11 8 5 6 7 12
4
1 2 3 4 13 14 15 16 9 6 11 12 5 10 7 8
4
7 8 11 12 5 6 9 10 1 2 3 4 13 14 15 16
4
9 10 11 12 13 14 15 16 1 2 3 4 5 6 7 8
4
13 14 7 8 5 11 15 16 9 10 6 12 1 2 3 4
4
3 4 11 12 5 6 7 8 1 10 9 2 13 14 15 16
4
14 3 13 15 4 12 16 9 2 8 5 10 1 7 6 11
1
1 2
2
3 2 1 4
4
4 2 3 1 13 14 15 16 9 10 5 6 11 12 7 8
2
1 4 3 2
2
1 2 4 3
2
3 2 1 4
2
1 3 2 4
3
2 6 7 8 3 4 1 5
4
1 2 3 4 5 6 7 8 9 10 15 16 13 14 11 12
1
2 1
4
15 11 14 13 2 6 4 7 8 5 3 9 10 12 1 16
3
3 1 2 4 7 6 5 8
4
9 1 11 12 13 14 15 16 5 6 7 8 10 2 3 4
4
1 8 3 4 13 14 15 16 9 10 11 12 5 6 7 2
4
1 2 11 12 14 13 15 16 9 10 3 4 5 6 7 8
1
2 1
3
5 6 7 3 8 4 1 2
4
5 6 7 8 13 16 3 4 9 10 11 12 15 14 1 2
4
9 10 11 3 5 6 7 8 1 2 12 4 13 14 15 16
4
1 2 3 4 5 6 7 8 9 10 11 12 13 16 15 14
4
1 2 3 4 5 6 16 15 9 10 11 12 13 14 8 7
4
9 10 5 4 1 2 3 6 13 14 15 16 11 12 7 8
3
6 1 8 7 3 4 2 5
3
3 4 7 8 1 2 6 5
3
1 2 8 7 5 6 3 4
3
6 8 5 7 4 3 2 1
4
1 2 3 4 5 6 7 8 9 10 11 12 13 14 15 16
3
1 2 7 8 6 5 3 4
4
9 10 11 13 12 14 15 16 5 6 7 8 1 2 3 4
4
1 2 3 12 5 6 7 8 9 10 11 4 13 14 15 16
4
1 2 3 4 13 14 15 16 9 10 11 12 5 8 7 6
4
1 14 3 4 13 2 15 16 9 10 11 12 5 6 7 8
3
7 8 5 4 3 6 1 2
4
5 6 7 8 13 14 15 10 1 2 3 4 9 16 11 12
4
1 2 3 4 5 6 7 8 9 10 11 12 13 14 15 16
2
3 4 1 2
4
1 2 3 4 5 6 7 8 13 14 15 16 9 10 11 12
4
9 10 13 14 11 12 15 5 1 2 3 4 16 6 7 8
1
2 1
4
1 2 3 4 13 14 15 16 9 8 11 12 5 6 7 10
3
1 7 5 6 3 4 2 8
1
2 1
1
2 1
4
1 2 3 4 9 10 15 16 13 14 11 12 5 6 7 8
3
1 2 7 8 5 6 3 4
4
15 16 11 12 13 14 9 10 1 2 3 4 5 6 7 8
1
1 2
2
2 4 1 3
4
5 10 11 12 13 14 15 16 7 8 3 4 9 6 1 2
4
2 1 9 10 13 14 15 16 3 4 11 12 5 6 7 8
2
4 3 1 2
3
6 4 7 8 1 2 5 3
1
2 1
3
2 6 7 8 1 5 3 4
2
3 4 1 2
2
3 4 1 2
2
3 4 1 2
4
14 5 6 2 1 9 7 12 16 8 15 4 10 11 13 3
1
2 1
2
1 4 3 2
4
1 2 3 4 5 6 7 8 9 10 11 12 13 14 15 16
2
3 4 2 1
3
7 1 5 6 8 2 3 4
2
1 2 4 3
4
9 10 13 14 11 12 15 16 5 6 7 8 1 2 3 4
4
1 2 3 5 4 6 16 8 9 10 11 12 13 14 15 7
4
1 2 3 4 13 14 15 16 9 10 11 8 5 6 7 12
4
1 14 3 4 13 2 15 16 9 10 11 12 5 6 7 8
3
5 6 8 7 1 2 3 4
3
7 8 5 6 2 1 3 4
2
4 1 3 2
1
2 1
4
1 6 3 4 13 14 15 16 9 10 11 12 5 2 7 8
4
1 2 3 4 13 14 15 16 9 10 11 5 7 8 12 6
1
1 2
4
9 10 5 6 11 12 13 8 1 2 3 4 7 14 15 16
4
9 10 11 12 5 6 4 8 1 2 3 7 13 14 15 16
2
3 2 1 4
4
9 10 5 6 13 14 15 16 1 2 3 4 11 12 7 8
3
5 6 7 8 1 4 3 2
2
2 4 1 3
3
1 2 7 3 5 6 8 4
4
1 2 3 4 5 6 7 8 9 10 11 12 13 14 15 16
4
1 2 8 4 9 10 15 16 13 14 11 12 5 6 7 3
2
3 1 4 2
4
1 2 3 13 4 14 15 16 9 10 11 12 5 6 7 8
1
2 1
1
2 1
3
7 8 5 6 2 1 3 4
3
7 5 8 6 1 2 3 4
4
1 2 3 12 13 14 15 16 9 10 11 4 5 6 7 8
2
1 4 3 2
4
15 16 3 1 10 12 13 8 6 14 11 5 7 9 2 4
3
1 2 3 4 5 6 7 8
2
1 4 3 2
4
1 4 11 12 13 14 15 16 9 10 3 2 5 6 7 8
4
4 15 7 1 9 14 16 2 8 12 10 3 13 11 6 5
4
1 2 3 4 13 10 15 16 9 14 11 12 5 6 7 8
1
2 1
2
4 3 1 2
2
3 2 1 4
4
1 16 3 4 13 14 15 2 9 10 11 12 5 6 7 8
4
14 2 8 5 7 3 15 6 1 13 11 10 12 9 16 4
4
1 2 3 4 13 14 15 10 9 16 11 12 5 6 7 8
4
1 4 3 2 13 14 15 16 9 10 11 12 5 6 7 8
4
11 15 7 2 12 3 9 1 14 8 6 13 4 10 5 16
1
2 1
2
3 2 4 1
4
6 5 12 8 7 14 4 2 1 9 16 15 13 3 10 11
4
5 6 9 4 13 14 15 16 1 2 7 8 3 10 11 12
2
3 4 2 1
4
1 2 3 8 13 14 15 16 9 10 11 12 5 6 7 4
2
3 1 4 2
3
5 6 7 4 3 8 1 2
4
1 10 11 12 9 2 3 4 13 14 5 6 15 16 7 8
3
5 6 3 4 1 2 7 8
4
9 10 11 12 7 8 15 5 1 2 3 4 16 6 13 14
4
9 10 11 12 13 14 15 16 1 7 3 4 5 6 2 8
2
4 3 1 2
3
5 6 3 4 1 2 7 8
2
1 4 3 2
3
3 2 7 1 6 4 8 5
4
5 6 7 8 13 14 15 16 9 10 11 12 1 2 3 4
3
1 2 5 4 3 6 7 8
4
13 2 5 6 1 14 15 16 9 10 11 12 3 4 7 8
3
4 2 6 7 8 1 3 5
2
3 4 1 2
2
3 4 1 2
4
1 8 3 4 13 14 15 16 9 10 11 12 5 6 7 2
2
1 4 3 2
1
1 2
2
4 3 1 2
1
1 2
4
13 14 15 16 9 8 11 12 1 2 3 4 5 6 7 10
1
2 1
4
1 2 3 4 13 12 15 16 9 10 11 14 5 6 7 8
2
1 4 3 2
4
14 16 4 15 1 9 10 8 13 12 7 5 2 11 6 3
4
1 2 3 4 13 14 15 8 9 10 11 12 5 6 7 16
2
4 2 3 1
4
11 10 9 12 5 6 15 16 1 2 3 4 13 14 7 8
2
3 4 2 1
4
9 10 11 12 7 8 15 16 5 6 13 14 1 2 3 4
1
2 1
2
1 4 3 2
3
5 8 7 6 1 2 3 4
4
4 8 12 7 13 9 15 5 1 10 2 14 11 3 16 6
1
1 2
4
1 2 3 10 13 14 15 16 9 4 11 12 5 6 7 8
1
2 1
3
2 8 4 7 1 5 3 6
1
1 2
1
2 1
4
11 10 9 12 13 14 15 16 5 6 7 8 3 4 1 2
3
3 4 7 8 1 2 5 6
2
4 1 3 2
2
3 2 1 4
2
1 2 4 3
4
13 2 11 12 1 14 15 16 9 10 3 4 5 6 7 8
3
1 2 7 8 5 6 3 4
3
4 6 2 3 7 5 8 1
1
1 2
4
13 14 5 6 9 10 11 12 1 2 3 4 15 16 7 8
2
3 4 1 2
2
1 2 3 4
2
1 4 3 2
1
2 1
1
2 1
3
7 6 4 5 1 8 2 3
1
2 1
4
9 10 13 12 5 6 7 8 3 4 1 2 11 14 15 16
4
9 10 11 12 1 2 3 4 13 14 15 16 5 6 7 8
1
2 1
4
1 2 3 4 5 6 7 8 9 10 11 12 13 14 15 16
2
2 3 4 1
1
2 1
2
2 4 1 3
4
1 2 3 4 13 10 15 16 9 14 11 12 5 6 7 8
4
13 14 15 16 4 10 11 12 5 6 3 9 1 2 7 8
2
3 4 1 2
2
3 4 1 2
3
3 4 1 2 5 8 7 6
