81
6
26 35 42 47 50 56
303
33
6 33 42 56 69 95 97 114 130 134 152 156 160 162 170 171 175 181 182 191 198 202 203 220 225 228 231 248 257 270 274 283 288
237
14
11 21 26 54 64 75 77 81 91 165 171 185 226 227
530
46
3 23 31 48 69 75 78 89 105 111 122 132 146 157 169 187 210 217 220 225 228 238 267 284 292 298 301 304 316 317 322 326 328 340 356 364 375 379 392 426 449 477 488 489 502 529
284
18
67 69 83 96 98 107 113 124 133 169 182 196 217 228 245 259 260 274
613
6
30 204 394 424 457 496
446
14
48 59 73 117 230 305 307 314 323 349 364 370 372 440
46
15
3 7 9 12 13 15 18 19 21 22 24 27 36 44 45
860
2
350 637
995
3
220 636 822
945
1
2
81
17
10 15 18 26 27 32 33 37 39 42 43 67 68 69 75 76 80
634
12
80 86 106 126 191 252 301 414 530 537 545 630
608
50
6 26 33 41 42 53 67 70 73 75 76 86 94 130 132 133 138 142 181 182 198 200 217 222 241 248 252 290 317 342 356 357 363 380 385 393 399 414 420 454 465 471 481 500 511 546 549 558 564 579
675
13
45 93 145 152 165 203 205 209 220 234 266 285 601
292
47
8 10 11 13 14 41 45 48 51 52 54 61 66 74 75 82 83 86 109 114 120 121 122 123 127 142 155 172 174 178 190 195 197 207 211 214 215 226 240 257 267 272 274 276 279 283 284
80
18
1 17 20 26 27 28 29 30 31 32 45 50 52 62 65 66 68 74
564
28
9 15 41 69 84 85 88 90 121 130 140 141 210 215 221 291 323 328 329 354 362 367 368 397 440 502 531 535
172
18
21 24 27 28 30 31 38 43 51 55 90 96 103 107 109 113 125 145
357
26
43 44 49 57 80 90 97 113 117 142 151 152 165 179 191 197 210 226 230 261 264 281 286 319 334 348
182
6
34 74 79 97 164 172
982
44
2 9 12 48 51 113 186 197 206 243 263 274 302 372 373 410 474 507 508 541 569 581 583 612 617 619 625 672 710 741 747 749 800 806 837 852 891 893 896 913 918 931 933 943
881
16
85 117 142 232 285 342 548 587 656 680 727 745 750 766 802 830
485
50
8 26 30 35 36 39 40 54 63 83 110 111 113 120 128 136 149 163 172 202 203 212 219 236 238 239 242 254 265 279 304 309 310 313 314 320 326 345 367 373 374 382 396 421 434 442 446 468 480 484
122
3
34 60 114
339
20
25 50 62 91 106 118 124 130 133 181 189 219 230 263 270 274 276 289 298 333
586
33
12 16 23 35 69 70 75 84 92 151 152 185 213 239 246 249 260 266 273 302 339 342 364 396 399 438 476 484 494 517 526 529 545
694
4
43 134 143 672
725
21
16 39 103 136 167 208 223 241 365 396 423 483 500 517 543 577 611 687 688 689 709
220
26
4 12 29 33 36 47 50 56 58 83 94 96 106 113 114 131 132 134 138 144 154 173 185 190 198 216
593
26
16 31 33 40 103 110 138 172 195 221 230 241 292 339 362 368 388 409 416 449 478 485 486 493 524 543
107
49
1 2 3 4 6 10 11 13 14 18 19 20 21 22 24 28 30 34 39 41 44 48 49 54 56 57 59 60 62 67 70 72 73 74 75 76 77 79 84 87 88 89 90 92 96 97 99 102 103
223
26
1 17 32 41 54 55 63 74 76 82 93 97 118 121 124 149 153 156 157 162 163 174 183 192 208 217
516
44
1 17 36 48 79 81 86 95 99 106 110 114 117 129 143 145 154 181 192 194 201 216 232 250 280 282 291 320 321 348 355 359 366 377 380 403 408 432 446 448 451 481 498 506
225
28
5 9 12 16 27 29 38 42 44 45 66 99 107 128 130 132 135 137 145 146 152 174 175 183 189 197 208 214
146
18
1 12 13 18 22 29 30 56 61 79 87 94 96 109 119 121 125 134
236
19
4 8 14 37 40 72 74 76 94 101 107 110 116 124 164 202 213 222 229
532
8
63 77 241 274 367 409 466 476
146
2
70 100
942
17
28 42 87 130 259 281 286 428 466 545 586 618 652 726 805 838 933
962
36
31 35 50 77 94 99 160 181 191 200 205 210 255 267 295 309 338 345 410 415 471 489 493 577 641 644 651 666 702 738 795 812 843 856 914 952
57
39
1 2 3 4 5 6 7 10 12 15 16 17 20 22 23 24 25 26 27 28 30 31 34 36 37 38 39 40 41 42 43 44 45 46 47 48 51 55 56
702
12
120 124 212 252 300 307 314 403 499 513 532 652
150
45
6 9 10 14 18 19 23 28 32 34 42 45 52 54 71 72 73 74 78 79 82 83 85 87 88 92 95 99 100 107 108 112 115 117 118 123 125 126 129 134 139 140 142 143 148
352
17
11 35 45 47 64 78 82 97 183 194 208 212 231 250 286 343 345
59
2
26 51
231
2
33 157
291
1
227
878
30
43 72 73 101 109 125 228 231 246 262 333 347 352 400 469 474 501 506 514 621 670 678 682 687 725 738 794 834 842 875
462
14
2 3 5 25 72 124 144 150 201 216 235 259 326 407
139
18
4 13 17 32 40 43 53 56 69 75 76 90 92 100 101 110 117 129
772
28
63 110 117 129 141 178 231 310 315 330 332 333 426 434 478 503 520 528 552 561 588 595 612 684 700 718 733 738
916
21
4 54 90 117 141 143 164 178 229 280 356 469 516 530 537 565 617 652 690 744 796
737
14
123 187 217 249 321 380 405 471 501 510 588 628 704 724
994
17
2 29 34 51 206 223 240 282 318 482 531 537 779 828 936 950 986
433
22
18 60 68 116 134 141 162 191 197 201 222 229 231 279 290 295 297 358 362 395 400 425
816
47
2 14 16 24 32 50 63 79 84 99 109 136 169 170 173 182 183 189 202 204 210 216 243 249 279 280 349 427 478 479 556 583 588 614 624 649 653 687 714 715 733 746 757 771 789 813 815
750
12
42 60 78 191 264 321 351 400 407 614 677 694
594
20
23 57 61 63 87 107 177 260 285 301 313 326 347 394 408 424 503 506 517 523
487
40
8 47 52 61 66 73 78 81 118 134 135 140 149 150 170 173 184 198 217 222 227 232 260 264 265 266 267 274 296 311 320 331 333 386 395 398 412 428 450 455
237
19
10 12 20 50 61 78 83 90 96 97 99 107 112 113 126 140 164 213 221
265
37
2 9 12 19 25 26 37 38 43 48 50 72 76 83 84 94 98 103 104 108 113 120 123 128 142 144 146 154 164 170 177 188 203 237 241 258 260
524
42
6 11 22 38 40 45 63 68 72 93 112 127 130 138 161 163 173 180 181 212 223 231 244 251 252 256 257 260 275 277 280 301 351 384 388 405 415 425 428 452 467 478
179
36
9 20 21 28 34 35 37 48 56 58 59 65 66 67 68 71 74 75 84 85 87 100 111 112 122 129 131 135 139 146 155 164 165 169 176 177
797
1
553
556
14
46 78 85 181 198 213 244 245 305 332 345 389 457 543
571
12
5 14 70 80 94 146 179 270 442 494 511 543
956
22
6 9 19 47 94 136 227 282 291 353 402 699 726 745 757 782 787 833 867 920 934 943
903
34
30 62 67 70 206 263 280 286 311 330 333 351 383 385 387 412 414 417 425 432 442 466 476 505 515 567 616 729 819 851 855 875 876 879
589
13
26 31 37 62 121 135 242 335 354 371 512 516 534
533
8
144 225 266 325 358 375 404 444
139
38
1 5 6 8 10 18 20 21 23 24 28 31 34 35 36 38 39 40 47 59 62 77 82 84 88 91 99 101 102 103 109 117 120 121 122 123 126 130
626
50
9 25 27 33 103 115 117 129 130 139 143 146 148 151 154 161 224 228 239 262 322 330 332 350 357 358 378 395 405 410 416 418 420 431 433 445 457 459 472 483 498 500 522 529 587 588 607 618 623 625
268
46
1 6 9 24 28 44 48 57 59 63 64 66 68 78 86 102 112 118 119 122 127 128 142 144 149 150 153 155 168 173 179 180 195 202 215 217 219 221 226 228 231 238 244 251 252 255
167
13
36 38 59 71 82 88 133 136 146 154 160 162 165
925
26
41 56 127 181 182 187 189 202 276 311 321 330 334 349 357 410 429 667 674 726 767 792 845 856 881 906
598
19
15 26 35 80 104 137 157 215 249 270 334 341 371 469 483 523 527 566 572
308
12
42 76 88 184 215 250 256 277 279 286 287 300
251
36
11 16 29 30 31 40 56 58 80 84 91 95 99 102 122 124 128 129 136 140 142 146 147 158 185 197 199 203 206 209 212 232 233 243 245 248
237
27
3 9 12 41 44 45 57 63 72 75 93 100 104 114 135 142 151 165 167 175 195 196 198 199 214 220 236
283
26
2 5 7 37 65 74 86 88 91 92 95 120 122 126 143 154 178 187 192 202 209 252 253 266 268 275
678
25
29 50 70 82 97 135 157 165 173 208 218 281 284 296 316 380 398 527 540 577 593 642 651 655 673
952
44
1 7 24 30 67 91 143 149 176 202 208 268 351 365 384 437 441 476 478 494 500 509 534 539 558 591 605 626 628 640 645 660 690 698 744 788 791 864 880 888 893 902 904 951
831
41
15 73 88 98 118 129 154 170 213 225 278 300 304 314 335 381 422 498 510 514 547 562 573 588 592 647 653 662 739 743 749 753 754 755 767 768 772 773 777 787 825
651
29
9 32 48 51 63 72 108 114 118 220 245 257 264 273 312 341 346 367 395 431 437 441 514 543 563 567 578 595 621
404
5
31 33 49 200 338
55
2
21 32
82
21
2 3 9 10 18 20 23 28 29 46 47 50 55 59 62 63 64 69 71 76 77
452
26
2 7 31 34 40 56 77 122 133 155 170 188 245 251 270 275 309 314 320 345 359 379 408 418 427 443
724
43
11 46 94 99 110 111 113 115 127 136 141 154 176 203 236 240 252 277 289 292 307 322 329 340 349 368 382 384 404 420 440 482 510 552 566 577 584 617 622 651 689 694 709
120
42
3 4 9 10 11 15 21 23 25 26 27 30 32 37 41 42 43 44 48 50 59 60 64 66 68 75 80 81 82 83 85 88 90 91 92 93 94 101 104 115 116 118
884
41
5 13 29 38 98 100 193 216 221 235 236 289 306 376 377 389 440 455 459 468 479 483 503 511 513 518 522 532 541 546 639 645 656 669 711 755 763 773 812 817 864
752
37
11 49 61 79 86 96 149 175 209 228 244 256 280 297 305 387 417 436 466 492 495 507 512 526 562 580 587 613 626 636 641 660 680 702 734 741 750
23
9
3 6 12 14 15 18 19 20 21
494
24
4 24 41 50 136 139 155 157 172 192 203 230 249 305 313 320 333 345 413 436 449 450 472 486
864
24
36 78 142 168 213 218 319 335 388 440 458 461 473 522 534 560 617 645 656 666 672 709 785 815
581
19
44 57 72 74 79 89 98 129 241 287 292 397 411 427 438 448 472 556 563
774
7
158 167 265 267 414 577 660
418
42
4 22 28 46 56 81 83 91 113 123 127 144 166 180 182 184 187 188 218 220 229 239 240 252 255 266 269 286 298 314 319 353 361 366 367 383 385 393 397 401 416 417
437
49
2 3 5 6 19 27 29 32 35 42 43 44 54 81 99 108 109 123 139 145 153 162 167 188 189 194 211 213 230 235 287 288 303 307 308 317 336 338 347 349 370 371 405 406 412 413 414 417 418
467
16
23 56 76 77 80 98 159 164 186 232 258 356 367 402 436 464
846
5
128 336 472 498 675
683
34
14 17 73 74 85 99 147 168 191 193 206 270 278 328 339 343 354 415 416 419 457 461 476 477 489 494 502 526 651 666 674 678 679 681
332
8
24 27 80 170 259 273 295 328
230
20
3 27 31 32 38 50 72 105 132 133 162 176 186 201 207 216 220 223 224 225
710
41
36 62 74 80 95 105 136 143 146 171 176 208 216 235 276 285 296 312 327 362 368 379 382 385 388 437 459 471 480 491 497 542 556 564 574 585 606 639 640 653 665
327
23
8 10 22 36 44 79 118 128 143 145 146 160 175 177 183 201 206 250 265 267 268 276 298
636
7
16 31 93 139 383 530 577
212
3
41 157 168
417
48
8 9 13 25 34 40 45 56 57 71 72 74 75 77 79 82 109 123 128 143 150 167 176 185 191 231 232 242 246 275 286 290 292 302 306 310 319 322 323 333 338 342 346 356 368 375 377 405
456
20
10 43 54 102 135 144 158 174 180 192 232 242 254 269 274 278 322 384 413 426
154
5
13 28 33 49 136
275
42
2 3 6 8 14 17 21 26 41 60 61 62 70 74 83 89 102 103 111 113 119 121 123 129 133 138 154 155 165 174 177 200 204 213 216 219 223 227 243 252 267 269
17
2
7 9
563
25
3 16 63 121 129 148 156 157 262 308 340 358 360 370 376 390 413 419 465 473 502 507 521 522 526
401
34
6 8 14 15 16 34 40 43 52 56 66 82 84 121 133 149 156 158 165 191 220 226 264 301 302 313 328 332 342 357 376 378 385 392
476
45
8 10 17 32 48 55 57 58 86 103 156 182 183 188 193 204 226 244 248 256 263 266 269 286 287 302 319 321 340 346 351 354 365 368 370 376 393 395 400 442 449 450 454 455 473
936
19
17 154 171 235 270 315 450 498 535 568 601 676 714 722 814 827 832 862 927
635
21
1 39 54 75 116 176 206 294 301 386 387 419 425 449 463 485 499 549 566 602 619
862
22
27 35 51 99 134 157 176 197 240 283 318 407 475 513 540 557 571 581 686 713 724 822
379
41
1 12 21 22 25 29 38 55 58 63 73 87 89 97 110 121 155 158 177 193 199 209 212 218 220 233 246 249 265 280 282 293 303 316 331 338 343 353 357 370 377
880
3
601 620 858
919
23
25 42 59 157 188 218 272 287 291 312 317 328 445 449 526 565 604 610 659 696 891 911 914
312
4
132 189 200 273
623
42
6 22 24 29 34 52 57 81 87 99 123 144 145 151 177 183 199 208 215 233 262 263 266 272 292 301 306 308 328 354 406 448 452 459 463 468 487 533 560 563 580 611
425
37
10 12 23 26 29 34 43 75 78 82 93 96 138 140 159 162 177 192 208 217 219 223 226 229 278 284 293 328 355 363 374 378 403 405 408 412 415
634
11
32 59 128 162 169 226 246 331 411 529 538
757
3
97 279 353
545
29
3 11 19 30 33 61 105 108 113 119 133 155 169 176 208 246 275 283 296 328 332 402 423 502 507 511 525 526 535
441
36
10 11 13 42 53 64 71 76 77 78 90 96 115 116 144 176 185 198 205 211 213 215 243 252 253 272 297 331 336 379 403 415 417 428 437 439
368
37
21 52 57 60 84 92 116 117 121 126 147 148 153 168 173 176 177 180 181 187 190 195 201 203 216 242 243 273 277 280 284 307 315 334 337 348 350
450
36
12 24 33 82 94 121 133 156 161 170 177 191 204 223 235 236 270 271 280 293 294 305 306 320 336 342 357 370 372 374 384 385 399 412 432 441
540
36
9 22 24 58 69 75 77 91 111 172 183 185 194 200 218 225 232 254 268 272 284 289 318 327 345 379 394 396 418 420 426 477 508 521 527 539
549
16
12 17 41 94 118 133 158 237 255 259 351 438 448 488 501 513
430
8
79 125 169 335 386 410 418 424
126
50
4 9 12 18 19 20 26 27 29 31 32 36 42 43 50 51 55 56 57 59 61 62 63 65 66 69 71 76 78 79 80 81 82 90 91 92 93 94 96 97 98 100 101 104 107 110 116 118 119 123
413
12
23 24 36 141 206 234 256 266 275 290 305 313
343
24
12 13 14 34 37 46 70 97 121 141 145 147 165 178 185 190 200 208 215 216 233 293 299 333
391
49
5 8 9 10 11 25 29 36 38 42 52 56 57 63 68 73 94 96 97 104 109 153 154 157 170 174 175 178 186 210 212 214 232 244 245 262 269 275 296 311 314 325 329 335 344 345 353 374 377
609
20
48 52 85 104 132 159 244 267 280 296 321 362 366 403 450 451 457 472 499 537
263
49
6 10 12 14 16 31 37 46 58 61 72 79 84 86 90 99 101 109 111 114 120 126 147 150 152 157 165 169 170 180 182 189 197 202 205 214 215 217 225 226 233 238 244 247 255 257 258 260 261
601
16
32 53 142 172 204 238 261 307 339 353 367 449 483 509 517 577
617
14
137 174 213 221 253 285 321 332 355 357 428 480 603 613
294
23
2 11 15 30 39 63 71 103 125 126 127 129 136 137 138 156 197 200 203 211 250 274 288
514
34
17 20 34 39 48 52 97 105 118 129 132 137 142 175 238 246 250 263 271 275 278 295 318 332 337 343 359 389 399 401 453 467 490 504
120
8
16 18 25 48 87 95 104 119
886
42
28 33 72 105 133 136 164 190 288 294 298 327 328 341 376 383 392 403 418 432 437 439 451 454 459 473 475 482 536 546 589 602 624 626 668 686 695 725 778 794 842 847
257
27
2 9 26 31 35 36 50 70 78 79 82 83 89 90 93 103 111 112 118 133 195 205 222 224 228 231 246
110
18
5 6 31 48 49 50 54 56 58 59 68 72 79 81 86 91 93 102
19
4
3 4 10 14
110
18
3 6 10 13 20 28 34 42 44 46 61 68 70 72 73 99 101 103
868
19
83 173 247 251 320 344 359 437 476 488 535 589 668 703 706 728 794 815 847
298
16
4 7 10 60 68 121 142 144 145 158 198 216 228 230 239 296
102
24
4 5 6 9 12 17 21 24 26 31 37 38 39 43 46 52 61 65 70 81 83 86 93 94
894
27
20 189 212 220 224 245 256 268 301 351 429 434 497 537 550 580 613 624 639 679 720 758 785 825 829 845 867
120
6
11 39 43 79 92 119
900
25
32 65 115 163 168 178 258 299 322 339 381 495 530 603 630 634 666 669 695 725 738 807 839 847 878
84
29
4 10 12 14 16 18 21 24 25 28 29 33 38 39 40 41 42 43 50 55 57 58 61 62 65 73 76 77 83
300
15
33 92 138 145 148 161 165 166 184 200 211 216 276 278 294
708
24
28 43 54 79 103 118 139 182 236 266 313 321 326 330 387 448 455 459 537 539 582 588 600 683
316
11
50 125 143 147 200 208 225 249 284 288 301
907
22
9 20 51 108 144 196 211 274 286 316 339 366 419 444 459 525 542 651 703 732 744 834
315
40
6 21 24 28 35 49 60 83 89 92 100 121 129 131 136 141 149 150 154 163 174 182 183 193 194 200 207 210 211 221 224 232 235 237 245 247 252 287 288 307
942
8
33 53 260 308 327 399 735 851
471
41
14 15 31 41 49 62 70 83 86 93 109 122 125 128 138 164 177 183 185 189 208 246 258 263 266 274 276 281 298 311 322 334 351 358 364 366 373 416 420 453 455
746
34
6 38 43 129 178 190 219 226 249 280 328 344 351 355 356 409 421 454 497 543 550 551 557 562 573 576 612 662 677 694 707 718 720 744
923
3
127 813 834
857
43
20 39 47 100 101 107 108 163 182 189 206 217 266 269 270 276 282 300 373 380 394 438 443 493 503 506 522 543 547 618 648 657 670 693 696 722 729 760 768 783 818 845 848
888
45
40 49 53 54 59 65 68 100 111 154 174 198 200 211 231 283 290 328 334 398 400 401 402 453 491 527 548 563 564 585 636 660 662 675 678 688 691 733 746 754 760 777 831 839 861
206
10
9 13 29 60 95 108 123 129 137 150
638
38
1 8 19 33 36 73 86 102 127 145 151 159 181 182 205 262 280 324 345 351 352 357 367 369 372 422 448 480 491 516 547 569 571 577 585 605 608 623
771
50
8 19 21 35 56 145 165 191 204 216 222 245 294 321 341 345 354 360 378 386 400 411 420 422 452 467 473 501 525 540 542 558 587 588 597 602 623 629 641 658 682 697 698 700 701 703 714 743 765 767
696
10
55 111 135 251 296 298 332 459 473 695
172
20
4 12 33 41 44 52 55 79 80 88 94 98 105 132 145 155 159 160 165 166
360
42
3 19 25 32 40 66 69 78 82 86 99 124 125 131 139 145 147 149 151 152 179 181 187 189 211 233 241 245 246 255 268 283 284 289 296 297 305 325 331 338 349 357
668
32
9 18 40 53 110 152 200 210 224 265 286 300 309 315 368 388 389 405 421 440 454 456 471 524 531 553 576 579 612 619 629 658
132
44
3 12 15 16 17 18 19 25 26 32 35 39 41 43 44 46 49 52 58 59 61 65 66 68 73 79 80 83 84 90 92 96 97 98 100 104 105 109 114 117 119 121 127 131
492
39
20 22 29 40 70 75 105 131 134 136 142 146 176 192 195 205 210 213 222 235 242 244 253 267 269 272 276 315 331 359 405 435 443 444 448 449 451 455 464
184
15
3 20 22 57 65 74 76 77 91 100 126 132 138 158 176
701
19
14 21 184 208 222 247 268 376 459 465 469 479 505 511 566 580 610 627 678
784
31
17 65 103 189 190 200 207 211 214 219 232 249 252 265 292 330 380 407 461 475 485 513 530 555 566 628 660 700 734 753 762
190
42
5 10 19 31 32 38 40 44 46 51 52 64 65 72 77 79 80 86 88 90 102 104 108 115 120 126 128 138 139 141 143 148 151 155 156 164 173 174 181 184 185 186
922
27
40 61 66 74 185 257 312 338 359 376 445 455 553 568 574 587 612 634 672 700 704 746 785 820 822 834 861
930
48
45 65 68 87 105 117 160 208 211 252 253 260 268 301 313 315 329 358 368 373 375 376 381 385 408 416 431 451 463 467 480 482 506 529 594 603 605 643 650 707 719 734 756 781 786 789 800 808
234
1
179
581
5
156 191 371 411 580
73
18
10 15 16 20 22 26 30 42 46 56 58 61 64 65 66 67 68 69
632
22
12 26 56 205 213 242 325 353 360 361 434 455 479 513 522 526 552 563 569 575 577 627
208
49
1 6 8 9 11 21 24 26 35 39 40 42 43 58 66 67 71 75 80 82 84 93 99 105 112 116 118 121 123 124 130 132 135 139 140 145 147 150 159 161 167 171 176 177 179 180 182 187 199
714
37
7 22 63 81 85 121 130 163 178 197 242 252 265 277 291 294 297 303 320 323 357 370 384 387 433 437 442 450 484 492 557 594 607 640 641 672 705
311
31
1 8 10 23 30 33 34 39 55 62 64 96 143 150 161 176 201 209 210 231 233 240 242 247 252 255 272 280 283 292 305
378
41
2 5 12 13 38 41 56 70 82 96 105 109 116 118 120 143 146 157 158 165 176 180 184 195 199 201 202 220 240 248 259 281 307 323 334 340 343 352 356 365 376
621
42
4 30 35 41 43 48 52 62 65 82 123 134 184 197 245 262 273 291 303 316 325 328 338 345 353 354 365 383 429 469 483 498 511 544 570 587 588 599 602 605 606 619
453
5
115 120 150 345 434
473
22
25 41 48 52 111 158 159 190 199 226 227 243 262 294 306 309 328 367 408 445 446 457
113
20
3 5 6 15 26 41 42 46 57 61 65 66 71 79 88 89 97 104 106 107
710
24
9 17 48 84 93 121 135 145 146 188 246 250 262 309 315 358 380 421 475 496 504 516 580 664
262
16
2 37 64 84 87 112 118 119 143 150 172 195 216 232 257 258
179
6
22 64 87 90 158 174
231
17
1 26 38 51 77 78 104 114 119 123 156 164 172 173 176 193 224
363
8
1 13 53 78 132 157 178 236
118
32
7 15 20 24 27 28 29 33 36 39 43 45 49 54 59 61 64 66 68 71 72 78 88 89 99 102 107 108 110 113 114 115
756
32
29 57 87 105 144 150 163 166 239 241 252 260 309 352 360 364 403 425 490 493 497 610 623 644 655 661 687 715 722 730 734 745
805
16
6 62 79 103 121 161 165 202 230 239 287 292 459 472 682 803
155
9
18 28 64 74 79 105 119 121 125
324
27
44 45 66 68 72 76 102 110 119 122 133 136 149 160 190 197 204 232 252 253 254 258 263 265 266 278 309
221
28
3 15 17 24 35 36 47 56 59 93 104 113 138 139 143 150 151 166 174 178 183 187 191 192 203 209 217 220
217
15
6 11 35 63 79 80 100 118 121 142 159 170 179 183 185
948
45
24 59 73 109 118 119 182 205 211 251 263 362 418 420 452 460 462 489 500 527 532 573 586 596 644 681 685 690 707 724 728 736 739 742 752 763 773 782 803 811 833 853 899 939 945
769
1
291
652
37
6 61 63 77 93 117 130 150 151 153 161 165 183 213 216 222 235 240 255 298 308 319 326 332 338 354 370 372 376 380 392 396 474 526 551 572 619
366
20
35 44 67 73 94 112 121 138 141 180 189 217 224 227 230 236 239 307 332 343
850
27
75 86 141 186 257 262 280 330 357 367 430 445 447 448 458 463 579 581 663 713 724 731 740 741 767 771 847
654
12
126 152 153 253 254 279 462 518 555 563 592 646
833
45
37 56 99 112 120 131 149 223 244 260 265 274 294 296 304 306 323 331 335 360 363 388 409 450 464 472 477 482 497 551 579 601 637 649 651 692 698 724 733 767 770 779 793 795 822
985
28
9 96 142 151 167 295 300 301 334 346 420 426 441 456 512 577 579 606 622 674 691 710 725 766 788 832 927 971
208
21
4 12 13 15 25 30 32 33 40 46 82 99 103 130 134 140 143 152 162 181 207
418
37
11 14 19 21 24 43 45 59 60 64 71 83 84 134 147 155 180 182 192 201 228 238 239 251 254 260 288 292 293 297 333 345 349 352 364 388 414
695
49
19 41 60 73 114 150 162 167 194 205 206 209 237 239 241 244 273 292 303 332 343 346 373 410 416 419 435 441 458 462 472 477 487 501 502 518 583 590 596 604 606 631 633 634 648 664 679 682 692
100
40
2 3 7 8 11 14 20 23 25 26 32 33 37 38 39 40 42 43 44 46 47 48 49 50 51 52 53 54 55 63 65 68 70 75 78 88 89 93 95 98
263
33
5 11 24 27 31 39 58 68 72 75 78 86 90 91 99 102 108 117 129 136 139 146 168 174 190 204 211 218 223 242 251 259 261
266
19
10 11 13 26 38 41 50 57 67 82 92 107 120 161 196 204 206 242 253
982
48
18 21 66 113 125 135 139 147 164 179 230 236 258 259 274 281 295 306 314 316 363 402 429 444 446 473 492 498 499 537 577 592 595 604 605 606 629 648 715 723 765 784 865 869 925 927 943 964
290
21
7 10 31 39 67 96 100 105 124 131 134 161 165 190 210 222 234 236 246 268 275
896
16
43 89 96 285 417 423 481 516 627 628 649 691 733 747 792 831
614
26
27 55 61 137 140 158 173 196 202 203 225 255 287 297 306 332 340 344 361 390 415 453 468 488 524 566
212
4
14 61 82 102
460
49
3 12 34 39 40 45 48 56 66 68 73 84 105 110 116 119 125 128 130 150 152 171 175 193 214 223 229 246 249 252 271 272 277 284 300 307 335 343 363 366 367 387 391 392 425 433 440 444 449
513
8
42 87 110 280 402 464 483 511
533
6
98 192 222 248 331 476
686
43
11 29 49 81 82 88 141 143 158 162 174 176 179 180 188 205 206 218 266 315 348 349 365 386 389 394 405 411 419 435 446 468 481 483 506 524 526 534 548 550 595 632 670
693
4
42 529 604 622
677
14
18 26 48 116 130 138 159 199 260 351 387 392 435 448
440
13
103 104 147 157 164 188 219 271 298 299 360 377 420
398
8
14 29 30 73 135 290 347 370
202
34
1 6 13 21 35 36 40 42 46 47 53 64 67 104 108 111 116 119 122 126 130 131 132 133 135 141 151 161 180 183 190 193 196 201
735
41
1 37 52 53 55 74 76 95 205 216 222 226 257 267 295 301 315 344 346 350 369 376 378 394 395 422 434 437 455 496 504 508 520 536 557 601 608 622 658 702 708
441
18
1 11 15 18 58 118 131 136 147 199 216 245 249 262 340 361 414 434
553
30
30 34 58 80 96 107 138 146 173 191 192 195 252 255 281 287 314 334 338 351 352 368 385 386 399 452 463 471 515 532
90
36
6 9 12 14 15 16 17 18 19 23 24 25 27 32 34 38 39 40 41 42 47 50 51 52 53 59 61 63 66 67 71 73 78 83 84 86
188
30
6 13 16 19 24 29 42 45 46 50 57 58 64 71 75 76 78 91 96 99 109 118 126 127 135 136 141 144 157 166
545
31
1 2 16 27 55 98 108 158 178 182 190 203 205 210 214 224 235 270 275 333 344 347 415 440 453 483 495 522 524 528 543
634
49
33 66 70 76 84 96 110 118 131 145 152 168 190 225 233 238 243 247 271 273 279 287 300 318 321 322 344 349 374 376 386 420 422 423 428 445 455 498 504 510 515 522 538 544 556 558 580 594 599
375
4
71 150 348 358
216
29
1 2 4 9 10 11 27 37 39 40 41 59 65 66 76 86 101 112 118 125 130 134 158 162 163 169 184 185 189
667
3
163 455 619
957
35
12 78 88 112 165 172 191 198 221 249 254 266 389 417 426 508 550 565 572 583 631 634 661 673 712 755 776 840 863 873 899 905 913 935 956
610
33
4 5 67 72 74 84 86 110 111 142 149 165 177 220 232 259 274 277 283 338 394 405 410 414 451 465 484 505 538 545 576 578 580
125
17
4 6 9 11 12 24 26 41 50 56 60 72 79 90 105 108 114
634
8
210 212 238 289 316 349 373 577
899
34
1 27 69 79 95 110 165 170 178 188 194 213 218 221 226 241 263 265 267 288 303 355 368 412 414 415 450 482 533 655 672 707 800 876
797
15
14 86 274 301 313 353 362 439 488 519 657 686 704 710 742
125
23
1 5 13 16 26 39 41 42 43 55 70 71 73 75 78 81 86 91 97 108 116 117 121
520
9
273 410 424 427 432 448 458 497 515
329
37
1 13 24 25 41 44 55 63 72 88 99 100 120 125 134 139 145 158 174 178 182 203 204 208 211 216 219 220 234 241 243 248 259 283 284 295 321
905
34
42 104 146 154 213 233 292 363 413 440 442 456 466 472 494 508 590 624 637 648 675 691 720 766 768 774 777 803 806 816 818 846 853 886
379
33
5 6 35 65 90 111 112 115 119 135 154 178 183 185 188 219 226 231 236 242 268 296 299 301 320 361 365 366 369 370 372 375 377
593
43
1 8 20 29 51 57 68 88 113 122 126 165 227 250 252 253 311 316 342 358 375 407 414 420 424 442 446 461 463 465 483 485 490 491 492 507 532 538 554 558 559 560 574
122
5
37 80 81 98 101
74
18
4 8 11 14 28 29 39 42 47 48 53 61 63 66 67 68 69 72
110
33
6 9 10 12 13 14 19 24 26 27 29 37 40 41 46 47 49 51 53 55 58 60 63 75 77 80 81 82 93 94 97 100 108
193
34
5 11 13 19 22 39 48 49 58 59 61 63 65 73 79 81 84 88 92 95 101 106 110 121 134 137 148 160 163 170 173 179 183 189
145
17
6 11 12 39 50 62 73 86 92 93 96 106 108 110 118 131 132
260
10
13 28 44 45 89 126 140 144 175 259
58
45
1 2 3 4 5 6 8 9 10 12 13 15 16 17 18 21 22 23 24 25 27 30 31 32 33 34 35 36 37 38 39 41 42 43 44 46 47 48 49 50 51 53 54 55 57
735
4
261 373 401 614
639
9
7 223 264 267 335 422 461 473 588
425
50
4 38 50 54 63 73 80 92 99 106 122 130 137 139 144 155 160 164 169 175 178 179 180 193 203 219 223 250 253 282 302 305 310 323 334 344 346 350 367 381 386 390 392 400 402 403 404 412 416 421
254
23
36 39 44 50 57 65 71 93 94 126 129 135 145 158 163 184 192 193 199 219 220 231 235
52
8
2 16 28 29 38 41 44 45
191
47
1 20 26 28 30 32 46 47 50 55 56 58 65 66 70 71 72 80 81 88 106 107 113 114 116 117 120 121 123 127 136 140 142 149 153 161 164 171 172 173 175 177 179 181 183 184 185
57
21
1 3 7 9 11 14 17 19 24 25 27 28 33 35 38 40 44 46 48 51 52
671
1
578
798
6
9 213 248 401 493 607
992
42
105 142 155 157 163 172 210 245 246 293 300 329 363 374 389 400 433 498 513 555 569 581 587 602 632 643 706 716 745 761 769 795 799 813 823 837 890 892 919 943 973 989
755
14
6 53 78 116 302 350 352 410 413 473 538 577 595 670
245
27
1 9 11 18 21 22 42 56 57 68 74 88 89 94 105 106 109 124 129 151 190 191 204 209 221 230 235
847
27
73 80 81 104 212 231 262 339 352 370 376 380 394 399 455 467 620 621 622 667 669 682 705 728 749 765 840
425
14
3 6 7 35 43 91 113 136 177 261 273 309 313 358
185
22
4 9 25 30 33 53 58 60 62 63 66 79 85 88 90 97 99 124 138 143 165 172
575
40
38 42 46 61 71 90 111 160 200 204 232 235 248 254 267 273 281 282 289 352 356 362 367 370 375 389 418 441 442 444 451 457 468 503 519 533 547 551 562 568
662
9
245 255 278 350 397 451 535 580 640
202
12
8 47 60 97 108 109 110 125 161 182 187 197
997
2
379 799
522
9
36 166 229 346 355 368 413 444 488
924
50
1 2 43 44 47 55 90 108 168 176 188 201 218 245 265 266 274 282 319 339 358 388 411 417 447 475 568 578 580 582 590 612 617 619 625 630 676 687 697 704 706 713 756 777 805 832 841 858 890 901
376
11
21 51 74 86 119 139 200 260 262 286 301
128
24
12 15 18 20 21 28 31 34 55 62 71 80 82 85 86 90 92 94 97 104 108 111 121 123
826
23
1 28 42 130 143 311 330 331 390 413 445 464 481 502 508 559 592 602 661 672 731 769 780
608
34
4 10 24 50 53 56 81 83 85 100 113 117 149 165 197 198 217 285 299 311 318 320 323 339 369 375 417 428 461 467 473 491 525 561
900
24
7 32 45 194 213 223 265 285 294 307 310 375 409 521 528 622 695 696 699 783 800 815 824 836
343
30
12 26 29 30 31 32 68 81 85 87 101 110 131 133 136 154 171 189 202 219 222 224 229 232 252 257 268 308 310 326
426
34
5 13 32 34 82 87 121 124 149 164 166 178 190 192 197 205 219 222 230 251 267 274 279 285 300 305 315 329 334 342 348 378 388 404
584
19
5 18 67 75 82 212 221 239 250 271 295 296 373 392 431 435 487 492 514
563
43
5 24 30 35 36 40 41 50 91 103 106 132 139 164 167 168 182 199 212 215 224 226 242 248 270 277 295 310 357 359 370 383 389 391 402 435 455 480 496 514 517 553 559
787
47
16 31 36 55 58 90 110 133 157 170 180 187 190 191 212 213 224 225 248 264 276 297 299 352 359 364 371 398 444 461 506 513 573 606 610 616 620 624 634 675 687 707 725 743 758 769 781
351
47
8 23 26 27 37 44 47 50 56 64 69 70 74 75 76 77 85 93 99 102 128 134 137 143 149 152 156 161 166 169 177 183 195 198 214 218 236 253 264 271 281 295 297 304 329 332 346
149
36
12 13 18 22 23 24 25 27 31 39 43 45 46 51 56 63 78 79 81 82 92 96 98 100 103 105 110 115 122 123 124 126 132 134 140 146
545
29
10 17 18 24 25 31 56 99 108 121 144 156 184 208 237 238 256 304 313 324 357 378 383 392 423 441 508 516 531
515
25
5 19 56 107 119 142 158 173 181 196 210 213 241 249 269 273 275 277 297 372 381 391 419 456 478
455
38
31 33 38 55 58 65 67 75 85 86 87 138 143 148 160 163 178 183 217 221 225 239 280 287 311 314 318 334 337 367 391 396 408 423 441 442 444 448
272
29
24 68 83 86 88 92 94 96 97 101 103 111 114 117 120 123 129 132 137 149 160 161 192 204 210 214 223 233 250
772
8
82 121 136 327 334 468 539 749
966
25
52 78 99 149 170 178 193 220 330 360 400 411 487 528 598 614 621 684 714 738 760 827 902 910 958
48
42
1 2 3 4 5 6 7 9 10 11 13 14 15 16 17 18 19 21 22 23 24 25 26 27 28 29 30 31 32 34 35 36 37 38 39 40 41 42 43 45 46 47
440
48
7 15 20 37 40 61 68 70 106 126 128 136 137 138 146 152 154 171 172 180 181 189 193 201 211 217 235 238 242 246 256 261 270 276 292 293 310 326 346 349 353 369 372 384 406 412 420 433
735
21
18 95 196 250 264 271 274 282 422 427 428 485 494 514 582 600 607 610 620 692 723
351
40
2 10 11 25 38 50 54 68 83 109 125 132 138 144 145 156 176 177 180 184 191 192 225 240 247 251 255 266 276 280 281 286 293 303 314 328 331 334 342 344
687
19
23 28 69 115 145 153 157 174 236 263 286 294 299 307 337 377 428 466 569
223
37
5 8 11 20 23 30 31 47 56 57 62 66 70 73 78 87 97 98 101 102 105 109 112 117 119 135 136 137 151 174 185 188 198 204 212 220 222
183
25
10 12 29 37 38 44 45 54 58 64 69 71 96 103 105 107 111 119 123 137 148 153 156 166 177
555
18
17 136 144 171 176 209 212 242 264 325 372 387 415 421 423 480 496 511
236
14
6 24 33 38 79 97 114 160 167 176 200 211 219 235
67
43
2 6 7 8 9 10 11 12 14 15 16 17 19 20 21 24 26 27 29 30 31 33 34 36 37 41 42 43 44 45 46 48 49 50 54 55 56 57 59 60 61 63 65
813
7
213 306 408 459 510 673 686
95
7
1 24 38 41 57 67 88
763
40
14 16 18 28 77 82 87 93 100 128 143 180 182 234 238 242 353 379 387 392 400 402 427 454 481 483 492 529 564 568 597 635 660 666 683 720 723 737 740 759
331
21
6 56 70 78 86 97 120 123 164 189 193 200 236 250 256 257 265 282 302 303 315
255
44
12 27 37 39 46 49 50 73 75 81 86 87 89 101 102 105 113 142 145 154 162 168 170 178 180 181 193 199 202 204 205 212 218 219 220 225 232 234 235 242 245 246 247 251
689
9
72 103 124 257 316 483 618 671 683
198
9
1 20 82 104 105 129 134 161 164
150
26
8 9 12 14 16 20 21 31 38 49 52 62 63 66 69 90 99 104 108 109 127 129 132 138 144 148
512
26
8 26 37 39 48 119 212 220 228 253 254 263 269 301 321 354 363 373 388 402 410 416 452 461 463 469
611
49
2 4 11 59 64 65 86 118 129 152 164 173 187 191 192 204 216 225 231 251 253 265 269 287 321 351 361 363 366 370 373 387 394 398 415 419 424 432 440 453 461 484 490 520 569 577 578 582 587
711
40
19 24 30 44 58 77 92 134 180 190 200 202 227 239 266 269 273 379 392 398 429 453 461 466 475 486 513 520 524 539 550 572 576 604 611 644 664 675 681 690
716
6
49 306 338 401 490 568
507
14
46 49 65 81 94 128 252 259 272 282 330 336 481 496
186
43
2 6 10 13 23 29 32 36 40 46 47 49 50 61 63 64 67 69 70 72 79 81 82 91 98 105 121 131 132 139 140 143 144 145 148 149 150 157 160 179 180 181 183
917
14
48 110 229 329 399 426 429 506 509 530 746 799 832 862
653
21
20 47 52 102 116 136 160 163 172 262 321 328 359 371 378 391 408 472 506 563 634
414
22
15 18 24 29 44 57 72 75 76 105 163 168 241 272 297 309 311 313 369 392 393 396
348
49
1 2 3 8 11 26 27 30 39 44 45 48 52 61 68 72 83 84 104 106 116 120 129 141 150 154 156 170 172 190 195 201 202 216 228 231 237 241 250 273 288 290 291 296 298 315 316 317 329
557
11
39 55 137 196 353 404 415 426 460 485 524
371
31
1 33 48 49 50 61 73 76 102 104 113 137 144 155 177 184 192 195 219 230 232 238 244 248 272 300 303 321 333 344 366
97
14
5 7 8 21 24 30 39 42 54 55 59 78 79 83
434
46
20 22 27 32 37 47 50 53 57 65 67 79 82 89 100 105 116 117 125 126 127 129 160 176 221 223 226 241 253 258 277 285 308 319 320 324 339 340 357 378 384 402 405 407 408 423
391
24
2 13 16 51 54 61 85 106 140 174 211 218 237 276 295 296 298 299 323 340 341 347 374 388
694
46
12 20 34 46 63 77 84 86 87 92 111 114 118 120 125 161 163 191 193 245 269 292 294 301 359 362 369 390 401 409 410 430 504 516 528 549 556 569 573 586 596 640 642 676 681 689
142
38
15 16 17 22 29 30 33 37 40 50 56 58 60 62 72 74 79 81 84 86 88 92 95 96 97 98 101 106 109 114 115 122 123 126 127 128 135 141
929
7
85 259 512 516 686 736 917
865
36
7 80 85 125 130 165 202 221 243 282 307 315 323 326 334 343 369 386 405 427 443 469 492 532 546 586 599 636 644 653 685 749 774 834 844 861
949
40
56 63 81 94 172 173 324 333 345 347 423 434 439 457 501 513 517 535 541 543 548 591 615 684 690 718 739 758 760 773 779 788 815 826 851 887 901 916 925 945
685
47
14 22 25 61 116 131 147 154 159 174 177 181 182 191 212 315 325 346 355 366 371 372 382 393 397 415 447 460 467 482 490 506 508 524 533 540 544 563 585 591 607 611 636 643 644 658 672
772
2
113 178
318
3
35 172 259
266
50
6 24 25 26 28 34 36 37 42 44 48 50 56 76 89 90 98 99 103 113 115 122 126 136 149 151 158 175 176 179 191 193 197 199 201 204 213 218 219 229 233 234 236 240 243 244 249 254 258 261
535
28
55 57 76 79 97 103 111 120 124 156 163 235 261 262 263 289 295 302 321 322 327 347 350 391 419 481 493 497
856
10
13 23 466 511 602 677 725 752 782 852
632
28
13 27 72 83 119 140 150 153 188 214 271 299 316 328 373 394 402 410 486 489 493 497 502 509 514 531 538 615
795
15
47 66 113 135 242 368 380 402 413 469 521 535 552 655 733
455
18
6 40 116 176 206 208 239 241 274 289 301 310 330 332 335 423 425 427
778
29
33 90 109 118 158 201 230 242 246 297 317 342 356 363 379 413 417 512 548 553 622 631 639 649 671 703 705 716 737
306
43
2 4 16 19 22 34 38 51 66 74 90 95 102 104 105 112 115 132 134 135 136 137 138 146 161 172 178 198 212 220 223 243 245 246 247 248 251 258 263 275 289 292 305
235
10
3 5 29 49 57 73 75 163 192 215
129
46
7 10 15 19 21 27 28 33 37 39 40 41 42 44 45 46 47 50 52 53 55 57 59 61 62 69 70 71 73 74 85 86 87 89 90 91 95 97 100 106 107 111 115 121 123 127
335
26
7 21 33 40 48 60 79 81 163 168 172 176 183 199 227 231 238 257 260 268 274 281 287 298 303 331
528
13
11 115 151 172 253 269 276 293 326 446 460 495 504
394
38
10 42 44 52 81 88 103 106 107 109 114 115 122 130 138 160 163 169 171 241 243 258 262 264 278 297 308 309 316 317 320 322 343 347 354 366 367 383
818
37
2 44 54 74 77 90 100 103 120 121 140 160 172 174 271 277 359 376 394 412 443 456 486 497 508 525 526 565 576 626 636 651 669 691 716 736 791
409
16
61 105 119 166 190 200 239 256 263 292 302 305 337 360 386 397
694
11
24 155 190 223 234 246 390 450 473 524 602
465
49
2 7 11 29 37 43 44 49 51 52 58 64 84 89 93 95 106 132 134 147 153 158 163 174 201 210 215 226 240 263 265 294 303 320 323 326 336 352 357 363 374 376 381 383 386 450 452 453 456
187
50
4 8 9 11 22 31 32 34 35 38 41 42 50 51 53 57 58 59 63 64 75 77 80 81 84 92 102 105 108 109 111 112 118 119 120 128 140 145 147 160 163 166 169 171 174 175 177 179 180 183
847
19
19 33 54 196 200 244 270 391 436 506 515 578 597 689 745 756 763 784 791
38
30
2 4 5 6 7 8 9 10 11 12 13 15 16 18 19 20 21 22 23 24 26 27 29 30 31 32 34 35 36 37
320
25
3 12 15 40 52 81 107 110 127 131 142 179 198 200 216 222 241 252 263 265 275 279 286 304 307
677
50
3 9 18 21 30 32 41 62 98 111 114 124 126 132 147 202 203 222 231 234 238 241 247 250 270 290 295 323 326 329 339 358 366 391 404 406 412 440 446 468 488 497 520 542 548 580 625 634 635 663
460
36
6 16 21 35 43 75 102 111 129 131 154 156 163 166 167 171 207 209 216 218 280 291 305 319 323 325 327 338 347 378 379 381 396 404 416 438
450
37
1 3 28 34 40 45 50 66 69 84 86 94 104 106 127 130 139 154 173 175 193 195 213 272 273 291 296 333 335 346 370 378 407 421 425 433 436
531
13
16 63 193 245 246 253 259 298 309 342 351 417 467
697
17
22 48 56 128 219 232 303 344 365 373 382 450 510 561 567 619 693
130
12
8 32 41 59 75 90 94 99 106 116 127 128
655
30
12 16 43 86 91 130 154 158 161 185 277 294 296 311 317 333 359 362 406 409 413 414 436 441 497 499 531 598 647 648
447
17
65 99 107 115 117 128 169 181 193 200 236 238 291 339 354 364 434
276
36
7 17 38 42 43 44 53 72 74 75 78 82 88 100 106 118 122 145 150 151 161 178 193 194 198 204 212 213 223 243 245 248 262 268 270 274
141
2
14 101
15
6
1 2 4 6 8 13
645
47
8 12 13 85 90 96 103 107 112 114 119 134 152 161 171 178 198 240 274 275 296 308 323 336 352 389 415 420 463 471 479 486 503 517 523 533 540 546 550 557 563 578 580 595 621 625 634
447
5
137 254 315 427 428
334
41
1 18 22 23 35 40 46 47 56 63 71 77 80 95 113 121 125 134 138 178 184 192 196 205 212 223 244 249 253 270 271 290 294 295 296 298 303 309 311 320 331
806
4
291 438 628 716
926
35
7 16 122 170 193 200 212 237 277 316 321 357 377 389 396 457 520 528 537 546 615 624 628 631 641 738 759 781 800 802 843 857 870 880 887
623
33
14 20 38 51 62 87 104 115 143 170 171 179 188 201 221 248 283 288 300 332 333 366 395 414 450 479 487 496 507 517 532 542 546
463
31
29 33 51 62 66 107 116 140 153 161 210 240 282 290 291 304 314 317 324 342 371 383 385 410 414 425 428 432 434 450 458
459
14
40 42 76 83 151 171 197 264 298 325 341 401 415 425
842
25
53 57 84 95 149 229 240 311 376 384 387 443 510 517 581 582 638 658 684 713 717 765 809 830 832
30
22
1 4 7 8 9 11 12 13 14 15 16 17 18 20 21 22 23 24 25 26 28 29
23
16
1 2 3 6 7 9 10 11 12 14 15 17 19 20 21 22
433
48
2 22 44 57 61 62 68 94 102 103 114 132 133 139 145 148 153 161 172 177 186 193 198 215 232 239 255 256 263 271 275 277 289 292 296 310 338 345 349 357 362 364 385 398 399 407 417 423
336
11
56 61 89 95 104 120 140 200 217 242 279
339
18
76 79 81 116 127 128 180 181 196 199 216 241 244 249 257 301 316 331
322
45
1 3 6 8 14 16 24 28 31 38 40 65 74 90 102 125 127 132 165 166 168 171 177 180 184 198 201 210 214 218 227 234 237 238 250 258 263 266 268 270 279 290 311 315 319
266
31
2 17 56 61 66 67 74 77 78 80 84 88 97 107 131 135 140 151 154 158 166 197 202 208 216 224 228 244 248 259 263
846
40
29 31 50 103 114 139 141 149 165 192 197 278 280 305 336 375 386 405 431 435 463 488 506 552 556 563 574 584 603 631 641 648 663 691 730 734 758 765 774 793
927
21
17 80 96 124 140 186 224 346 424 458 531 567 614 616 695 739 742 763 790 826 910
956
21
19 49 227 241 276 287 330 363 508 519 541 610 642 665 733 736 747 749 870 926 943
973
2
224 378
164
46
1 3 5 7 9 10 13 15 20 22 25 28 32 33 35 39 43 44 50 63 71 72 74 85 90 94 101 103 107 114 115 116 120 123 127 128 131 133 134 136 140 145 146 155 159 160
358
32
16 32 44 50 51 62 67 95 101 136 137 146 169 178 200 205 215 226 228 231 235 245 272 283 289 291 301 310 312 333 337 349
422
49
7 8 11 20 24 35 48 51 55 59 60 61 68 81 83 93 94 100 102 104 124 132 136 155 159 161 164 186 201 203 216 225 254 255 264 306 308 314 319 346 350 366 389 391 396 398 404 407 421
370
39
7 12 22 29 35 61 70 84 108 121 125 131 135 138 146 147 150 175 188 196 198 215 237 241 252 259 264 266 272 279 285 288 289 303 321 328 337 342 351
293
40
1 2 3 10 32 42 43 47 63 67 77 78 80 82 83 92 99 103 109 115 123 125 129 135 144 153 165 174 192 194 208 209 212 224 226 231 252 256 284 287
301
26
11 30 51 53 97 110 115 123 132 169 174 175 184 198 199 212 213 224 231 232 233 242 264 265 281 299
809
39
5 18 28 33 42 43 75 101 103 120 127 148 169 183 214 255 278 289 355 372 385 387 427 431 469 522 564 566 573 598 603 649 670 730 766 768 786 804 807
159
24
2 7 10 15 16 23 27 33 35 45 59 61 71 97 100 101 102 120 123 126 145 149 155 156
11
7
2 3 5 6 7 8 9
726
2
630 712
864
37
9 69 70 73 106 145 163 171 178 189 232 244 283 310 312 354 374 396 447 448 473 480 484 494 509 533 551 581 595 646 683 696 725 728 787 799 849
742
26
23 53 58 76 98 122 194 278 299 320 340 396 428 446 454 460 476 480 568 579 626 627 670 697 698 733
468
18
39 69 74 82 101 110 144 147 148 150 167 193 253 285 302 345 388 438
607
50
4 9 14 18 31 59 63 76 80 100 120 132 147 148 182 190 199 202 206 215 224 229 235 236 246 253 267 277 279 326 329 386 390 393 412 428 430 448 452 454 471 486 487 509 515 521 561 565 573 589
251
37
6 7 11 18 23 25 31 34 36 45 46 48 52 93 97 101 102 111 133 143 144 169 171 178 182 184 191 197 200 207 212 223 228 229 230 232 248
184
42
4 9 16 18 21 23 42 44 51 52 53 57 77 78 83 85 89 92 94 97 99 103 104 105 107 111 112 118 119 131 135 137 138 145 147 159 161 166 167 169 179 181
551
38
22 45 46 64 69 74 99 101 115 124 126 191 209 214 231 238 257 258 261 277 300 309 320 324 325 338 384 407 436 453 466 470 483 484 490 503 513 533
924
9
145 163 250 387 501 533 556 670 681
845
20
32 84 108 121 166 295 324 407 456 474 480 497 501 551 560 569 602 691 835 844
936
20
36 146 201 339 341 360 488 492 510 607 609 696 706 714 745 777 795 797 800 934
636
42
1 29 46 49 58 59 65 76 88 92 100 123 131 142 157 181 186 192 197 234 235 237 257 263 266 267 271 287 309 327 331 333 365 392 403 471 491 503 515 569 575 617
816
21
57 105 193 199 213 224 300 306 330 355 364 416 475 500 521 646 664 681 727 763 772
887
36
8 40 64 83 113 134 164 176 181 245 259 262 264 275 281 397 440 464 471 528 541 549 572 573 600 606 658 671 680 703 737 810 813 841 858 870
841
41
34 40 43 55 67 79 112 188 211 337 361 400 426 457 500 524 526 534 539 551 582 588 597 609 637 640 645 652 672 680 690 699 710 723 730 743 760 767 784 787 823
581
15
80 96 97 110 129 187 217 308 312 314 349 402 408 444 450
619
6
81 291 386 428 545 615
885
25
73 126 135 147 156 210 242 277 314 317 333 367 418 440 448 502 522 550 564 581 608 644 807 839 852
912
6
21 241 379 790 829 849
20
19
1 2 3 4 5 6 7 8 9 10 11 12 13 14 15 16 17 18 19
393
35
6 8 22 43 60 62 71 82 83 102 105 114 132 137 151 185 200 207 216 221 222 246 267 285 295 297 299 322 326 344 356 359 382 386 390
667
48
1 10 36 39 43 49 55 72 79 110 135 159 185 191 196 199 200 220 244 265 270 273 275 304 314 329 337 368 385 392 399 401 412 462 473 503 507 515 522 532 555 560 566 574 614 621 622 665
224
35
9 10 12 13 19 25 34 35 41 45 47 51 69 90 92 96 102 111 118 122 151 157 162 164 165 167 168 176 178 179 191 196 206 216 221
915
9
69 77 167 184 208 349 387 709 839
26
3
13 21 24
246
2
186 243
443
14
1 3 23 58 79 85 177 239 263 269 290 364 397 402
231
20
14 45 83 96 99 100 123 142 145 165 176 186 190 198 200 205 208 219 220 230
653
8
94 159 174 309 453 616 618 648
557
1
387
998
12
49 136 164 236 401 498 574 712 767 776 955 959
66
28
1 7 8 9 13 17 19 20 28 29 31 33 41 42 43 44 46 49 50 51 54 55 57 58 59 61 63 64
135
20
6 13 29 37 39 40 44 51 61 64 65 71 73 88 90 100 103 107 113 134
743
32
4 71 76 93 95 98 104 111 116 128 130 178 210 238 245 286 299 332 355 360 385 392 413 444 516 517 562 577 602 614 623 669
174
26
4 7 9 16 25 29 35 36 39 49 53 54 56 63 66 70 77 134 143 145 151 156 160 162 167 172
162
47
8 10 14 16 17 25 30 31 37 38 39 41 43 45 47 48 66 67 72 73 76 83 84 86 87 89 94 102 105 113 114 116 118 121 122 124 138 142 145 146 147 148 151 152 155 157 159
804
4
251 427 443 620
749
7
71 110 281 339 425 479 582
419
43
24 28 47 53 54 64 77 83 109 139 162 166 168 184 204 207 221 229 232 241 243 249 256 268 290 291 300 302 312 314 315 329 330 331 343 344 361 362 383 394 398 405 412
151
46
5 7 8 11 13 21 22 24 25 26 28 30 31 35 36 42 49 60 64 66 67 72 73 76 83 84 87 89 96 101 102 103 104 105 107 111 112 119 129 130 134 135 136 137 138 139
694
33
3 12 45 102 109 154 178 199 202 222 224 226 229 235 290 302 325 326 330 341 352 382 402 407 415 441 469 496 506 507 558 564 618
431
26
17 32 56 69 70 130 136 174 177 191 195 209 223 234 250 278 287 315 344 347 348 360 365 366 383 413
90
32
2 3 5 6 10 14 15 24 27 30 32 36 37 38 41 42 43 51 55 59 63 65 69 70 75 77 80 81 83 85 86 87
576
22
32 34 41 76 89 104 124 174 233 256 267 296 312 316 333 355 360 468 490 493 496 571
433
4
221 244 304 361
622
14
16 92 110 158 204 285 389 432 454 465 508 519 579 586
684
27
7 38 68 102 111 164 165 213 266 301 311 313 322 342 348 372 402 421 422 424 471 486 489 551 636 654 683
895
2
392 826
280
24
15 18 22 28 36 38 66 82 108 111 123 137 144 152 160 161 188 204 227 235 241 245 256 278
686
40
38 48 55 77 95 96 113 134 147 158 185 219 229 232 233 242 250 267 286 290 310 326 359 385 400 401 411 414 435 471 482 506 549 582 617 622 628 630 642 677
561
36
9 34 48 76 82 87 106 122 129 138 147 151 155 207 210 214 266 274 278 291 333 339 368 377 392 428 433 450 462 466 467 471 474 479 482 503
603
50
2 16 26 40 48 53 60 68 74 80 92 98 99 111 130 131 132 133 141 181 188 191 201 209 271 276 283 294 331 378 395 406 418 437 441 445 464 466 472 480 484 495 513 516 531 535 544 560 573 599
635
40
22 23 112 113 116 118 120 151 159 171 175 207 233 261 262 286 290 302 309 310 367 371 382 397 398 404 439 448 455 496 498 519 538 552 559 567 582 588 594 621
402
10
52 125 217 253 273 284 300 341 355 366
678
3
169 383 549
338
15
19 60 70 71 96 129 167 180 199 203 234 287 299 303 317
876
36
33 68 86 102 122 123 146 156 173 198 214 247 261 283 296 318 322 360 395 407 421 428 474 480 481 574 589 608 639 655 670 742 772 806 817 842
525
16
44 81 104 113 242 278 279 303 307 314 330 356 388 407 467 482
402
22
10 14 15 29 63 81 129 163 166 168 177 185 193 217 222 229 240 258 267 306 359 394
271
30
4 33 35 39 73 74 84 92 98 99 152 160 169 181 182 187 189 191 195 201 210 212 221 224 243 249 260 266 268 269
398
31
4 10 25 50 51 54 57 58 78 93 102 103 110 139 143 147 149 152 157 159 163 166 178 192 245 249 257 270 353 382 391
814
46
17 39 44 84 131 153 156 165 172 173 184 219 221 252 253 260 266 268 282 354 358 373 407 418 427 432 446 450 476 526 542 564 574 611 615 625 626 656 661 674 676 678 683 685 690 770
828
5
41 100 498 575 784
250
6
112 166 176 188 205 217
799
31
7 19 76 134 158 163 164 299 329 343 369 377 382 402 407 428 429 430 432 457 467 509 537 546 609 641 669 734 741 750 782
626
40
5 21 34 68 69 81 91 106 123 135 160 175 207 216 260 264 268 274 314 341 345 359 369 376 379 425 428 435 437 462 478 539 541 548 549 569 574 595 600 622
838
3
334 557 675
495
7
25 71 179 188 321 407 441
421
10
3 37 143 170 233 313 340 357 366 370
634
10
17 84 220 222 252 256 318 381 397 541
905
36
25 60 65 118 152 180 221 242 246 276 326 334 398 430 476 489 513 515 523 568 596 598 622 650 657 692 722 723 735 739 748 757 780 806 833 895
412
10
1 27 45 61 72 172 265 271 299 340
80
33
4 5 6 8 14 15 17 18 19 20 25 28 30 33 36 37 39 43 49 51 55 57 60 61 63 64 66 67 68 69 70 72 79
197
35
3 5 6 11 22 38 40 50 54 61 65 75 82 84 88 106 112 116 122 127 130 135 141 144 146 156 158 161 167 174 178 185 188 189 196
845
10
269 271 292 323 538 539 541 604 732 799
94
28
2 5 12 15 17 21 23 24 26 27 29 30 38 39 41 45 47 53 54 56 60 61 70 83 86 87 88 89
124
37
11 12 15 24 28 31 33 38 40 46 55 57 58 59 60 61 63 65 67 69 73 75 77 79 80 84 88 95 96 97 103 105 110 113 114 117 121
983
44
5 43 58 118 122 124 145 166 191 199 202 217 263 266 330 361 393 398 415 421 476 530 532 589 600 646 661 669 686 733 755 766 792 796 808 838 879 892 893 905 947 950 952 981
375
1
45
963
29
24 100 106 187 208 214 305 306 345 411 447 460 573 594 626 642 671 672 699 712 729 780 792 806 853 901 905 912 924
241
5
57 90 102 170 228
827
35
20 24 43 59 60 100 145 170 180 208 211 239 253 257 319 347 406 419 448 477 495 551 593 624 651 656 657 672 687 702 714 720 732 781 814
224
29
14 16 20 22 24 33 41 44 54 58 65 81 94 101 112 114 125 143 150 165 166 172 177 182 189 192 196 215 217
568
34
9 22 92 109 113 116 137 141 143 150 165 181 206 209 232 236 252 284 294 317 330 341 359 370 387 423 425 447 459 461 472 522 540 561
280
5
66 177 251 255 272
125
8
19 23 25 30 41 75 82 85
861
10
21 65 99 101 181 297 347 401 730 830
545
32
6 8 13 19 23 24 31 41 87 101 108 146 178 182 190 208 218 252 264 289 318 320 321 347 374 381 407 436 447 495 498 521
902
27
1 19 27 61 86 111 126 169 178 393 453 465 469 499 552 603 662 703 737 744 752 759 833 849 862 888 893
546
50
8 23 42 60 63 79 87 93 118 131 135 141 142 165 177 183 194 200 207 216 219 227 236 239 248 287 291 292 300 319 328 329 330 345 371 382 383 386 418 431 439 470 472 474 478 487 519 529 534 545
901
8
110 180 199 505 506 558 599 704
609
38
1 3 13 47 99 126 134 136 138 148 176 225 238 250 270 278 318 324 326 347 385 396 417 426 432 433 444 455 492 495 502 542 562 566 569 570 584 593
912
15
48 63 395 436 480 514 546 547 552 557 654 677 721 768 871
487
17
14 41 63 79 118 129 169 230 306 315 325 327 344 398 406 452 480
418
20
31 59 105 179 182 184 186 245 247 249 267 296 305 306 317 326 330 340 369 387
120
2
68 84
860
42
9 10 61 70 94 95 104 118 138 140 143 145 159 174 186 187 208 217 231 256 296 327 350 356 407 438 446 510 547 619 636 690 707 718 720 730 753 778 787 824 844 849
935
28
2 6 88 102 136 176 201 251 268 269 305 353 364 400 412 417 501 559 563 573 580 592 649 689 823 835 858 933
277
32
5 6 11 13 18 24 27 32 58 81 89 107 127 136 139 140 144 163 181 184 198 205 216 222 243 245 246 254 268 270 271 274
57
46
1 3 4 5 6 7 8 9 10 12 13 14 15 16 18 20 21 22 23 24 26 27 28 29 30 33 34 36 38 39 40 41 42 43 44 45 46 47 48 49 51 52 53 54 55 56
139
1
102
626
1
358
733
25
22 64 75 80 102 204 277 280 283 349 352 386 403 419 457 470 476 478 496 539 545 609 662 709 722
209
19
7 28 29 56 62 66 74 80 104 110 114 118 121 127 135 141 178 194 204
598
3
238 347 435
854
13
130 178 298 381 407 592 633 736 749 789 813 816 830
67
38
3 5 6 7 8 9 12 14 18 21 22 25 28 29 32 35 36 37 39 40 43 44 45 46 47 48 50 51 52 53 54 56 57 58 59 61 64 66
529
50
21 31 39 46 53 55 61 63 66 77 110 116 127 142 143 150 152 153 161 168 202 221 230 248 250 253 269 271 274 290 300 302 344 351 354 358 360 382 384 391 434 443 459 462 464 480 484 492 515 524
638
9
101 137 169 274 275 336 341 420 598
649
17
33 47 76 113 120 195 242 282 304 307 342 354 360 365 448 565 570
227
36
3 19 25 30 33 38 40 43 48 55 59 74 75 80 81 82 92 94 111 113 117 122 124 125 128 131 142 144 149 161 170 179 187 189 193 203
334
21
37 55 69 70 89 124 127 139 157 164 173 212 226 228 237 267 296 300 301 310 325
645
27
3 46 48 66 76 98 125 147 173 245 257 272 400 431 456 460 479 494 503 513 555 558 567 592 601 616 642
203
21
2 17 29 32 57 60 71 89 90 93 98 100 103 107 111 118 133 156 158 190 196
980
2
536 828
976
40
40 87 88 122 154 171 236 260 293 324 334 339 365 389 412 421 480 511 531 541 542 576 586 587 593 607 645 659 660 726 731 763 793 820 862 894 919 926 936 944
194
39
3 4 6 14 16 17 18 29 32 43 56 57 66 72 86 97 100 104 108 110 115 117 119 120 121 135 136 137 143 145 147 152 161 166 168 174 175 182 183
403
12
45 62 133 146 195 249 258 283 343 354 370 399
56
27
3 7 11 16 18 19 21 25 26 29 30 31 33 36 37 38 39 40 41 42 43 45 47 51 52 53 55
355
33
1 50 55 59 64 94 108 120 123 124 148 159 181 186 188 207 217 219 223 237 241 261 268 271 279 308 310 332 334 337 342 344 349
276
44
5 9 11 27 33 34 39 44 51 54 60 65 67 76 86 91 98 109 118 122 126 135 139 140 148 153 156 164 165 170 171 173 178 183 185 192 195 201 210 219 222 237 242 262
110
37
6 7 10 12 15 17 20 23 29 30 38 40 41 46 48 50 53 58 62 72 73 75 76 78 82 83 85 86 89 90 92 93 96 97 103 106 109
748
22
27 49 59 91 150 160 161 163 246 266 297 312 364 371 386 437 479 633 643 650 667 714
718
48
12 14 18 21 30 35 48 53 55 62 78 86 107 109 116 140 173 178 187 204 259 266 358 380 400 402 413 436 442 452 455 469 477 481 513 514 534 541 557 582 630 646 656 658 665 666 705 713
649
49
5 8 14 31 45 55 62 80 82 85 99 100 107 118 122 180 184 208 232 233 248 293 305 318 320 325 345 375 389 390 427 437 451 454 469 477 481 518 525 527 530 566 584 591 597 608 618 639 642
558
24
90 140 165 205 222 237 245 246 252 277 279 337 339 362 368 398 401 412 415 433 479 511 544 553
228
14
6 14 32 40 42 80 91 95 100 164 196 198 220 223
705
44
10 20 25 45 49 62 65 78 82 101 127 129 133 141 148 151 156 171 175 181 183 263 265 271 332 354 361 363 370 384 419 422 438 446 480 500 529 600 611 622 623 661 677 696
588
12
31 56 66 68 118 179 246 273 406 425 461 517
704
35
26 63 83 95 119 146 202 214 248 271 296 325 333 347 414 441 461 471 489 495 507 511 515 522 524 532 541 551 567 568 580 589 645 650 652
265
24
2 6 20 59 69 70 72 90 105 111 119 162 172 175 179 182 185 194 204 207 226 244 252 261
708
25
1 73 164 187 213 228 245 259 309 316 323 326 345 380 399 487 497 501 513 515 553 569 571 646 700
935
1
615
705
40
30 43 52 64 72 105 119 120 143 175 196 199 210 244 260 269 274 285 317 319 341 352 371 383 410 423 433 434 448 470 519 546 554 562 566 574 584 590 627 697
87
32
1 2 5 11 12 17 18 19 22 26 28 30 35 37 39 41 42 45 46 47 50 51 52 57 60 62 70 71 72 77 81 83
836
41
10 18 37 42 45 66 74 86 90 113 116 132 154 188 228 301 305 343 386 411 412 419 430 433 466 473 486 491 511 546 556 590 600 615 617 620 733 773 776 817 826
524
33
28 34 36 71 77 103 105 110 131 138 161 166 218 244 251 254 290 293 321 335 345 403 410 411 438 439 455 461 462 463 475 488 522
468
25
34 35 59 85 207 223 247 255 257 270 271 285 323 341 342 346 348 354 367 370 393 404 414 439 445
317
29
8 42 49 62 87 97 112 128 130 134 139 141 155 164 178 187 197 202 225 240 242 248 263 269 273 280 288 302 309
844
37
14 49 74 92 94 101 102 126 157 158 193 264 267 313 319 343 351 352 364 373 413 433 490 493 506 508 547 550 600 628 660 662 676 781 791 792 821
183
13
5 18 24 34 49 103 115 120 128 141 153 167 171
930
21
73 79 158 172 206 355 395 405 410 412 480 498 563 586 596 655 661 735 742 751 894
146
10
5 25 27 32 36 95 98 119 131 136
233
20
13 23 24 29 49 56 73 84 93 95 101 102 141 155 163 180 204 220 221 224
462
5
91 129 182 374 410
369
25
12 23 39 95 99 102 141 159 200 208 218 219 237 238 243 247 254 271 273 292 304 323 330 334 365
157
29
2 3 11 20 28 35 42 49 50 54 57 62 69 71 85 92 95 98 101 109 120 121 122 123 124 141 145 148 155
483
17
41 48 81 94 113 123 176 201 221 272 324 348 362 417 440 445 470
44
30
1 2 3 9 10 11 14 16 17 18 19 20 21 22 23 24 25 26 27 28 29 30 32 33 34 38 39 41 42 43
933
50
10 25 78 105 116 118 133 135 159 169 172 199 202 216 228 247 285 303 305 327 331 342 366 368 447 458 481 502 548 579 591 606 683 692 713 716 722 725 758 760 764 766 791 793 819 834 863 874 917 928
973
46
58 178 205 208 226 255 273 281 308 343 360 367 397 433 441 443 481 485 490 499 520 562 580 616 628 645 659 681 695 701 702 770 776 794 813 824 825 839 852 862 865 876 908 923 930 966
2
1
1
588
12
1 9 20 21 147 220 351 354 491 495 507 541
162
24
5 8 9 17 23 36 41 44 45 59 61 80 84 101 103 114 119 123 126 137 157 158 159 161
98
38
1 2 4 7 8 10 20 22 23 33 35 43 44 45 46 47 48 52 53 55 57 59 63 64 66 67 68 70 76 77 79 81 83 85 88 94 95 97
118
49
2 3 5 10 11 18 20 22 23 25 26 29 33 41 42 47 50 51 52 53 57 58 61 63 65 66 71 72 76 78 80 83 84 86 89 90 95 98 99 101 103 104 106 107 110 113 114 116 117
257
16
36 52 70 84 101 104 108 115 142 145 152 202 210 211 219 234
981
1
918
494
29
5 15 20 41 46 69 89 106 107 109 155 166 174 186 216 279 295 316 329 347 354 373 389 400 444 454 477 485 490
318
5
6 22 35 225 301
742
20
81 87 121 179 191 216 237 261 280 341 365 369 429 453 495 496 499 602 661 714
262
29
1 16 26 29 33 37 45 52 72 75 79 95 99 104 111 123 155 171 179 182 186 187 191 200 210 223 235 239 255
445
48
22 30 46 56 90 93 99 102 106 109 115 119 120 131 141 155 175 181 185 194 199 208 211 213 224 228 257 261 263 286 318 324 325 331 349 353 355 367 368 375 379 400 403 411 419 427 431 444
713
45
9 12 18 32 48 60 71 73 77 78 87 96 193 211 218 231 247 315 343 354 368 378 406 409 411 425 426 430 441 455 474 501 524 548 552 577 587 609 626 634 640 672 687 691 698
336
17
2 3 77 84 87 102 159 165 168 175 194 198 234 266 309 321 325
424
46
14 20 29 49 51 62 70 74 100 101 119 122 124 133 141 142 152 155 177 185 188 239 241 267 269 274 280 286 312 322 326 328 342 343 346 347 349 357 366 370 383 391 393 399 400 403
17
9
1 2 3 4 7 13 14 15 16
726
19
16 136 145 172 178 186 187 292 302 316 391 417 472 476 515 578 594 605 634
406
14
37 80 96 104 141 155 171 189 233 241 253 287 366 399
764
1
62
433
14
53 71 150 180 190 273 294 363 367 375 399 414 417 419
864
6
23 60 94 619 651 723
203
36
4 5 9 14 24 26 29 36 41 50 58 61 68 71 77 82 83 96 107 110 117 120 123 124 130 132 142 152 156 163 166 175 184 194 196 201
875
15
36 96 182 213 262 268 302 356 375 451 514 696 709 744 859
147
21
7 11 12 15 22 25 26 30 34 40 42 48 49 50 64 70 78 86 115 118 119
627
11
17 31 74 162 176 242 252 255 374 449 486
286
7
10 87 123 126 150 209 226
572
28
7 9 15 25 41 83 86 100 136 140 155 186 243 250 261 265 288 317 322 328 349 389 405 450 461 495 499 547
665
43
19 48 64 76 82 117 130 133 159 172 179 198 215 227 230 236 237 246 261 280 281 292 297 311 315 320 361 367 378 383 389 394 396 415 463 495 511 521 539 575 578 583 647
828
49
8 17 64 71 120 122 134 140 218 225 240 244 258 313 355 362 369 397 406 418 428 443 444 445 462 481 486 491 513 514 523 542 545 590 613 633 635 653 671 680 696 744 766 780 784 789 791 800 811
532
43
18 30 42 45 50 67 80 82 90 109 114 127 137 142 157 188 200 230 234 246 247 258 261 269 286 292 298 302 325 353 361 373 387 391 404 422 433 451 458 461 475 483 509
372
27
24 57 72 85 87 109 116 156 186 196 203 245 254 265 271 275 282 284 294 303 313 321 326 330 332 358 359
40
5
8 15 16 23 33
769
27
52 90 92 144 152 161 195 211 276 277 348 358 392 402 424 464 495 539 559 576 599 609 627 666 702 721 758
971
47
22 45 84 100 119 130 191 234 314 323 325 351 361 382 412 421 452 506 510 513 514 525 533 535 555 570 592 646 651 664 666 682 685 729 752 766 773 786 829 843 857 862 868 878 921 928 964
61
21
1 5 6 7 8 9 11 17 19 21 24 26 29 30 31 32 35 36 46 51 54
614
5
158 249 490 506 580
595
36
11 46 49 61 74 101 111 127 148 150 173 191 195 208 225 233 236 253 258 259 268 323 378 390 396 429 445 507 508 511 523 551 553 575 578 586
597
4
5 246 337 536
786
22
39 76 128 213 270 286 295 303 314 330 333 345 372 525 532 551 573 616 647 668 707 758
936
32
37 110 125 137 194 197 211 243 253 288 327 361 380 402 405 423 518 522 555 559 622 627 697 698 729 752 753 779 780 784 916 919
984
49
53 78 80 81 84 91 109 124 148 175 210 230 245 250 288 304 307 311 342 345 399 423 454 479 491 501 526 542 607 621 622 641 648 694 732 734 773 804 830 854 855 867 874 916 922 924 940 942 968
434
18
28 42 65 83 87 88 141 142 208 251 255 278 294 301 313 374 410 422
666
20
37 57 60 195 208 310 326 333 340 422 428 476 479 528 574 575 576 624 646 648
886
12
63 136 157 176 221 260 268 370 450 646 713 824
613
42
38 51 73 81 111 119 120 124 141 142 163 169 176 202 223 224 241 270 274 305 310 324 355 383 386 393 406 450 472 479 491 517 534 542 545 547 554 566 570 579 593 605
450
32
5 9 13 22 39 42 60 63 64 72 86 93 103 133 194 199 202 206 208 209 213 235 263 308 315 331 369 379 380 395 422 446
661
34
31 43 79 157 166 182 223 238 279 282 285 290 339 361 363 421 431 457 466 472 494 522 531 535 549 577 580 585 595 614 623 630 636 651
544
40
24 27 30 63 123 125 130 132 138 168 199 204 210 213 215 218 240 249 263 269 270 288 290 307 345 368 370 382 400 406 419 420 448 457 490 493 498 499 509 530
729
48
8 34 42 51 57 89 94 114 129 133 135 152 184 203 218 233 238 291 316 317 344 346 349 365 371 388 412 419 421 427 446 449 462 475 479 501 507 522 549 555 557 583 587 620 629 651 689 712
633
4
207 219 310 620
713
24
39 48 54 55 120 132 134 162 169 249 309 352 378 390 401 445 479 484 502 536 555 566 611 663
367
23
3 4 9 10 11 34 74 106 113 132 136 161 167 175 211 218 222 255 273 295 335 341 357
21
4
3 8 11 17
891
44
34 45 48 110 126 144 158 202 206 245 260 270 298 299 309 339 365 395 413 423 427 428 440 458 487 491 499 524 526 542 583 617 626 630 716 719 743 748 796 831 840 861 880 883
536
15
31 81 163 214 232 259 308 315 316 326 334 347 357 368 462
194
30
9 13 14 16 26 28 40 53 54 58 59 63 65 68 69 70 87 99 104 112 119 122 128 130 137 147 148 163 175 183
13
10
1 3 4 5 6 7 9 10 11 12
745
42
15 22 39 51 83 136 137 172 245 268 315 317 335 350 358 359 383 385 393 402 420 438 440 446 461 466 476 480 486 520 527 541 568 615 625 644 654 656 665 677 688 728
50
37
2 4 5 6 7 8 9 10 11 12 13 14 16 17 18 20 22 23 25 26 28 29 30 31 32 34 35 36 37 38 39 41 44 45 46 48 49
555
22
5 50 83 102 191 218 230 246 260 269 294 299 320 322 379 400 442 466 479 481 497 529
769
45
3 37 49 54 130 143 148 169 171 197 242 247 254 258 282 291 298 307 323 346 349 380 409 432 433 440 445 451 508 523 541 546 552 584 594 602 614 661 692 726 732 736 748 764 768
19
17
1 2 3 4 5 6 7 8 9 10 11 12 13 14 15 16 17
939
1
380
96
6
8 10 14 46 62 88
162
41
5 8 10 14 15 23 38 39 53 56 59 60 61 71 73 74 75 77 81 86 88 89 93 95 97 108 120 121 122 126 130 131 134 138 144 149 150 152 153 157 159
671
33
16 33 55 85 96 111 117 120 121 122 147 154 231 233 234 260 309 321 327 341 382 385 402 417 426 490 525 539 545 567 568 592 608
530
4
85 125 336 477
905
15
6 26 208 238 279 295 362 525 542 546 629 730 740 754 777
174
43
2 4 6 16 19 22 24 28 30 32 37 49 54 62 63 66 67 71 72 77 83 87 90 97 116 117 118 120 122 123 125 126 129 137 147 149 152 154 156 157 160 163 171
201
28
4 7 11 15 24 33 39 44 65 77 80 87 94 99 118 125 132 139 141 143 145 153 157 158 161 162 163 191
532
7
26 46 59 224 289 439 520
792
45
11 32 89 100 103 169 170 178 185 186 192 194 249 298 300 335 393 415 420 421 448 470 475 480 486 496 517 532 543 549 576 583 603 621 628 629 632 641 644 682 720 728 766 788 790
707
10
18 84 372 378 551 603 637 658 696 702
400
43
21 50 57 71 76 84 90 92 93 98 101 112 120 125 126 127 134 156 159 162 171 178 211 225 240 245 258 263 274 301 302 325 328 330 340 353 368 373 380 381 382 389 390
10
5
1 2 5 7 9
423
13
13 50 62 76 108 112 123 158 226 287 299 310 353
736
45
10 35 41 44 77 82 107 118 159 174 213 214 222 227 250 254 256 269 298 299 358 362 365 402 403 431 435 440 456 467 470 472 519 543 557 615 616 630 641 642 648 705 708 713 716
432
18
4 24 53 95 96 124 135 188 194 202 229 279 307 323 329 389 422 429
208
27
2 3 5 10 17 25 34 46 53 75 76 82 84 85 87 89 126 132 156 169 170 179 182 191 195 197 200
350
12
14 20 28 67 93 105 154 178 197 339 340 348
980
36
8 38 131 134 135 136 149 150 160 162 170 197 203 214 216 222 265 317 355 356 403 471 494 578 598 607 624 729 814 831 861 871 899 913 924 958
797
1
392
159
22
1 6 13 16 37 39 57 64 72 76 78 79 80 83 92 93 99 115 144 147 150 157
848
2
392 472
314
10
3 46 63 67 102 117 123 205 249 260
491
41
12 23 24 32 33 47 69 87 88 94 95 132 139 149 158 159 163 180 195 197 216 221 225 233 256 264 272 298 306 318 366 369 377 385 429 432 461 466 468 484 488
616
41
8 14 47 54 76 94 98 102 142 175 187 193 197 205 247 266 278 295 297 298 318 353 378 386 397 400 420 426 447 460 467 483 487 495 500 522 548 575 576 607 612
380
18
6 14 81 84 96 103 108 164 188 192 208 230 231 241 244 250 347 354
797
24
48 49 79 154 156 169 171 209 232 243 332 379 383 391 411 453 456 476 626 633 640 669 702 745
195
6
12 96 97 98 101 180
507
13
98 101 117 195 216 226 233 305 320 339 340 366 466
534
23
27 52 66 76 83 87 138 177 193 205 253 262 289 321 325 336 374 399 401 407 506 514 520
35
8
2 5 11 19 20 24 26 29
473
14
196 205 230 261 265 272 312 328 357 361 406 408 424 428
580
36
19 20 21 28 37 76 77 116 172 180 207 211 226 235 249 270 288 348 349 374 385 387 398 400 424 429 436 451 460 481 486 492 508 534 555 567
479
46
7 14 79 86 88 92 100 108 118 136 145 154 160 162 164 174 187 194 197 200 206 207 209 220 225 238 242 263 283 291 298 319 326 341 346 368 386 407 419 428 433 440 461 464 469 472
212
30
2 7 11 22 23 31 55 60 63 66 67 73 91 92 104 115 121 126 146 154 157 158 161 163 179 187 190 191 195 199
61
29
1 2 3 4 8 14 16 17 18 19 21 24 28 30 33 38 39 41 43 46 47 48 49 50 51 52 55 56 60
516
48
12 25 28 31 51 70 81 85 88 103 112 113 136 138 140 152 174 185 188 198 204 208 241 265 271 293 301 303 309 321 322 342 349 365 367 396 400 404 407 410 413 414 421 434 441 444 447 449
249
37
3 6 17 28 38 44 51 67 69 71 74 78 79 81 86 101 107 111 127 128 132 138 140 147 160 178 186 201 203 210 213 216 223 229 234 235 248
818
26
13 24 44 89 223 239 266 288 355 361 363 379 423 429 552 568 570 592 593 684 725 728 731 768 776 799
642
23
3 95 103 156 180 210 280 293 299 302 308 344 405 408 416 514 532 537 538 541 598 635 636
369
30
13 33 49 55 56 63 65 74 96 99 130 131 149 152 154 165 174 198 210 214 226 257 260 266 291 318 319 321 323 346
328
20
6 36 47 53 56 79 82 99 150 167 183 246 252 263 267 278 300 308 314 319
536
42
45 55 62 82 87 94 105 133 149 158 165 166 179 199 210 214 240 258 259 260 265 277 281 285 308 327 362 369 400 406 409 415 417 430 441 479 482 492 497 500 509 527
444
44
6 8 16 23 25 32 59 80 91 102 133 150 151 163 174 188 204 215 224 244 249 256 259 260 266 284 287 295 301 303 306 314 317 332 355 376 380 395 417 419 428 430 442 443
900
43
8 25 57 63 64 66 87 98 136 151 159 166 171 176 203 217 220 336 353 361 387 408 418 431 432 436 442 446 518 520 528 533 538 551 556 616 768 771 804 852 861 886 898
670
11
41 107 138 297 359 373 473 533 584 665 667
886
5
12 111 563 597 665
46
4
1 2 32 42
867
33
99 102 107 129 177 180 205 230 240 273 313 365 388 409 506 508 520 526 573 595 601 648 650 679 692 698 706 712 732 772 776 801 811
866
49
7 8 12 46 86 105 145 146 187 190 243 245 287 302 310 311 336 356 368 370 391 392 394 412 427 428 445 465 481 492 495 503 527 538 549 563 584 618 632 689 701 702 734 752 779 784 811 820 845
571
24
4 43 55 59 129 141 159 186 202 217 307 337 340 353 380 410 417 442 443 450 507 513 531 569
76
50
1 2 3 4 5 6 7 8 9 10 12 13 14 17 18 19 20 21 22 23 24 25 27 28 30 32 35 40 41 42 43 44 45 48 49 50 52 54 55 56 57 59 60 62 65 67 68 70 74 75
845
8
36 158 175 221 442 511 730 798
510
28
7 21 26 122 148 157 158 172 214 230 231 239 247 264 307 314 342 347 355 358 369 383 398 409 460 478 488 502
182
36
6 7 9 16 26 28 43 50 65 66 75 84 86 87 88 89 92 93 103 106 116 117 121 127 130 131 137 141 145 147 152 159 162 170 171 176
449
7
46 50 131 234 386 422 434
868
39
25 70 113 131 150 158 161 165 174 212 221 232 233 270 279 288 294 302 314 397 442 461 479 489 493 542 599 618 691 703 708 710 733 753 759 764 848 853 854
811
1
84
880
19
50 88 109 115 136 546 560 590 711 715 716 777 806 810 820 835 840 845 870
417
42
7 21 27 32 36 37 76 92 98 114 116 127 129 148 150 165 167 178 193 220 236 241 245 252 263 282 304 305 311 320 321 327 330 336 339 352 366 372 374 385 393 402
112
3
27 54 70
271
3
29 115 138
951
29
97 109 125 260 294 326 405 416 425 484 503 517 577 581 605 624 661 672 686 695 697 704 766 778 823 825 874 892 908
115
49
1 4 5 7 8 18 19 24 25 27 28 34 38 39 40 41 45 48 49 50 51 52 53 54 57 61 62 65 66 68 69 73 75 77 79 80 81 84 90 92 95 99 100 103 105 107 108 110 114
984
8
87 193 202 301 394 828 848 876
287
4
57 90 100 152
322
24
32 43 49 52 58 61 72 82 83 114 115 116 119 127 128 137 165 173 194 205 216 248 316 317
493
12
20 83 144 161 174 176 212 350 357 411 471 474
549
32
3 19 27 53 63 66 73 79 95 111 125 164 172 235 244 253 258 264 284 305 330 333 340 344 345 414 449 480 505 514 529 545
835
50
2 13 46 51 69 78 82 88 133 138 141 160 192 223 238 267 288 290 308 327 376 395 438 485 505 510 520 527 533 538 575 587 630 643 657 672 675 685 706 712 772 775 777 778 784 807 810 812 817 825
3
1
2
199
34
2 15 16 25 30 31 35 37 44 49 51 58 69 78 95 99 100 103 106 108 112 114 142 155 161 163 171 175 180 193 195 196 197 198
264
25
7 27 28 41 42 54 79 81 82 97 98 121 128 134 140 142 178 188 205 221 222 223 253 257 260
714
7
32 58 134 351 468 506 555
481
2
402 423
567
7
57 126 210 389 419 421 473
17
2
5 16
265
40
10 31 68 88 95 96 102 104 109 111 114 117 121 136 142 159 166 167 168 177 181 184 189 197 201 210 214 217 226 229 230 235 244 247 253 256 258 260 261 264
923
40
17 36 51 87 96 107 114 122 171 172 223 240 242 249 304 305 310 325 355 368 434 438 454 545 573 594 618 629 669 701 703 719 741 742 772 792 829 871 883 891
306
3
94 176 236
437
26
4 7 59 61 82 83 117 138 151 152 167 170 207 234 267 279 281 328 334 359 384 393 394 417 418 425
580
9
16 84 100 177 319 365 422 434 509
701
9
108 119 198 277 308 371 525 592 616
236
39
11 22 29 30 48 63 70 72 84 85 86 96 97 101 104 108 109 113 115 121 122 128 131 132 137 140 142 152 153 155 177 182 183 199 202 218 227 231 235
740
16
28 36 71 94 95 119 151 155 260 266 388 573 581 688 691 726
141
39
3 4 5 16 22 25 31 34 44 50 52 58 61 63 64 66 73 75 83 86 91 93 97 101 102 104 108 117 119 120 124 125 126 127 130 132 134 138 140
67
23
1 4 6 7 12 13 16 19 21 23 24 27 28 30 40 50 53 55 56 58 60 61 65
893
3
181 540 771
363
36
1 9 17 39 45 47 55 72 101 113 142 158 159 165 169 170 171 174 186 196 198 209 218 224 251 257 261 270 287 291 302 323 342 346 353 359
74
35
2 4 8 9 10 11 12 14 15 18 19 22 23 25 27 29 34 37 39 40 41 42 45 46 48 54 56 57 60 62 64 66 67 71 72
498
14
29 101 109 125 145 156 222 234 242 306 324 377 388 409
749
35
18 33 43 64 73 112 113 155 157 178 270 275 291 315 316 321 336 400 424 441 445 463 464 470 476 501 508 510 575 635 677 683 699 716 720
843
40
8 10 14 25 35 102 113 137 149 164 191 197 218 238 249 251 297 312 322 339 359 369 412 419 424 425 435 479 484 487 515 526 549 583 605 673 705 750 795 821
51
43
2 3 4 5 6 7 8 9 10 11 13 14 15 16 17 19 20 21 22 23 24 25 26 27 28 30 31 32 33 34 35 38 39 40 41 42 44 45 46 47 48 49 50
120
29
2 11 21 24 26 27 34 35 36 37 48 52 61 65 69 70 73 83 88 95 99 105 106 107 109 111 112 114 116
18
12
1 3 4 5 6 7 9 11 13 15 16 17
993
30
78 90 96 145 163 175 194 199 244 272 280 282 283 312 314 327 430 551 567 632 697 709 779 844 874 901 911 915 934 974
624
9
54 174 325 367 408 411 436 610 614
841
38
6 23 36 53 76 92 100 101 107 154 160 164 185 190 200 206 209 213 226 264 289 311 329 397 495 529 553 554 633 655 706 713 751 768 769 797 810 814
826
8
24 181 232 486 489 502 516 677
988
16
111 156 263 311 332 395 465 473 508 526 681 718 728 751 804 894
737
22
18 24 41 135 192 220 227 262 266 287 344 368 397 403 443 446 497 503 584 639 652 674
182
47
3 6 10 14 22 28 30 34 41 45 52 55 56 63 65 66 77 80 90 103 107 110 112 119 123 128 129 134 135 138 140 141 142 143 149 153 157 159 161 163 166 168 170 174 177 178 180
701
16
3 81 121 150 165 184 190 196 316 390 396 486 531 572 660 679
662
23
13 35 49 66 72 133 148 156 182 226 285 311 335 357 394 406 456 504 566 599 619 629 637
406
5
1 5 218 263 398
101
42
2 3 4 5 6 8 9 10 12 13 14 16 19 22 23 24 28 30 39 40 41 43 45 46 47 49 54 57 59 61 62 63 68 71 77 80 81 82 87 89 91 100
511
50
9 11 30 35 38 68 70 78 85 89 102 108 114 136 160 185 198 200 206 246 263 269 274 281 289 291 302 308 313 323 325 326 328 332 340 351 363 407 428 430 437 443 457 459 482 484 501 504 505 510
37
11
7 10 13 18 23 24 26 31 32 35 36
280
26
19 25 30 38 46 58 63 65 91 99 111 113 134 183 184 193 205 208 211 217 238 247 259 260 266 269
919
4
8 85 217 811
559
8
13 100 150 291 365 405 431 502
383
16
10 41 50 68 105 149 161 171 181 182 291 332 351 374 375 376
496
21
14 20 31 60 70 75 86 206 220 271 307 332 361 392 410 425 433 434 457 467 488
423
50
6 10 12 35 39 43 55 92 93 95 98 111 136 137 145 159 161 163 196 203 206 215 216 232 235 258 284 287 289 314 317 320 323 333 342 360 364 365 366 370 371 374 379 381 382 386 388 390 415 420
300
20
19 47 54 56 61 89 122 140 143 151 183 232 233 240 245 253 260 265 266 291
799
27
9 77 80 92 220 224 251 309 346 353 356 445 466 470 505 550 562 574 577 602 642 692 711 734 766 769 784
812
39
1 12 44 47 59 77 86 87 90 101 106 126 131 168 172 184 210 222 342 352 410 412 440 442 443 468 479 488 637 639 668 670 742 751 764 799 801 805 811
119
24
3 5 13 15 22 27 31 34 41 43 46 47 51 53 58 60 63 64 71 79 94 101 103 104
742
49
24 32 59 66 67 96 103 126 127 136 143 168 170 186 187 190 208 236 247 248 253 260 310 312 314 317 325 349 361 367 370 400 412 424 453 477 487 492 540 558 562 576 623 635 649 671 697 706 738
526
36
1 22 68 87 110 116 120 121 128 130 136 144 152 181 185 187 193 211 271 273 277 306 323 327 362 398 414 417 438 440 449 455 491 496 504 520
869
25
51 56 57 76 100 216 221 227 311 337 342 369 388 412 414 463 487 508 522 538 546 682 731 742 852
857
6
26 191 264 307 797 816
120
19
3 29 39 40 41 44 48 55 61 67 70 72 80 93 95 96 103 105 107
642
1
418
902
18
44 135 310 311 326 347 375 407 427 438 446 531 683 691 729 773 821 880
423
29
9 18 20 35 87 93 97 104 157 200 202 206 209 228 235 237 239 265 302 310 311 346 365 366 382 385 393 396 401
567
36
14 17 20 27 55 57 58 69 77 88 106 126 141 175 185 205 217 263 265 298 313 327 334 379 410 432 453 458 471 474 479 480 496 503 504 522
147
30
1 2 3 9 11 31 36 37 38 39 42 48 54 60 63 64 71 84 85 94 113 114 116 118 120 125 126 135 136 137
732
48
5 60 85 110 111 114 148 149 182 191 194 233 239 247 252 255 264 270 271 278 282 284 291 300 312 324 339 340 370 399 441 457 502 516 546 560 564 599 608 613 619 632 661 677 692 701 720 727
317
50
4 7 9 11 17 18 20 21 26 29 36 43 72 80 86 97 98 99 104 108 110 113 116 119 130 141 160 162 164 165 167 183 192 208 219 236 247 251 258 261 267 268 270 274 278 288 296 300 301 310
632
16
29 84 101 179 221 235 252 288 420 447 477 498 499 555 574 600
575
13
17 116 124 134 279 282 315 338 359 378 462 498 526
476
19
11 45 49 54 89 96 112 182 215 217 226 250 256 311 334 351 387 403 407
869
15
171 209 265 289 342 352 367 534 576 620 644 746 808 829 866
710
48
39 46 63 73 83 87 96 97 107 120 128 130 153 166 169 177 181 186 201 228 233 234 240 264 280 287 300 310 321 354 381 382 399 404 451 465 497 513 548 549 566 568 576 610 612 641 655 684
620
11
20 89 139 146 267 337 346 489 514 559 587
423
41
46 57 78 80 89 103 114 116 126 128 134 138 141 144 158 185 188 189 194 212 213 217 224 226 265 273 274 299 302 316 327 328 337 351 364 375 387 400 406 411 419
271
40
7 17 18 22 27 29 31 32 35 37 38 42 61 100 120 127 140 142 146 153 154 155 158 160 161 171 175 186 189 206 224 225 236 241 246 248 255 260 267 269
741
32
2 25 57 63 70 82 128 181 206 218 245 248 258 259 313 372 373 377 380 384 419 426 446 459 549 571 611 670 673 680 701 702
270
26
6 9 19 42 50 62 71 93 95 97 104 107 130 135 138 141 149 165 176 196 202 239 240 241 248 263
350
13
7 17 30 64 89 97 107 115 120 172 246 304 310
698
17
4 34 190 204 234 273 334 405 414 442 557 602 605 611 617 634 681
974
31
7 51 58 80 146 163 187 199 208 210 271 293 354 357 366 395 458 489 493 495 525 573 594 674 705 750 812 839 900 911 928
342
7
66 125 161 235 258 260 315
545
23
5 69 92 121 142 155 189 194 210 234 251 274 312 392 394 400 442 452 457 490 510 537 543
312
17
9 11 43 46 66 120 125 162 166 184 216 233 236 285 291 304 310
797
45
16 35 44 57 66 87 103 117 148 226 254 276 278 292 296 303 312 391 398 420 464 468 473 491 511 525 552 563 579 584 591 619 645 647 654 659 679 681 691 695 700 702 751 789 791
113
10
3 5 7 22 34 52 53 64 69 95
846
7
108 126 472 625 669 728 806
519
31
14 50 63 98 102 108 115 124 126 130 141 153 182 183 196 238 262 301 315 322 327 381 382 417 420 429 447 458 483 488 509
337
33
2 9 15 16 29 31 34 35 38 48 58 59 77 90 109 138 141 142 145 146 154 158 168 181 187 204 238 266 269 307 311 318 329
919
22
48 54 70 105 211 274 331 341 355 605 615 626 636 682 722 804 817 820 832 840 876 879
612
32
8 47 88 116 138 141 163 170 172 174 182 226 276 292 342 356 359 362 382 400 412 425 439 447 473 515 530 547 553 568 574 589
607
5
87 249 316 332 492
181
40
1 6 11 14 15 17 18 33 41 42 49 52 54 55 63 70 73 77 79 81 88 96 97 98 110 117 129 130 144 146 147 148 158 159 160 167 168 170 171 175
653
13
86 143 192 217 229 326 361 433 479 549 605 639 648
317
47
2 17 43 44 49 50 55 64 65 72 77 92 97 104 107 108 109 114 120 138 141 150 153 154 165 177 189 195 216 222 223 225 233 242 243 264 265 280 284 287 291 292 294 295 303 309 311
50
41
1 2 5 6 7 8 9 10 11 12 13 14 15 16 17 18 19 20 21 23 24 25 26 27 28 29 31 33 35 36 38 39 40 41 42 43 45 46 47 48 49
421
14
3 21 72 118 133 171 263 268 328 350 356 366 385 394
255
40
8 14 21 22 36 46 56 59 60 76 86 98 116 122 128 132 135 136 138 142 147 149 159 164 166 178 186 190 192 193 195 204 205 223 224 231 232 239 244 248
363
14
12 29 39 49 51 63 67 81 131 138 247 272 298 359
319
16
29 35 63 117 130 142 146 158 172 185 213 214 225 282 308 309
605
2
79 493
211
44
1 6 10 11 13 14 15 18 20 21 27 39 41 45 61 67 71 75 80 85 89 94 95 101 104 108 116 119 121 129 131 133 149 156 160 167 172 173 174 186 187 202 204 207
960
26
38 49 151 196 202 333 398 413 433 434 445 480 492 527 565 578 624 635 776 782 800 842 876 932 937 958
477
17
10 50 71 118 134 198 202 214 217 218 248 255 264 323 371 401 427
758
37
16 26 114 119 166 168 170 174 179 180 185 190 224 240 267 304 317 327 347 368 372 403 407 481 487 499 503 506 610 629 637 657 669 697 715 733 747
578
45
16 32 48 57 61 66 69 124 125 149 154 166 180 182 201 202 207 213 217 241 247 275 289 291 316 335 349 357 359 365 367 428 429 436 453 469 490 536 539 541 544 548 553 567 574
408
11
17 58 71 73 125 173 176 206 222 227 271
127
43
2 5 8 11 15 16 17 19 21 22 26 28 29 31 34 35 36 38 44 50 51 53 54 57 58 60 64 69 72 75 80 82 85 88 89 92 100 103 114 115 118 120 124
954
40
8 98 120 124 132 167 194 225 230 242 258 261 340 366 380 406 423 432 513 514 531 554 581 586 588 591 592 609 678 682 718 741 770 771 781 841 848 882 888 920
606
2
261 319
112
46
1 3 5 12 20 22 23 24 27 28 30 31 32 34 35 36 47 51 59 60 63 66 70 71 74 75 76 79 80 82 83 84 85 86 87 88 89 90 92 93 94 95 102 107 110 111
513
10
26 102 131 166 187 191 193 211 273 323
606
11
44 87 101 139 359 390 483 493 536 575 599
659
13
33 62 99 272 457 469 527 528 531 535 564 581 582
224
3
104 119 207
320
5
12 98 123 204 271
429
8
6 64 113 132 146 253 276 356
881
33
8 51 67 75 140 199 220 262 272 305 335 388 399 405 472 530 531 542 603 621 628 657 661 684 733 741 751 807 819 858 859 865 868
273
17
1 20 46 48 49 62 96 102 118 133 176 177 209 213 247 251 256
592
17
33 48 81 104 110 302 308 344 345 373 458 484 495 513 539 540 567
569
12
34 56 196 221 223 255 268 334 426 505 531 541
516
32
6 13 23 35 72 78 108 109 116 121 128 139 140 154 184 209 213 222 254 267 291 300 316 324 326 366 397 409 410 436 476 486
660
9
85 257 390 419 443 496 552 559 610
664
5
60 290 355 406 634
372
40
5 19 28 34 35 36 44 49 61 66 94 106 109 114 120 125 136 145 150 168 190 207 214 222 246 249 261 280 283 295 305 307 310 324 325 331 332 334 365 368
740
32
16 81 201 210 241 260 270 285 291 296 318 321 355 361 366 369 371 377 416 420 514 538 590 592 599 610 619 653 654 692 705 721
818
20
4 9 13 36 190 225 228 271 339 389 435 463 667 672 728 743 748 770 789 813
582
46
3 5 6 10 18 37 50 84 94 105 109 127 131 136 137 138 141 153 156 165 173 183 234 258 298 301 359 385 408 410 414 417 438 445 450 464 469 481 487 488 501 507 538 548 551 575
520
44
11 14 20 31 50 54 65 114 117 131 137 170 173 194 200 204 214 228 254 266 268 270 275 291 301 302 308 311 318 328 329 351 364 366 374 378 391 392 453 454 457 467 483 495
501
7
25 42 170 186 329 413 453
683
32
18 33 121 128 157 178 196 200 229 343 345 350 354 424 436 437 453 476 482 486 488 540 544 546 548 566 578 586 602 605 618 626
283
9
26 76 136 147 164 221 223 243 250
752
16
128 213 214 299 431 437 473 496 541 547 584 607 626 656 674 688
805
33
52 62 77 142 153 199 214 254 306 310 312 315 320 327 356 391 418 441 477 504 505 539 554 579 588 592 628 707 769 777 782 789 799
283
44
11 13 16 17 28 31 34 43 49 56 63 64 65 72 82 85 88 95 100 115 119 129 134 135 145 152 153 161 172 181 191 201 216 221 226 229 231 235 244 254 257 261 270 272
409
5
104 208 246 303 375
63
21
4 5 6 8 10 12 13 15 17 18 19 23 28 33 38 47 48 50 53 58 62
226
48
1 10 11 12 19 26 28 36 39 50 59 69 70 73 85 86 91 93 94 95 98 105 106 107 116 118 121 122 124 138 140 141 142 143 144 151 155 161 183 186 189 192 193 199 200 203 211 225
963
17
65 232 245 341 355 397 415 421 464 482 619 650 684 777 780 798 911
116
11
41 47 52 68 80 84 85 99 106 107 109
290
22
11 50 93 100 131 153 154 157 164 173 178 180 224 250 254 256 262 265 266 268 278 284
213
2
135 190
178
7
6 20 88 127 146 168 176
292
28
7 10 19 35 42 47 56 93 108 114 115 120 126 146 149 153 162 168 188 200 201 213 221 230 240 259 269 280
718
16
37 116 165 194 231 241 278 288 354 361 421 441 472 540 647 653
866
46
9 28 39 44 57 73 136 141 148 158 160 184 187 200 258 294 302 325 326 350 361 367 384 428 430 459 472 480 484 501 517 535 539 553 572 615 630 674 675 684 727 736 749 775 844 847
641
30
137 138 154 183 196 216 237 249 264 276 307 316 342 404 449 462 475 485 506 517 518 532 556 558 589 592 594 601 609 640
402
48
23 73 80 85 106 109 110 120 131 132 142 149 162 164 166 170 183 186 188 199 204 206 231 239 248 253 258 261 269 270 275 282 296 297 302 313 324 328 330 332 350 358 359 369 385 390 392 395
840
1
286
388
10
42 45 61 70 100 213 239 262 295 368
121
43
1 5 6 7 16 21 23 28 29 32 34 36 40 44 45 48 49 51 52 55 57 59 62 65 71 73 75 76 80 81 82 85 89 91 103 104 105 109 112 113 114 117 119
461
23
7 16 56 70 105 115 152 160 167 173 192 200 213 224 234 300 304 309 341 342 378 388 416
904
6
51 507 607 624 894 903
83
8
6 13 19 27 34 38 46 82
289
10
7 35 46 58 72 78 114 269 271 283
820
50
4 13 21 36 38 46 62 71 77 110 115 125 140 156 187 271 284 285 320 327 343 347 352 362 386 392 397 437 441 446 457 485 497 507 515 566 598 632 634 665 677 683 690 692 719 751 763 781 794 811
975
33
22 27 94 104 110 132 155 174 175 192 227 333 352 364 411 437 461 550 586 625 636 664 677 813 884 885 902 930 943 947 967 968 974
816
21
86 166 278 352 373 410 432 436 448 452 477 504 538 565 608 613 623 627 669 725 809
510
16
13 74 164 207 226 234 258 260 286 368 371 378 477 484 493 501
935
22
40 50 163 169 199 228 235 246 261 286 313 345 397 408 508 524 577 644 735 739 829 908
240
22
30 40 53 74 90 92 96 115 119 128 135 136 146 153 163 164 170 183 205 209 222 233
256
7
111 128 152 176 181 220 247
151
8
13 55 80 90 92 104 111 119
252
40
11 13 17 24 31 32 37 57 60 62 64 70 71 81 87 99 104 106 116 118 120 124 131 144 165 174 184 185 188 193 198 203 207 218 221 226 231 239 243 251
322
49
2 12 22 29 52 55 62 65 93 98 106 107 110 112 113 143 155 157 160 168 169 181 183 186 192 195 201 203 204 209 220 222 230 235 247 248 249 260 261 264 265 267 271 274 289 295 303 304 321
733
49
3 9 16 27 37 65 73 76 82 89 114 123 130 136 138 159 162 222 225 233 256 277 280 282 285 333 369 382 386 396 397 416 436 438 460 517 522 527 552 561 594 635 637 650 654 656 687 721 729
43
41
1 2 3 4 5 6 7 8 9 10 11 12 13 14 15 16 17 18 19 20 21 22 23 24 26 27 28 29 30 31 32 33 34 35 36 37 38 39 40 41 42
244
38
2 7 25 28 39 41 45 48 76 82 85 95 123 125 126 133 144 146 154 157 158 160 168 178 179 182 187 192 197 199 207 210 214 224 229 234 238 242
866
47
14 18 23 34 56 67 78 90 100 125 174 236 244 294 313 321 340 362 376 377 435 450 459 465 470 474 511 522 527 547 565 569 582 607 642 661 679 704 720 732 754 770 779 786 816 833 839
844
4
64 280 370 665
100
7
30 58 63 76 80 89 97
232
49
4 8 17 24 26 29 34 35 43 46 47 53 55 59 61 66 69 81 82 85 86 87 91 92 93 111 124 125 126 141 151 154 159 163 166 167 170 171 179 181 182 195 196 200 204 205 222 225 230
669
22
29 42 69 70 122 159 190 220 221 234 268 271 273 303 330 348 407 440 443 450 540 654
928
11
67 102 264 452 463 466 491 664 711 823 912
479
45
10 14 26 36 43 44 48 52 55 83 105 126 134 146 154 159 183 187 188 201 214 216 220 223 255 258 278 292 294 305 308 318 335 365 366 383 387 395 406 414 426 429 442 466 468
953
17
24 38 156 196 248 274 322 354 459 492 526 621 656 701 703 826 920
63
24
2 3 4 10 11 12 13 14 17 20 21 24 26 29 31 35 36 43 46 48 50 56 58 61
97
6
7 8 26 35 93 96
624
7
33 34 289 310 348 553 574
190
28
1 10 12 30 31 33 34 36 55 58 64 67 70 73 86 89 96 100 102 115 128 132 140 141 152 156 175 176
623
2
49 539
266
28
2 17 20 26 31 32 72 79 83 88 115 121 129 132 145 162 165 170 174 176 180 184 189 194 203 204 230 251
981
7
54 190 495 678 695 759 836
731
7
97 183 375 379 405 507 570
317
14
38 58 74 83 88 152 186 187 193 198 200 212 268 307
735
28
5 20 38 45 85 172 179 258 274 293 347 386 405 458 462 464 481 490 491 528 585 641 656 663 689 707 717 724
220
3
104 199 212
811
33
14 40 59 104 112 163 191 230 257 260 304 348 355 398 412 469 477 491 558 589 595 601 605 606 633 637 641 666 686 691 702 785 797
758
28
129 130 201 241 270 294 309 312 387 390 424 452 475 484 503 520 528 595 608 611 646 651 681 690 703 733 744 750
787
21
4 6 37 38 181 221 293 408 410 457 462 510 521 564 578 630 671 726 757 769 784
558
3
82 364 436
433
27
25 26 82 92 162 165 168 178 190 194 231 242 245 251 258 269 281 286 293 297 317 335 351 395 401 411 421
261
2
58 165
221
33
2 11 22 29 37 50 56 69 72 80 81 87 90 117 123 124 126 128 129 131 142 154 165 174 175 182 189 196 198 205 206 207 214
425
4
42 110 325 339
110
1
91
146
21
4 6 9 10 18 27 33 35 56 60 64 74 91 95 96 100 102 103 106 131 141
858
29
26 36 88 113 175 243 282 310 329 361 430 474 513 539 550 560 562 563 577 585 640 646 653 657 673 693 734 737 788
485
5
165 224 227 334 396
142
24
6 11 16 21 29 37 46 53 62 71 72 73 84 88 92 101 103 104 109 113 124 128 137 140
776
50
12 14 28 39 73 100 124 143 165 171 177 189 191 223 250 279 287 316 339 346 355 357 383 392 418 462 474 482 494 519 537 538 551 590 603 616 618 621 623 630 638 642 650 677 710 712 726 739 747 752
605
14
3 70 129 134 144 214 391 415 441 452 467 512 531 540
232
9
1 7 120 126 127 165 173 194 202
116
3
18 31 37
84
1
39
711
5
219 414 450 659 702
635
4
68 143 332 509
176
36
3 7 11 24 26 36 42 47 50 53 55 59 61 62 66 69 70 73 77 83 87 88 96 100 105 112 121 129 131 139 140 141 155 159 160 167
281
49
23 30 31 33 37 41 52 58 59 62 67 69 85 98 101 104 108 113 114 118 124 125 134 140 144 145 149 156 163 167 168 169 180 187 192 196 199 201 204 207 208 217 221 229 230 232 249 263 266
307
36
4 11 35 65 74 79 85 92 95 106 116 117 129 132 134 148 151 164 168 171 175 178 182 186 191 197 208 220 234 236 254 259 270 271 283 284
21
13
1 2 4 5 7 9 10 11 14 15 17 18 20
635
38
1 3 50 68 70 76 82 91 100 122 127 135 152 171 173 205 220 246 278 286 304 313 347 353 370 416 425 436 437 449 475 481 504 523 540 589 605 624
469
2
26 96
18
8
1 2 3 6 9 12 15 16
588
17
120 140 167 199 200 351 356 376 388 394 427 430 469 501 512 522 538
791
50
18 22 34 42 50 70 123 124 141 151 166 192 196 205 208 221 304 311 313 317 319 322 346 356 362 377 398 418 438 439 444 476 509 525 529 550 569 573 574 588 598 605 615 659 703 721 727 739 753 780
749
2
504 525
490
31
8 30 56 81 93 95 142 159 161 192 223 231 234 265 281 289 341 345 347 356 376 377 400 412 429 441 459 462 467 480 482
183
27
11 16 41 45 49 50 58 61 66 70 75 86 115 126 131 133 140 154 155 160 162 163 171 172 174 179 180
335
37
6 7 9 10 18 33 45 65 66 82 87 89 122 170 176 184 185 195 204 221 232 233 243 244 250 254 263 287 288 300 305 310 311 319 326 328 329
281
29
2 4 7 27 29 42 44 52 58 67 90 97 111 117 124 126 137 139 140 141 167 206 207 215 225 229 261 268 280
916
10
69 174 298 320 416 538 561 659 773 855
199
43
4 5 6 15 17 20 25 26 27 34 41 42 53 55 61 65 69 74 75 76 80 88 93 94 97 99 112 116 122 133 136 137 142 143 147 149 151 152 155 165 176 178 185
877
30
2 7 33 50 61 86 112 133 159 185 217 266 283 319 328 354 365 405 418 454 632 693 700 703 713 735 761 789 807 825
63
45
1 2 3 5 6 7 9 10 13 14 15 16 17 18 19 20 21 22 23 24 25 28 29 30 31 32 35 37 38 39 40 42 44 45 48 49 50 51 53 55 56 57 58 60 62
893
34
36 59 130 178 214 250 285 362 366 379 382 389 392 519 532 543 547 561 566 568 585 599 649 653 676 681 762 779 791 798 806 830 839 884
903
29
61 70 83 122 132 150 279 292 293 301 320 372 377 379 387 393 435 446 500 540 563 664 699 716 732 744 792 805 883
833
45
48 64 93 110 126 171 172 190 195 212 220 226 249 270 288 301 313 356 365 390 417 426 452 462 478 515 533 554 565 584 612 615 622 640 642 650 677 683 684 687 688 733 763 776 804
800
23
81 129 155 323 401 434 446 451 463 494 503 511 523 531 584 651 660 665 697 756 770 777 798
803
21
47 50 59 70 130 133 173 238 251 268 324 399 429 513 584 611 656 719 744 752 759
807
20
63 71 98 111 123 125 126 127 168 201 236 290 301 370 502 507 714 762 780 784
505
43
3 5 38 54 84 130 131 134 140 154 157 159 174 178 223 227 231 241 261 263 273 274 281 286 288 328 335 356 382 385 399 401 405 414 421 429 430 441 447 448 463 471 498
654
19
66 110 193 199 300 312 337 343 359 389 398 409 430 468 478 502 504 522 635
230
18
4 7 13 25 26 39 40 95 104 110 120 158 169 196 198 204 217 221
859
24
61 96 152 202 248 277 330 360 404 407 412 456 482 560 561 576 700 726 746 753 815 836 838 854
321
36
25 27 29 33 47 52 53 64 70 74 83 98 99 108 111 113 140 141 147 167 178 191 193 205 207 234 245 253 258 262 266 278 291 300 301 316
292
22
10 13 24 31 32 46 49 59 82 85 87 105 142 160 166 180 202 207 215 216 225 244
529
39
2 6 9 18 36 64 147 148 156 158 190 205 219 242 246 264 269 273 297 350 351 355 362 390 392 402 410 429 448 452 455 465 467 469 471 486 488 515 519
404
33
1 31 34 50 58 65 80 90 104 108 111 112 114 127 129 132 134 168 176 184 193 196 206 278 286 297 300 312 338 341 359 395 400
394
3
78 292 326
146
29
2 8 13 15 21 23 40 44 47 49 51 53 58 60 66 70 72 75 76 81 90 101 110 113 114 118 119 124 125
311
8
44 180 217 234 235 237 304 306
774
26
3 5 20 59 90 127 166 200 212 233 256 283 284 342 396 429 452 543 596 609 619 649 686 737 752 762
738
29
28 34 107 160 184 190 199 228 241 256 289 305 306 357 362 376 395 437 508 561 578 580 621 660 675 686 699 701 723
511
23
68 108 122 127 154 156 161 173 182 185 197 201 242 244 271 289 356 374 401 406 409 433 504
923
12
174 199 260 343 390 437 447 469 568 603 695 912
790
10
64 202 237 271 280 335 509 570 586 590
613
12
39 233 262 330 338 353 356 417 553 562 563 567
112
17
1 16 17 18 25 26 31 50 52 55 59 61 81 83 90 102 103
462
32
13 14 17 30 39 59 72 83 89 92 93 103 112 138 174 186 213 216 218 226 254 255 256 259 297 301 320 349 403 411 424 446
652
21
8 11 12 14 53 65 168 192 197 267 280 288 296 299 342 425 436 470 477 533 622
653
24
7 9 24 60 63 84 127 155 169 186 231 297 311 425 426 429 441 460 466 557 627 628 635 642
869
45
36 42 53 83 113 143 157 158 161 167 204 218 245 255 256 286 323 337 352 367 421 435 470 503 506 507 576 586 597 602 617 693 698 718 730 737 769 776 789 792 798 805 834 848 861
147
40
3 4 15 17 23 24 25 26 28 30 35 41 45 46 48 50 61 63 64 74 77 84 93 97 100 104 105 107 116 117 118 119 122 125 135 138 142 143 145 146
459
9
5 25 96 131 275 278 352 360 421
130
44
2 7 8 9 12 13 15 22 24 29 31 33 35 39 50 52 61 63 64 65 71 75 80 83 87 89 92 94 95 97 99 100 104 105 108 110 112 114 116 118 119 126 127 128
813
17
47 60 104 163 174 175 207 219 241 259 270 350 394 470 481 647 769
134
48
7 10 11 14 18 23 26 27 32 33 42 45 48 49 53 57 58 59 65 70 71 73 75 78 79 81 82 83 85 86 88 89 90 93 94 97 104 107 110 111 112 115 117 119 121 124 131 133
200
13
2 6 17 40 73 82 138 141 165 176 179 183 185
101
15
6 9 12 23 24 32 42 46 47 53 67 73 79 82 91
154
17
25 48 52 70 76 85 97 101 106 109 114 130 133 140 149 151 153
947
26
43 82 160 178 184 210 247 257 315 337 367 383 405 491 507 540 559 613 634 636 711 733 762 870 896 915
136
15
3 10 15 21 30 35 58 64 71 86 94 114 115 121 127
295
14
8 44 73 99 174 176 197 217 225 251 274 275 277 280
139
25
8 11 12 25 29 35 36 37 39 40 49 51 58 66 69 70 104 105 110 114 115 124 125 129 130
732
43
18 38 47 60 89 101 147 218 254 258 289 362 364 369 375 376 380 439 441 463 473 482 493 496 499 511 533 541 543 556 571 576 596 619 620 637 649 658 665 680 701 715 727
713
18
8 58 64 86 111 128 186 207 258 304 319 401 466 538 547 553 580 698
800
24
89 99 146 187 189 238 273 308 343 368 372 393 398 422 480 506 512 514 525 532 644 689 735 752
886
27
1 8 55 92 93 147 154 160 166 175 220 244 246 256 286 308 334 420 470 474 488 495 602 617 632 687 779
434
22
67 87 109 120 130 135 150 219 276 284 302 314 323 333 337 370 372 377 381 404 412 418
958
48
3 19 26 29 54 57 134 180 196 201 203 213 255 259 268 345 385 392 439 440 468 478 508 644 654 655 664 684 688 690 691 696 706 729 738 750 762 766 771 784 789 817 828 834 882 893 924 944
73
20
4 7 10 23 24 30 33 34 35 37 38 42 43 45 48 51 54 55 56 61
513
5
15 82 254 289 295
844
23
21 66 126 139 160 180 274 275 285 368 429 446 468 479 504 525 589 653 665 705 722 749 777
228
14
30 42 43 48 58 108 136 164 177 190 193 194 201 202
696
46
1 32 39 43 47 66 107 116 121 164 178 180 190 198 208 215 219 236 246 250 268 307 309 315 335 343 362 373 393 405 409 440 441 464 472 484 536 563 565 568 590 599 603 607 623 633
719
1
380
350
32
25 41 48 60 64 70 82 87 124 139 177 194 212 221 222 227 228 234 241 259 263 266 267 277 283 299 303 308 325 326 335 349
758
32
62 81 93 119 153 164 177 179 233 239 247 285 307 355 356 409 411 469 479 486 492 511 561 570 576 587 598 606 619 682 691 742
820
27
7 12 14 37 53 102 110 117 118 247 254 264 295 305 351 352 366 367 399 405 424 443 549 608 657 716 791
745
44
58 67 70 84 133 152 173 179 205 207 213 214 219 238 266 272 281 295 300 317 350 360 380 407 451 454 456 463 505 508 512 516 526 532 569 593 605 609 611 620 625 652 709 733
729
14
1 6 71 74 123 246 314 362 454 462 565 586 642 718
605
39
20 25 33 34 67 79 116 156 170 206 238 241 251 254 261 278 304 338 382 384 393 394 406 430 437 442 444 445 447 453 491 506 509 514 543 544 549 557 558
402
21
3 21 39 57 78 88 95 110 116 130 138 195 200 212 241 254 281 287 298 314 387
211
30
3 4 6 10 12 14 15 20 27 30 41 46 51 56 58 62 74 75 123 127 128 133 136 144 151 157 175 197 207 210
374
17
6 13 23 32 53 64 77 100 137 151 179 185 208 226 267 279 289
615
26
57 110 143 148 162 170 176 227 264 286 297 317 330 331 344 353 395 422 464 503 507 550 552 566 591 600
393
18
29 36 41 60 92 103 104 126 145 158 193 218 231 233 250 265 319 370
157
27
1 2 7 10 17 24 27 29 37 40 43 48 52 61 92 105 109 112 115 119 124 132 138 141 148 152 156
105
2
63 84
48
22
1 3 13 15 17 18 19 21 22 23 24 25 29 31 32 33 34 36 39 40 42 46
210
49
8 11 15 21 22 27 31 36 46 49 50 56 60 62 67 69 70 73 86 89 93 97 98 103 111 113 116 117 119 125 135 138 140 146 147 148 154 164 165 166 169 177 181 188 190 197 200 202 203
423
29
51 69 70 71 81 93 113 158 165 166 167 176 192 203 214 243 260 261 278 280 312 321 323 337 357 376 381 396 397
916
18
4 19 120 235 258 348 471 514 566 616 640 654 716 768 770 838 860 867
778
29
2 4 76 88 141 143 151 223 247 277 296 329 343 373 377 386 427 449 481 494 498 541 543 576 596 633 638 645 692
876
38
43 47 65 90 122 153 236 304 308 322 336 376 382 394 402 411 474 478 491 505 516 518 612 684 692 707 718 723 735 755 756 777 778 806 809 814 857 861
491
10
1 5 28 76 182 223 266 337 388 437
150
6
64 84 101 128 130 134
150
44
4 5 6 10 14 19 22 23 29 39 40 42 43 45 52 55 60 61 66 67 68 71 77 79 80 82 83 84 85 86 95 97 104 106 112 118 121 127 130 132 134 135 142 146
82
23
7 8 11 13 14 15 17 18 21 26 28 37 39 40 42 46 58 66 67 70 71 77 79
971
47
5 20 24 54 71 93 116 121 191 195 248 255 279 287 298 350 374 386 391 395 430 433 435 439 457 476 517 557 575 596 604 609 630 642 651 704 745 760 797 855 860 881 891 920 923 926 968
526
41
23 39 60 79 113 120 149 172 178 183 187 191 197 214 246 260 262 270 295 298 316 329 338 339 349 363 370 372 393 404 431 433 438 441 469 483 485 493 505 508 518
110
27
1 3 8 12 15 21 26 27 31 38 46 49 51 52 54 56 59 62 66 80 81 84 85 91 96 99 102
166
32
2 10 14 18 21 23 26 32 35 37 42 57 58 66 79 82 83 87 101 110 113 117 122 124 128 129 139 141 142 152 156 163
328
44
6 19 25 33 37 47 48 50 54 68 80 90 92 93 97 115 117 131 139 147 151 161 168 170 175 176 182 184 197 202 215 216 241 242 255 261 264 266 272 277 282 283 290 310
529
5
6 20 63 306 418
250
10
14 27 34 63 73 132 138 171 196 217
850
27
52 56 123 133 137 138 174 197 222 280 300 306 333 336 346 370 375 433 568 597 708 744 753 757 761 795 802
134
27
2 8 15 19 20 23 26 31 38 43 52 60 68 70 71 73 76 103 106 107 117 121 123 124 126 131 133
664
4
69 96 476 496
396
8
46 60 63 90 206 258 303 371
470
28
13 30 33 67 69 74 84 106 155 156 165 174 183 191 225 232 247 263 270 273 301 310 343 404 411 427 436 456
967
40
10 12 57 72 91 129 143 145 185 187 231 249 259 285 313 322 324 376 453 455 465 467 500 525 534 572 574 596 637 686 713 727 736 746 785 788 821 848 919 934
619
18
3 60 103 131 195 227 294 361 382 413 423 461 465 553 573 580 586 609
498
29
12 21 54 68 70 116 132 141 152 169 199 204 226 232 238 252 281 315 316 318 327 336 347 357 408 459 460 464 481
415
12
59 97 107 156 159 241 252 258 283 305 355 361
295
41
9 13 23 27 33 34 61 64 67 78 86 92 93 108 116 117 138 142 149 150 151 155 164 172 176 180 182 189 196 203 211 214 228 242 246 253 272 274 279 282 292
310
20
17 43 65 92 104 109 110 122 129 144 180 183 187 194 198 204 215 217 223 266
0
