3
3
28510 22724
27152 21898
71679 24479
82326 30689
69824 29591
78412 19492
72710 18395
25908 70380
21937 81144
22437 78245
-1
8
18784 19314
19299 20828
16321 20327
17239 21471
44838 17383
51883 11447
45986 11228
46559 11515
48360 18034
47428 15897
52901 18434
54514 13280
51763 16118
48097 19438
48294 18535
54690 17882
53864 20168
78125 20206
77975 14470
85357 12027
18447 54128
18855 49669
19347 54646
22144 53342
16261 52821
20078 49157
11332 54848
21936 45278
12364 52848
17731 51803
21160 53232
45445 54529
51341 46905
51730 46739
55364 50976
53739 47989
48882 48980
49108 45310
53598 45519
49550 51696
54685 52341
51177 54594
51139 45504
49794 53794
53359 54146
45906 54633
52076 54399
53901 48323
44931 51572
84444 52838
84946 52575
20198 79137
18916 84596
21697 83910
20272 86857
14561 81905
14199 87581
49318 82423
44933 83582
51668 80667
45180 84137
47874 82649
52307 82505
44695 83601
54783 79094
49685 84828
51004 85160
49109 84945
52742 84912
53040 87111
50398 83217
47295 82329
53457 78535
51610 83932
44788 86596
54969 88018
44689 78733
55162 79966
49862 83930
47330 86640
46418 78952
48822 78996
52308 82268
50881 86261
51567 88402
46459 80448
46183 81185
45565 88818
52005 83080
47036 80403
51728 80753
54232 78208
51863 80662
50606 84614
53345 85506
50713 80080
47303 85783
45642 83808
48258 86133
49186 79766
-1
17
7570 11634
9476 10688
10329 11649
9746 10155
11376 8199
12454 8879
12179 9422
12037 10148
12896 10567
6971 10042
7629 8733
8485 7434
7919 12919
7451 8240
11282 10488
8884 11779
7994 9056
11083 8940
11728 11069
12033 9477
10674 10511
10118 12088
8003 7958
10128 9600
9995 11260
9401 7808
11278 10190
8338 10331
8801 7368
8557 11520
11761 11054
7915 7310
12435 9326
10520 12328
12434 11225
8985 13130
13120 12135
7420 9107
13058 10748
10200 8902
6856 8614
6776 9813
12109 12573
11368 12503
8241 10403
7265 12468
11745 11643
12388 10544
11073 8981
8054 7686
7371 13293
10253 7023
9188 10410
11146 10579
9715 9967
7783 9098
9106 7271
6699 7055
8130 8370
7739 10531
7425 11640
10152 9509
26964 12128
29748 9584
32213 9119
28025 7931
32081 7743
32614 7883
32460 6667
31597 7126
27065 8771
33324 7595
32153 11447
31373 9390
30735 12137
28637 6836
31773 11918
30679 12692
33212 8910
27346 12267
30575 9288
27770 12626
33260 7114
28335 8807
31848 6795
29820 9914
27037 9573
30511 12624
32272 9921
29893 7216
30828 7732
26837 11852
28139 9970
31933 7631
31322 12665
32426 7217
32336 8055
27012 10232
32114 10994
29574 12026
27160 10159
30934 10088
29931 10753
32399 8782
31093 10485
28758 10907
31010 12721
28346 7963
33147 10772
28861 11564
28850 10035
28841 8337
32896 7981
30112 7499
27663 9955
31202 11158
32402 7349
32489 13231
30002 7775
31949 12049
30550 11594
30192 11385
28402 7869
27984 6688
27101 11088
33260 9504
32291 9166
33113 12562
29640 11770
33301 12285
32882 7721
27992 10643
31362 7407
28320 10448
27107 8134
30372 6983
50707 12408
49970 6777
50708 8214
48261 9806
51726 12802
48231 7002
48761 6939
50019 13194
49168 12786
50216 11304
52451 11207
48507 10164
52061 11162
50794 7843
52810 10308
49341 8963
51936 8289
46826 6838
52925 10864
51594 9360
51866 8461
48747 9590
48735 7847
53153 8253
48990 10079
51910 6828
51117 7714
50134 7454
50055 11796
50256 9815
53198 13157
52120 10858
47193 8074
50232 10779
50105 8891
49209 8774
48806 10753
53290 8887
51655 6805
48214 11000
46913 8377
47964 7217
52557 8295
51276 9383
51237 7045
46665 9656
52725 12628
49658 9133
48612 11263
49317 10002
47884 9080
52793 6718
52487 10818
51087 11508
48115 11314
50841 12748
52207 9740
50351 13019
53279 11049
50240 8104
50720 13100
52409 12289
48117 10594
47263 8825
47023 10830
48376 9783
53082 9203
48957 12120
49857 9899
49899 9593
48201 7095
49345 8967
49469 9704
51265 7010
49293 10045
48042 11008
52830 12399
50059 11527
49492 13244
50706 13024
47453 10410
50795 8151
51457 12390
50874 13084
49292 10501
48229 9719
48169 13015
47519 10368
52509 7235
52517 10822
49436 7520
51701 9645
51115 11936
47947 6710
53135 7147
47345 9540
53058 12095
51830 11465
48263 12758
68325 11272
70067 11338
69218 11213
70434 10013
69615 11818
71022 8109
67224 7755
68147 8341
70385 12492
68896 9930
70128 11049
67596 8172
72785 6966
67862 10885
69126 11610
67127 12594
69307 7519
92887 10698
92857 7279
89686 8886
88142 11779
91710 8762
92579 12169
92702 10531
87624 11058
92048 10846
92528 11072
87594 13130
88645 6965
92331 12445
92197 8238
92299 8466
91189 12360
88240 11993
91007 12224
87902 6918
88842 6766
89373 11877
90419 8450
90436 10324
87405 8237
9009 30934
10176 27180
6794 28690
12591 31983
10621 28121
9662 27087
6978 32336
12379 32694
9163 30979
12940 32542
12106 31249
6841 27406
8589 30797
7782 31479
7061 30438
8083 29392
11296 31570
13235 33090
12784 29137
9391 30879
8280 28278
11940 28337
13267 32141
12278 26811
12348 27416
12545 29174
7673 31094
9908 31301
10926 32346
7407 31709
7765 28998
30131 30151
32441 31454
31551 30288
31555 30819
31530 27182
27330 27838
29132 31578
26688 30649
31337 27674
29269 26742
27811 29695
28411 29941
28552 29604
32731 26774
31714 32897
31714 32859
26730 30297
29648 29427
31813 31887
28592 31592
31950 28580
32900 27403
28747 30282
27801 32136
29903 27423
27842 27305
28027 27773
32606 27802
33172 33204
27358 30578
33304 30993
29218 31510
27084 32641
28769 28891
32573 32666
28308 32504
32404 33023
32666 32698
27906 31793
31677 30175
50465 26777
52421 30891
52658 31509
50807 31740
48525 27673
49577 32044
49407 30279
50637 28713
47530 30823
52102 32260
48670 27947
49072 28318
48439 29286
50185 27341
50056 30101
51199 32618
50438 31729
49920 32756
53043 29549
48084 32011
47059 29966
51737 31806
47440 28352
52506 30300
50975 27054
51169 32615
47376 32469
48198 29761
49966 29172
51573 27857
48831 31950
52089 29945
53237 29625
49795 32716
52383 29956
47316 32585
50596 26737
47610 27828
47808 29453
50287 30841
49137 29388
52807 29280
46700 27057
48031 29629
48476 27520
52717 28106
49162 31853
46788 27477
51655 26982
51285 29043
49604 28001
50882 27291
52510 29361
48535 30421
52744 30576
52277 26970
49218 28352
48090 27260
47607 28095
50979 27766
48134 29989
52058 28750
52269 31533
46674 32602
52281 31664
48386 31792
48831 31707
48448 31464
49442 30555
46719 29478
50809 30382
47397 29601
49963 30273
49519 28331
50718 30263
52282 28332
49709 32501
51146 27222
52366 32129
49291 27550
48833 30152
52665 30036
53286 30762
47493 29176
51832 28321
51372 31657
47409 33052
47917 32276
47291 27324
52709 28301
47400 29908
47240 28640
53310 27344
52960 27760
47738 28657
51681 29948
49946 31393
51013 30740
48584 27608
49452 32107
50582 30918
48155 30424
52587 31102
68419 31170
69222 32457
69716 32519
71404 28897
68961 29198
68421 30961
70818 31932
72958 28883
69258 26725
71947 28493
72864 33218
71639 31331
67464 27903
72072 28516
71378 29907
67694 29237
67403 28942
73162 31702
68488 27037
70607 30765
71183 31454
69971 29495
68384 26989
68366 28908
71958 31855
72191 31485
71338 28572
71802 32121
68066 26838
68693 30460
71244 27145
70929 32702
70093 32008
70308 32431
71723 28566
68601 31797
72678 32261
90053 33244
89617 32531
91702 30915
87523 29736
89051 32872
87635 33021
88598 31798
90060 32339
88871 27441
88847 29841
92354 27849
88438 27726
92878 26734
86923 32838
93053 28259
92840 30539
92312 28875
89385 32716
90899 30403
90990 30688
88596 29876
93307 28473
92301 28303
91751 31591
87609 28201
92261 32505
92783 27113
86662 32751
87455 29735
89121 26807
10182 49727
8890 47273
9775 52747
12340 50155
6881 49512
8543 49908
10695 49978
8563 47490
11160 51203
11507 53280
8725 51743
7692 46975
10438 49011
6802 50787
7752 47379
10925 50336
11373 47452
12532 52191
9801 53176
11764 53146
9043 52058
7529 48526
11238 49801
10033 48889
10811 50613
12713 47044
9248 47336
9418 49651
8721 47629
13184 49296
10170 47525
6909 47293
10431 51531
13314 49291
6905 53151
10183 48436
13132 47935
13131 51978
11580 50119
10819 50496
8783 51641
11613 51246
8381 47274
8747 51526
8469 48673
7407 50011
9912 50534
6990 48344
7475 52608
7498 51308
10511 47609
13224 47895
11733 52557
10583 51631
9676 49198
12107 46906
6672 50463
11166 48012
31319 46888
32301 52012
27356 52290
31117 48948
31546 52012
31982 47030
31680 48536
30844 47503
30504 47290
29064 47949
29297 49678
31283 49833
29481 47775
32651 52855
29585 52150
33267 52052
27101 46787
29257 51781
27699 52501
31572 52539
27337 51721
31358 51491
31886 49916
31948 46958
31133 47093
28437 51833
33231 50818
26693 48751
30440 50741
33199 48199
27839 47295
32646 48503
29074 48927
32459 49400
30906 49413
29417 48165
28881 53018
29907 52737
27106 48456
31110 49174
32121 52175
31848 52883
30036 51895
31625 47643
31890 52689
29815 49561
29713 48157
29632 49547
28321 48337
30077 46869
28571 50338
30898 51376
31613 48958
29425 48587
33203 49177
28689 47368
32533 50728
29023 50678
29726 50497
30430 52249
28654 52928
29467 48163
27006 53079
31281 50559
26908 46931
32829 47451
28568 49241
28992 47021
29181 49524
27595 47520
32366 50412
51768 51283
47474 47870
52234 49920
46952 51417
51372 52630
49345 52676
47777 51430
50046 53157
50252 47861
51294 52470
47879 50617
51763 47851
47818 47560
51834 49416
51313 51492
49172 50475
52481 52169
51955 52876
49645 47095
47114 52764
49449 51998
50276 51203
48466 53036
52682 47257
51475 47629
52828 49077
51611 49874
49773 47320
52120 48081
49169 51912
50034 52557
66734 48222
69115 48323
69233 50825
73084 49916
68036 51501
71357 49528
69337 51374
67272 52333
67290 48120
67727 49196
72787 51138
70745 48264
71613 48777
66699 51847
72357 51674
69084 48455
66701 49718
66692 49027
69701 52076
68588 52341
69373 47382
71090 52570
71553 51856
67475 52672
69768 47905
68479 48982
71796 48842
72309 49533
69824 47228
66944 51980
68063 53060
70809 50394
67002 47674
68040 50047
71999 48333
67543 46782
71562 50663
68800 51664
70199 48807
68229 50315
68435 53208
71608 50455
72058 50991
68687 47531
68806 51554
68860 47525
69509 50694
72305 51896
70770 47553
71070 50344
69688 49916
67748 50206
70199 47727
69119 51067
72344 49208
71806 52748
67340 49484
66701 47504
71262 48298
73128 49577
71494 50054
68514 48512
70382 49458
68244 47749
72443 49253
71502 50384
69001 50177
71799 51373
72748 49913
71197 50437
72751 49176
71378 53141
70185 49953
68386 47173
73099 49524
89220 53092
90443 52692
87014 51455
87079 50598
87489 50065
89970 53219
90659 51577
92211 51603
90947 51949
91312 50792
92556 52062
87765 48985
87087 49221
90854 48384
93034 53028
89514 47027
89775 49535
89516 47728
91635 50521
89233 46750
89813 49416
92612 52080
90491 52421
88729 49192
92890 50933
89865 48892
89661 46965
87533 53065
89418 51627
87314 50728
88169 49584
87937 48406
89585 47130
91106 51753
88585 53028
87498 52453
90308 48156
87596 46802
91317 51795
88418 52620
87314 53005
87536 50516
86818 52655
90449 47757
91403 48329
88828 51837
86908 51211
88463 47102
87684 53116
87789 47444
91922 48926
88012 48094
93281 47658
86789 51098
87411 50648
89961 49617
87014 49090
90344 48609
91692 50960
89266 50221
90312 46873
88742 52082
89663 52662
86673 51235
91194 53191
90672 50790
92956 49668
89581 48172
86716 47185
92238 51998
91423 52558
91940 50944
87337 52986
87822 49995
87592 50754
89971 49565
90383 52696
92825 51816
88551 51885
91940 48104
89793 52625
87713 46676
89723 49904
93161 46927
86687 52809
91194 50407
88271 48715
87856 51519
86745 52525
86913 48705
88405 50771
88489 49017
92862 49694
89243 52494
89645 48330
89123 52454
90162 47355
91507 50488
87547 50204
87401 52154
12390 66804
8323 67768
10171 72372
12803 68726
6817 67326
12538 70395
8088 69563
12301 70414
9345 67999
11928 68322
9607 68496
8528 72103
27645 71767
32066 67070
29008 69351
28643 71945
27233 72151
32340 71615
28247 72757
28983 70781
29971 73217
27568 70185
26739 70003
32696 72528
32264 67854
31636 67386
27384 69871
30936 69554
27908 73167
31811 72897
30624 73181
27008 69642
27724 68596
29965 71144
32029 67260
32415 70049
29559 67287
31747 68150
30085 68114
26999 69368
32215 70197
31018 71643
31410 69756
29831 72581
30833 70079
29469 72210
28429 68469
27555 71049
29615 68795
32541 67180
32216 67552
27928 68035
28135 70622
30008 71574
31130 69778
26875 67451
27872 72736
30122 69136
32416 68649
33040 70313
27762 72814
28959 70356
31282 72413
29693 67253
28401 70526
28262 68317
30654 69059
27474 70960
31367 69990
31361 69407
26795 68489
32248 68538
33232 72194
33075 69573
32276 69112
29979 71047
31461 70703
30488 71535
32519 69821
27191 72372
31038 70020
31082 70357
29811 73131
30137 66956
32455 69490
28895 69457
29082 67599
31291 71877
33195 70978
28081 67625
31803 66864
30523 72223
31144 70966
27254 73265
27226 67570
27610 70788
27038 68630
31803 69648
29967 72663
31608 69433
29397 66694
28126 72281
27242 70279
32080 66982
28547 69949
29103 72397
32432 68605
26699 67644
31345 73173
28738 68062
27733 66814
27329 69914
26771 72266
31974 67495
32024 73143
31895 67046
28845 69836
30294 67896
31147 70125
30943 72499
28162 68418
32498 67435
27866 68647
30992 69164
28065 68682
29062 67294
27560 72460
29291 67985
32639 66980
31111 67994
29716 70477
28735 67060
32774 72833
29068 70150
30170 68901
31335 72356
31822 69698
28175 67910
30180 68911
29125 71110
30374 67302
28112 69543
30806 69802
31362 72935
27344 69484
26705 72974
29045 68184
31975 71983
-1