100
1 1
3 2 10
1 2
1 5 3 1 5 2
1 1
1 1 0
20 20
1 1 0 1 1 0 1 1 0 1 1 0 1 1 0 1 1 0 1 1 0 1 1 0 1 1 0 1 1 0 1 1 0 1 1 0 1 1 0 1 1 0 1 1 0 1 1 0 1 1 0 1 1 0 1 1 0 1 1 0
1 1 0 1 1 0 1 1 0 1 1 0 1 1 0 1 1 0 1 1 0 1 1 0 1 1 0 1 1 0 1 1 0 1 1 0 1 1 0 1 1 0 1 1 0 1 1 0 1 1 0 1 1 0 1 1 0 1 1 0
1 1 0 1 1 0 1 1 0 1 1 0 1 1 0 1 1 0 1 1 0 1 1 0 1 1 0 1 1 0 1 1 0 1 1 0 1 1 0 1 1 0 1 1 0 1 1 0 1 1 0 1 1 0 1 1 0 1 1 0
1 1 0 1 1 0 1 1 0 1 1 0 1 1 0 1 1 0 1 1 0 1 1 0 1 1 0 1 1 0 1 1 0 1 1 0 1 1 0 1 1 0 1 1 0 1 1 0 1 1 0 1 1 0 1 1 0 1 1 0
1 1 0 1 1 0 1 1 0 1 1 0 1 1 0 1 1 0 1 1 0 1 1 0 1 1 0 1 1 0 1 1 0 1 1 0 1 1 0 1 1 0 1 1 0 1 1 0 1 1 0 1 1 0 1 1 0 1 1 0
1 1 0 1 1 0 1 1 0 1 1 0 1 1 0 1 1 0 1 1 0 1 1 0 1 1 0 1 1 0 1 1 0 1 1 0 1 1 0 1 1 0 1 1 0 1 1 0 1 1 0 1 1 0 1 1 0 1 1 0
1 1 0 1 1 0 1 1 0 1 1 0 1 1 0 1 1 0 1 1 0 1 1 0 1 1 0 1 1 0 1 1 0 1 1 0 1 1 0 1 1 0 1 1 0 1 1 0 1 1 0 1 1 0 1 1 0 1 1 0
1 1 0 1 1 0 1 1 0 1 1 0 1 1 0 1 1 0 1 1 0 1 1 0 1 1 0 1 1 0 1 1 0 1 1 0 1 1 0 1 1 0 1 1 0 1 1 0 1 1 0 1 1 0 1 1 0 1 1 0
1 1 0 1 1 0 1 1 0 1 1 0 1 1 0 1 1 0 1 1 0 1 1 0 1 1 0 1 1 0 1 1 0 1 1 0 1 1 0 1 1 0 1 1 0 1 1 0 1 1 0 1 1 0 1 1 0 1 1 0
1 1 0 1 1 0 1 1 0 1 1 0 1 1 0 1 1 0 1 1 0 1 1 0 1 1 0 1 1 0 1 1 0 1 1 0 1 1 0 1 1 0 1 1 0 1 1 0 1 1 0 1 1 0 1 1 0 1 1 0
1 1 0 1 1 0 1 1 0 1 1 0 1 1 0 1 1 0 1 1 0 1 1 0 1 1 0 1 1 0 1 1 0 1 1 0 1 1 0 1 1 0 1 1 0 1 1 0 1 1 0 1 1 0 1 1 0 1 1 0
1 1 0 1 1 0 1 1 0 1 1 0 1 1 0 1 1 0 1 1 0 1 1 0 1 1 0 1 1 0 1 1 0 1 1 0 1 1 0 1 1 0 1 1 0 1 1 0 1 1 0 1 1 0 1 1 0 1 1 0
1 1 0 1 1 0 1 1 0 1 1 0 1 1 0 1 1 0 1 1 0 1 1 0 1 1 0 1 1 0 1 1 0 1 1 0 1 1 0 1 1 0 1 1 0 1 1 0 1 1 0 1 1 0 1 1 0 1 1 0
1 1 0 1 1 0 1 1 0 1 1 0 1 1 0 1 1 0 1 1 0 1 1 0 1 1 0 1 1 0 1 1 0 1 1 0 1 1 0 1 1 0 1 1 0 1 1 0 1 1 0 1 1 0 1 1 0 1 1 0
1 1 0 1 1 0 1 1 0 1 1 0 1 1 0 1 1 0 1 1 0 1 1 0 1 1 0 1 1 0 1 1 0 1 1 0 1 1 0 1 1 0 1 1 0 1 1 0 1 1 0 1 1 0 1 1 0 1 1 0
1 1 0 1 1 0 1 1 0 1 1 0 1 1 0 1 1 0 1 1 0 1 1 0 1 1 0 1 1 0 1 1 0 1 1 0 1 1 0 1 1 0 1 1 0 1 1 0 1 1 0 1 1 0 1 1 0 1 1 0
1 1 0 1 1 0 1 1 0 1 1 0 1 1 0 1 1 0 1 1 0 1 1 0 1 1 0 1 1 0 1 1 0 1 1 0 1 1 0 1 1 0 1 1 0 1 1 0 1 1 0 1 1 0 1 1 0 1 1 0
1 1 0 1 1 0 1 1 0 1 1 0 1 1 0 1 1 0 1 1 0 1 1 0 1 1 0 1 1 0 1 1 0 1 1 0 1 1 0 1 1 0 1 1 0 1 1 0 1 1 0 1 1 0 1 1 0 1 1 0
1 1 0 1 1 0 1 1 0 1 1 0 1 1 0 1 1 0 1 1 0 1 1 0 1 1 0 1 1 0 1 1 0 1 1 0 1 1 0 1 1 0 1 1 0 1 1 0 1 1 0 1 1 0 1 1 0 1 1 0
1 1 0 1 1 0 1 1 0 1 1 0 1 1 0 1 1 0 1 1 0 1 1 0 1 1 0 1 1 0 1 1 0 1 1 0 1 1 0 1 1 0 1 1 0 1 1 0 1 1 0 1 1 0 1 1 0 1 1 0
2 2
1 1 0 10 1 6
10 1 0 1 10 10
2 2
10 1 0 1 10 5
1 10 10 10 1 0
19 20
1 1 1 1 1000000 1000000 1 1000000 1000000 1 1000000 1000000 1 1000000 1000000 1 1000000 1000000 1 1000000 1000000 1 1000000 1000000 1 1000000 1000000 1 1000000 1000000 1 1000000 1000000 1 1000000 1000000 1 1000000 1000000 1 1000000 1000000 1 1000000 1000000 1 1000000 1000000 1 1000000 1000000 1 1000000 1000000 1 1000000 1000000 1 1000000 1000000
1 1000000 1000000 1 1000000 1000000 1 1000000 1000000 1 1000000 1000000 1 1000000 1000000 1 1000000 1000000 1 1000000 1000000 1 1000000 1000000 1 1000000 1000000 1 1000000 1000000 1 1000000 1000000 1 1000000 1000000 1 1000000 1000000 1 1000000 1000000 1 1000000 1000000 1 1000000 1000000 1 1000000 1000000 1 1000000 1000000 1 1000000 1000000 1 1 0
1 1 1 1 1000000 1000000 1 1000000 1000000 1 1000000 1000000 1 1000000 1000000 1 1000000 1000000 1 1000000 1000000 1 1000000 1000000 1 1000000 1000000 1 1000000 1000000 1 1000000 1000000 1 1000000 1000000 1 1000000 1000000 1 1000000 1000000 1 1000000 1000000 1 1000000 1000000 1 1000000 1000000 1 1000000 1000000 1 1000000 1000000 1 1000000 1000000
1 1000000 1000000 1 1000000 1000000 1 1000000 1000000 1 1000000 1000000 1 1000000 1000000 1 1000000 1000000 1 1000000 1000000 1 1000000 1000000 1 1000000 1000000 1 1000000 1000000 1 1000000 1000000 1 1000000 1000000 1 1000000 1000000 1 1000000 1000000 1 1000000 1000000 1 1000000 1000000 1 1000000 1000000 1 1000000 1000000 1 1000000 1000000 1 1 0
1 1 1 1 1000000 1000000 1 1000000 1000000 1 1000000 1000000 1 1000000 1000000 1 1000000 1000000 1 1000000 1000000 1 1000000 1000000 1 1000000 1000000 1 1000000 1000000 1 1000000 1000000 1 1000000 1000000 1 1000000 1000000 1 1000000 1000000 1 1000000 1000000 1 1000000 1000000 1 1000000 1000000 1 1000000 1000000 1 1000000 1000000 1 1000000 1000000
1 1000000 1000000 1 1000000 1000000 1 1000000 1000000 1 1000000 1000000 1 1000000 1000000 1 1000000 1000000 1 1000000 1000000 1 1000000 1000000 1 1000000 1000000 1 1000000 1000000 1 1000000 1000000 1 1000000 1000000 1 1000000 1000000 1 1000000 1000000 1 1000000 1000000 1 1000000 1000000 1 1000000 1000000 1 1000000 1000000 1 1000000 1000000 1 1 0
1 1 1 1 1000000 1000000 1 1000000 1000000 1 1000000 1000000 1 1000000 1000000 1 1000000 1000000 1 1000000 1000000 1 1000000 1000000 1 1000000 1000000 1 1000000 1000000 1 1000000 1000000 1 1000000 1000000 1 1000000 1000000 1 1000000 1000000 1 1000000 1000000 1 1000000 1000000 1 1000000 1000000 1 1000000 1000000 1 1000000 1000000 1 1000000 1000000
1 1000000 1000000 1 1000000 1000000 1 1000000 1000000 1 1000000 1000000 1 1000000 1000000 1 1000000 1000000 1 1000000 1000000 1 1000000 1000000 1 1000000 1000000 1 1000000 1000000 1 1000000 1000000 1 1000000 1000000 1 1000000 1000000 1 1000000 1000000 1 1000000 1000000 1 1000000 1000000 1 1000000 1000000 1 1000000 1000000 1 1000000 1000000 1 1 0
1 1 1 1 1000000 1000000 1 1000000 1000000 1 1000000 1000000 1 1000000 1000000 1 1000000 1000000 1 1000000 1000000 1 1000000 1000000 1 1000000 1000000 1 1000000 1000000 1 1000000 1000000 1 1000000 1000000 1 1000000 1000000 1 1000000 1000000 1 1000000 1000000 1 1000000 1000000 1 1000000 1000000 1 1000000 1000000 1 1000000 1000000 1 1000000 1000000
1 1000000 1000000 1 1000000 1000000 1 1000000 1000000 1 1000000 1000000 1 1000000 1000000 1 1000000 1000000 1 1000000 1000000 1 1000000 1000000 1 1000000 1000000 1 1000000 1000000 1 1000000 1000000 1 1000000 1000000 1 1000000 1000000 1 1000000 1000000 1 1000000 1000000 1 1000000 1000000 1 1000000 1000000 1 1000000 1000000 1 1000000 1000000 1 1 0
1 1 1 1 1000000 1000000 1 1000000 1000000 1 1000000 1000000 1 1000000 1000000 1 1000000 1000000 1 1000000 1000000 1 1000000 1000000 1 1000000 1000000 1 1000000 1000000 1 1000000 1000000 1 1000000 1000000 1 1000000 1000000 1 1000000 1000000 1 1000000 1000000 1 1000000 1000000 1 1000000 1000000 1 1000000 1000000 1 1000000 1000000 1 1000000 1000000
1 1000000 1000000 1 1000000 1000000 1 1000000 1000000 1 1000000 1000000 1 1000000 1000000 1 1000000 1000000 1 1000000 1000000 1 1000000 1000000 1 1000000 1000000 1 1000000 1000000 1 1000000 1000000 1 1000000 1000000 1 1000000 1000000 1 1000000 1000000 1 1000000 1000000 1 1000000 1000000 1 1000000 1000000 1 1000000 1000000 1 1000000 1000000 1 1 0
1 1 1 1 1000000 1000000 1 1000000 1000000 1 1000000 1000000 1 1000000 1000000 1 1000000 1000000 1 1000000 1000000 1 1000000 1000000 1 1000000 1000000 1 1000000 1000000 1 1000000 1000000 1 1000000 1000000 1 1000000 1000000 1 1000000 1000000 1 1000000 1000000 1 1000000 1000000 1 1000000 1000000 1 1000000 1000000 1 1000000 1000000 1 1000000 1000000
1 1000000 1000000 1 1000000 1000000 1 1000000 1000000 1 1000000 1000000 1 1000000 1000000 1 1000000 1000000 1 1000000 1000000 1 1000000 1000000 1 1000000 1000000 1 1000000 1000000 1 1000000 1000000 1 1000000 1000000 1 1000000 1000000 1 1000000 1000000 1 1000000 1000000 1 1000000 1000000 1 1000000 1000000 1 1000000 1000000 1 1000000 1000000 1 1 0
1 1 1 1 1000000 1000000 1 1000000 1000000 1 1000000 1000000 1 1000000 1000000 1 1000000 1000000 1 1000000 1000000 1 1000000 1000000 1 1000000 1000000 1 1000000 1000000 1 1000000 1000000 1 1000000 1000000 1 1000000 1000000 1 1000000 1000000 1 1000000 1000000 1 1000000 1000000 1 1000000 1000000 1 1000000 1000000 1 1000000 1000000 1 1000000 1000000
1 1000000 1000000 1 1000000 1000000 1 1000000 1000000 1 1000000 1000000 1 1000000 1000000 1 1000000 1000000 1 1000000 1000000 1 1000000 1000000 1 1000000 1000000 1 1000000 1000000 1 1000000 1000000 1 1000000 1000000 1 1000000 1000000 1 1000000 1000000 1 1000000 1000000 1 1000000 1000000 1 1000000 1000000 1 1000000 1000000 1 1000000 1000000 1 1 0
1 1 1 1 1000000 1000000 1 1000000 1000000 1 1000000 1000000 1 1000000 1000000 1 1000000 1000000 1 1000000 1000000 1 1000000 1000000 1 1000000 1000000 1 1000000 1000000 1 1000000 1000000 1 1000000 1000000 1 1000000 1000000 1 1000000 1000000 1 1000000 1000000 1 1000000 1000000 1 1000000 1000000 1 1000000 1000000 1 1000000 1000000 1 1000000 1000000
1 1000000 1000000 1 1000000 1000000 1 1000000 1000000 1 1000000 1000000 1 1000000 1000000 1 1000000 1000000 1 1000000 1000000 1 1000000 1000000 1 1000000 1000000 1 1000000 1000000 1 1000000 1000000 1 1000000 1000000 1 1000000 1000000 1 1000000 1000000 1 1000000 1000000 1 1000000 1000000 1 1000000 1000000 1 1000000 1000000 1 1000000 1000000 1 1 0
1 1 1 1 1000000 1000000 1 1000000 1000000 1 1000000 1000000 1 1000000 1000000 1 1000000 1000000 1 1000000 1000000 1 1000000 1000000 1 1000000 1000000 1 1000000 1000000 1 1000000 1000000 1 1000000 1000000 1 1000000 1000000 1 1000000 1000000 1 1000000 1000000 1 1000000 1000000 1 1000000 1000000 1 1000000 1000000 1 1000000 1000000 1 1000000 1000000
20 20
10000000 1 0 10000000 1 0 10000000 1 0 10000000 1 0 10000000 1 0 10000000 1 0 10000000 1 0 10000000 1 0 10000000 1 0 10000000 1 0 10000000 1 0 10000000 1 0 10000000 1 0 10000000 1 0 10000000 1 0 10000000 1 0 10000000 1 0 10000000 1 0 10000000 1 0 10000000 1 0
10000000 1 0 10000000 1 0 10000000 1 0 10000000 1 0 10000000 1 0 10000000 1 0 10000000 1 0 10000000 1 0 10000000 1 0 10000000 1 0 10000000 1 0 10000000 1 0 10000000 1 0 10000000 1 0 10000000 1 0 10000000 1 0 10000000 1 0 10000000 1 0 10000000 1 0 10000000 1 0
10000000 1 0 10000000 1 0 10000000 1 0 10000000 1 0 10000000 1 0 10000000 1 0 10000000 1 0 10000000 1 0 10000000 1 0 10000000 1 0 10000000 1 0 10000000 1 0 10000000 1 0 10000000 1 0 10000000 1 0 10000000 1 0 10000000 1 0 10000000 1 0 10000000 1 0 10000000 1 0
10000000 1 0 10000000 1 0 10000000 1 0 10000000 1 0 10000000 1 0 10000000 1 0 10000000 1 0 10000000 1 0 10000000 1 0 10000000 1 0 10000000 1 0 10000000 1 0 10000000 1 0 10000000 1 0 10000000 1 0 10000000 1 0 10000000 1 0 10000000 1 0 10000000 1 0 10000000 1 0
10000000 1 0 10000000 1 0 10000000 1 0 10000000 1 0 10000000 1 0 10000000 1 0 10000000 1 0 10000000 1 0 10000000 1 0 10000000 1 0 10000000 1 0 10000000 1 0 10000000 1 0 10000000 1 0 10000000 1 0 10000000 1 0 10000000 1 0 10000000 1 0 10000000 1 0 10000000 1 0
10000000 1 0 10000000 1 0 10000000 1 0 10000000 1 0 10000000 1 0 10000000 1 0 10000000 1 0 10000000 1 0 10000000 1 0 10000000 1 0 10000000 1 0 10000000 1 0 10000000 1 0 10000000 1 0 10000000 1 0 10000000 1 0 10000000 1 0 10000000 1 0 10000000 1 0 10000000 1 0
10000000 1 0 10000000 1 0 10000000 1 0 10000000 1 0 10000000 1 0 10000000 1 0 10000000 1 0 10000000 1 0 10000000 1 0 10000000 1 0 10000000 1 0 10000000 1 0 10000000 1 0 10000000 1 0 10000000 1 0 10000000 1 0 10000000 1 0 10000000 1 0 10000000 1 0 10000000 1 0
10000000 1 0 10000000 1 0 10000000 1 0 10000000 1 0 10000000 1 0 10000000 1 0 10000000 1 0 10000000 1 0 10000000 1 0 10000000 1 0 10000000 1 0 10000000 1 0 10000000 1 0 10000000 1 0 10000000 1 0 10000000 1 0 10000000 1 0 10000000 1 0 10000000 1 0 10000000 1 0
10000000 1 0 10000000 1 0 10000000 1 0 10000000 1 0 10000000 1 0 10000000 1 0 10000000 1 0 10000000 1 0 10000000 1 0 10000000 1 0 10000000 1 0 10000000 1 0 10000000 1 0 10000000 1 0 10000000 1 0 10000000 1 0 10000000 1 0 10000000 1 0 10000000 1 0 10000000 1 0
10000000 1 0 10000000 1 0 10000000 1 0 10000000 1 0 10000000 1 0 10000000 1 0 10000000 1 0 10000000 1 0 10000000 1 0 10000000 1 0 10000000 1 0 10000000 1 0 10000000 1 0 10000000 1 0 10000000 1 0 10000000 1 0 10000000 1 0 10000000 1 0 10000000 1 0 10000000 1 0
10000000 1 0 10000000 1 0 10000000 1 0 10000000 1 0 10000000 1 0 10000000 1 0 10000000 1 0 10000000 1 0 10000000 1 0 10000000 1 0 10000000 1 0 10000000 1 0 10000000 1 0 10000000 1 0 10000000 1 0 10000000 1 0 10000000 1 0 10000000 1 0 10000000 1 0 10000000 1 0
10000000 1 0 10000000 1 0 10000000 1 0 10000000 1 0 10000000 1 0 10000000 1 0 10000000 1 0 10000000 1 0 10000000 1 0 10000000 1 0 10000000 1 0 10000000 1 0 10000000 1 0 10000000 1 0 10000000 1 0 10000000 1 0 10000000 1 0 10000000 1 0 10000000 1 0 10000000 1 0
10000000 1 0 10000000 1 0 10000000 1 0 10000000 1 0 10000000 1 0 10000000 1 0 10000000 1 0 10000000 1 0 10000000 1 0 10000000 1 0 10000000 1 0 10000000 1 0 10000000 1 0 10000000 1 0 10000000 1 0 10000000 1 0 10000000 1 0 10000000 1 0 10000000 1 0 10000000 1 0
10000000 1 0 10000000 1 0 10000000 1 0 10000000 1 0 10000000 1 0 10000000 1 0 10000000 1 0 10000000 1 0 10000000 1 0 10000000 1 0 10000000 1 0 10000000 1 0 10000000 1 0 10000000 1 0 10000000 1 0 10000000 1 0 10000000 1 0 10000000 1 0 10000000 1 0 10000000 1 0
10000000 1 0 10000000 1 0 10000000 1 0 10000000 1 0 10000000 1 0 10000000 1 0 10000000 1 0 10000000 1 0 10000000 1 0 10000000 1 0 10000000 1 0 10000000 1 0 10000000 1 0 10000000 1 0 10000000 1 0 10000000 1 0 10000000 1 0 10000000 1 0 10000000 1 0 10000000 1 0
10000000 1 0 10000000 1 0 10000000 1 0 10000000 1 0 10000000 1 0 10000000 1 0 10000000 1 0 10000000 1 0 10000000 1 0 10000000 1 0 10000000 1 0 10000000 1 0 10000000 1 0 10000000 1 0 10000000 1 0 10000000 1 0 10000000 1 0 10000000 1 0 10000000 1 0 10000000 1 0
10000000 1 0 10000000 1 0 10000000 1 0 10000000 1 0 10000000 1 0 10000000 1 0 10000000 1 0 10000000 1 0 10000000 1 0 10000000 1 0 10000000 1 0 10000000 1 0 10000000 1 0 10000000 1 0 10000000 1 0 10000000 1 0 10000000 1 0 10000000 1 0 10000000 1 0 10000000 1 0
10000000 1 0 10000000 1 0 10000000 1 0 10000000 1 0 10000000 1 0 10000000 1 0 10000000 1 0 10000000 1 0 10000000 1 0 10000000 1 0 10000000 1 0 10000000 1 0 10000000 1 0 10000000 1 0 10000000 1 0 10000000 1 0 10000000 1 0 10000000 1 0 10000000 1 0 10000000 1 0
10000000 1 0 10000000 1 0 10000000 1 0 10000000 1 0 10000000 1 0 10000000 1 0 10000000 1 0 10000000 1 0 10000000 1 0 10000000 1 0 10000000 1 0 10000000 1 0 10000000 1 0 10000000 1 0 10000000 1 0 10000000 1 0 10000000 1 0 10000000 1 0 10000000 1 0 10000000 1 0
10000000 1 0 10000000 1 0 10000000 1 0 10000000 1 0 10000000 1 0 10000000 1 0 10000000 1 0 10000000 1 0 10000000 1 0 10000000 1 0 10000000 1 0 10000000 1 0 10000000 1 0 10000000 1 0 10000000 1 0 10000000 1 0 10000000 1 0 10000000 1 0 10000000 1 0 10000000 1 0
20 20
4 7 81692778 16 14 24238336 7 13 96516650 2 3 50490028 11 20 44897764 7 1 40383427 13 17 35005212 9 8 26956430 3 11 78722863 4 8 68703136 10 3 15634023 19 10 25898168 14 17 28175012 3 10 53377374 2 20 8413785 18 19 73594325 16 11 29566414 7 12 24268981 17 14 37806863 11 17 35497282
6 6 37477085 8 17 59126506 7 10 661314 18 5 84353896 3 6 98898815 8 15 85990365 4 11 77171088 9 17 89947179 9 5 91705404 12 15 74612400 13 1 11549677 9 20 84210013 7 7 69348095 20 16 63480571 15 19 17097468 2 18 27612903 18 13 87926653 17 2 85560281 7 2 94953866 10 5 47346620
1 10 63958032 18 18 7905772 2 16 10120710 8 8 98777857 18 14 27254587 6 7 3964684 20 5 60051529 12 13 20048830 4 20 13258271 9 9 77486716 1 10 747797 4 19 68002246 7 12 90892922 16 20 22597489 5 9 47469842 11 14 69441501 15 5 69470125 15 8 82275857 4 12 50322228 6 20 60281937
13 12 44316438 9 16 13975408 15 2 53468859 16 10 84661238 16 14 76065819 9 4 87231012 9 10 3318777 5 4 12255764 14 19 52118607 1 5 65344819 9 9 51797370 18 18 80466997 5 4 59259471 4 11 98295500 13 6 1385645 11 6 43268140 15 7 27907670 3 3 20388465 18 8 40759356 5 9 2278612
3 9 34949300 4 7 92035569 1 3 89023312 11 6 69321802 2 11 8044879 6 1 5178737 5 7 77648523 6 9 52473417 3 19 59412925 18 3 1305625 1 17 38433453 20 20 20145551 9 12 7900974 12 2 7684931 14 15 4158661 4 20 73387982 20 17 60152960 14 14 62739669 11 16 50952927 7 5 76911341
11 5 53443377 3 17 37379108 6 17 56669180 19 8 23089413 9 13 87451660 10 17 98625211 3 8 99878207 2 14 76667373 2 16 96864820 20 2 1229905 20 12 97073941 8 6 19346229 8 11 7565985 19 1 55789225 3 10 80821397 2 11 95740085 13 13 53207673 11 6 35905386 3 20 96306641 3 19 46340714
19 11 82280525 11 10 108582 20 17 14937733 16 15 92218005 20 10 82085274 17 11 46247256 1 3 5575580 5 14 20223206 2 8 57962505 14 2 22262755 7 20 37518945 3 3 14723507 5 2 86222843 9 9 66235190 13 9 77849959 19 17 8518809 14 9 9383304 14 14 80321649 11 15 50517568 7 9 64319530
1 7 75473789 18 10 86086991 4 14 15505364 18 14 71294893 7 6 61761153 17 16 15209189 18 10 79895437 1 15 61543922 1 5 96060029 8 11 32266749 17 3 16504795 18 20 83571044 20 3 86090429 4 1 39000682 8 19 87036160 12 16 12282135 20 13 13502216 8 5 43755630 10 5 28298286 10 4 72576336
18 1 3885239 12 10 12260290 8 9 7392293 16 4 33053145 10 11 2961683 1 2 570 7 13 80172262 3 1 10409118 4 2 66000082 10 11 2495426 17 8 84214678 15 11 86631627 5 18 48349615 9 6 37390359 13 7 77565101 7 7 30634995 17 13 64325579 10 7 58532291 8 11 74799052 1 12 14218594
18 8 56541313 7 15 70788356 13 11 88014413 20 11 51858970 10 15 48806356 2 1 70925434 8 9 30498339 7 11 41027285 17 18 51300607 1 10 37100238 6 20 76035218 19 6 71990784 14 19 84710874 18 10 26620484 8 19 30772758 15 12 52645730 1 20 39723619 19 6 77211389 15 14 75518158 2 14 53160359
11 20 12633418 20 10 90668364 3 15 26413174 8 12 68217463 3 11 58504293 12 18 27355116 2 18 52888575 12 8 4462952 12 2 40610538 1 15 83614031 19 6 5241082 17 17 62033003 12 20 72261797 5 19 28974581 19 2 31513971 3 13 86235380 18 6 59031537 5 17 85433484 8 20 58984858 5 20 78469912
8 11 33505237 1 19 57675106 4 10 65421245 12 6 51519935 12 16 37558956 15 10 59343769 14 19 74552806 3 3 17876983 18 11 76593094 15 7 21186594 7 14 9850544 15 15 7734714 20 18 474763 16 9 72032920 11 13 38110295 18 7 14760236 18 12 24305154 4 14 24666329 6 12 20306711 19 18 51836837
4 16 55387091 19 11 88714905 12 2 66369634 6 10 60613074 5 12 419806 11 9 22336504 6 7 60082196 20 10 77721121 8 7 60686764 18 17 67963982 6 1 30539037 16 11 34433519 12 3 37322533 17 20 4627322 11 5 40384173 8 15 82152041 4 13 94307399 11 4 46370348 11 11 61250574 15 20 68057523
8 5 82945083 16 13 25829205 15 4 99411899 7 1 56684279 20 3 69679263 4 2 81539849 4 5 7026273 3 15 17927336 2 18 38909366 8 12 95311777 10 19 33938702 4 14 15209934 8 20 80356729 7 18 95748721 5 9 74515335 19 12 17076377 19 16 50801053 12 10 35771560 7 11 49709017 5 10 5816540
1 19 72058110 14 2 31489115 19 10 71059427 8 8 75575224 8 12 54696533 3 2 1323876 11 20 92576591 15 11 80311132 14 18 58381495 2 2 40554604 1 14 94887983 2 8 9359416 17 6 4765405 3 13 85550552 18 13 8399135 2 7 42990416 18 9 23380596 20 3 9112298 4 17 13080155 18 10 31742588
13 3 7895022 7 4 80508861 3 12 12277686 7 6 88590931 11 4 5197315 17 17 84095821 13 6 47395529 20 6 45897491 17 1 67889619 4 18 63080929 3 2 89804311 16 9 72634226 16 11 90543438 14 9 67107723 4 11 30418658 18 8 87689127 10 12 87726652 10 11 28140529 20 19 89241889 11 14 81928578
11 17 46755200 13 12 31126088 18 20 44400658 7 13 96377018 2 16 20089369 19 5 76453196 17 6 60975267 9 15 49552529 9 14 51297279 18 16 79289673 15 6 70305001 6 18 32238284 13 8 45598383 2 14 75179335 20 15 62088422 20 6 11522958 15 2 7578763 13 2 50167717 13 11 37703663 3 20 38076218
15 14 19399016 7 12 71476365 11 4 66942492 13 18 1373538 20 9 89360872 1 8 66355857 11 2 72563971 13 6 43195512 10 18 58907362 4 12 13974113 1 7 85291639 8 5 72131490 13 15 58136105 16 20 87706142 13 19 9734970 17 11 44311957 5 1 20406650 15 6 98994315 7 7 34660184 20 10 78701536
13 2 62924394 11 10 10150110 12 14 47584265 16 9 78374296 18 14 72666834 19 10 50099356 16 14 69678469 17 1 38982934 4 7 13213172 19 18 25040141 6 2 17572762 11 4 10210051 1 15 79461076 5 3 87235625 20 20 92456290 5 10 79451239 12 17 72125384 20 14 90526344 5 17 30365982 16 7 3068012
8 13 70090193 10 3 21756869 12 3 77683175 8 19 96005217 4 18 16945488 13 14 50238958 3 6 92713934 18 17 17293419 2 14 22971727 15 1 96925394 6 9 70372306 11 10 11269560 19 1 24734563 5 20 63384281 2 3 5593011 1 7 24027584 10 1 21303709 4 19 72132558 14 12 62980711 1 6 59577691
11 2
96312 160611 136718 153735 63963 21391
131380 84088 70183 173352 112377 105703
13319 72189 80310 123683 42357 170951
82834 104243 229009 156048 113099 10828
80170 168626 139522 5148 108058 213501
113774 16426 204367 39367 123230 38118
131510 66666 52364 11974 5145 70288
186087 18463 110293 64423 95215 14768
149726 131118 7493 7880 99223 134254
153185 132462 90966 155714 90680 153745
174515 16510 225732 119052 8946 170907
10 2
17261 29054 14516119 40539 2493 18276153
20791 59774 4137947 10447 33200 4548163
59959 18451 10631731 30112 17431 9549732
16038 61774 10308119 18757 12871 12910341
58410 40132 15698485 50373 59815 6341891
6740 15079 1925808 28330 51413 22174380
45818 6003 6149766 33721 16450 9991773
11359 10208 7210972 37129 36115 3582946
1368 47948 8678704 34519 4708 5652814
35759 1122 2723989 46675 51494 5405399
10 8
411 304 38661 176 315 220911 600 110 339090 553 610 423504 180 328 39043 51 308 496126 552 403 362094 99 278 386408
561 262 183665 388 201 74030 104 612 440788 400 8 61056 407 452 442788 501 381 101596 84 405 133542 32 455 119442
56 383 447608 242 325 425980 408 262 115189 521 493 113209 313 440 99405 252 60 395506 350 466 523128 556 344 169211
126 427 413743 335 303 165831 228 358 257365 367 599 460949 5 383 479343 528 280 93250 472 436 249334 248 532 456720
31 258 195666 266 190 16376 258 160 449664 498 338 475497 569 565 60464 399 152 203506 397 1 231956 33 528 118367
5 220 255190 572 311 24140 420 341 226922 578 606 143448 611 84 404849 292 581 85593 119 370 153082 303 145 525386
306 541 39874 69 417 189232 422 421 27594 587 214 80099 349 477 105405 523 431 522836 575 419 442530 7 554 489340
399 517 195759 576 196 348686 282 502 349997 610 414 149495 64 56 158855 203 486 416296 30 211 426774 41 578 278645
34 373 95594 578 380 327284 301 622 390138 393 575 451930 473 233 186627 471 219 355722 107 126 125818 163 329 70528
588 202 106682 554 86 38974 484 119 329275 53 541 112247 487 62 3019 346 298 473095 245 614 459250 489 462 319781
2 3
816 1466 76066 328 596 21501 1138 61 429910
1221 569 889195 953 1484 1516101 1085 522 1081240
2 4
22845 31975 1132 34103 17384 2727 12525 33165 951 21705 32129 133
25012 3672 2758 19877 33055 1199 15010 3179 2717 25166 10577 1979
5 15
159338 78062 70167 172673 118022 93818 192880 80698 1042924 31598 113398 944061 93859 35823 206239 210111 20685 462451 77351 75110 834191 80052 52296 301154 75872 143831 630095 146883 69849 704872 95937 48889 1330510 41746 41263 9002 207378 21327 1266236 42982 52925 1079208 108559 179300 837132
91992 209112 869464 32567 106165 841085 7245 186216 836470 72043 81790 479172 67674 15857 523698 125847 144310 1071971 49267 186055 989380 123225 180618 562889 97582 10784 499200 185336 119342 1292634 128614 31035 1279828 92577 96119 1056607 164166 103363 231124 75236 207922 1391973 162652 95297 1203101
139619 8328 228671 197991 90111 343800 117328 33037 396459 57991 130618 1150019 116612 103138 777292 109200 18937 1009917 163119 111513 1064495 77870 95381 529369 31056 170616 1231092 66030 152969 748958 149378 112290 67390 131703 129982 1076003 119784 34494 453444 108185 125001 1270902 107368 28797 590486
45595 170514 774729 14856 120817 888142 112752 18389 805512 133712 81961 1363309 149778 147990 1515304 80842 84552 1505643 200531 35956 1440000 49735 188257 1061905 112274 83626 654696 125132 190993 1276674 60829 23772 890122 15463 71144 1333971 114126 183895 614026 95354 137308 486811 66899 74270 1378002
191412 155111 1160349 35102 175344 901176 8773 44780 664732 16937 189570 1127027 182619 134403 666832 164283 195232 1027733 136161 210694 727952 48558 144521 1111533 192158 27059 1461998 24605 93957 925932 5042 105070 1090950 102547 140171 499040 55709 148943 226204 164611 165880 1005439 176839 168200 90548
5 12
25859 5800 2471823 9690 20275 10532416 7007 25087 10053719 2355 19082 234404 6232 11331 1195271 9025 10121 8066101 1901 8862 1787143 3244 4616 1724195 29323 13816 7951941 3717 23889 2310574 17374 24284 11191871 12349 8511 5267798
31435 15517 6011294 24512 24201 10245607 60 30433 9145669 637 13994 2380524 14365 15894 8830876 20419 19137 347975 20204 22996 7933367 9093 1249 55590 30298 18623 9232571 47 30971 10104131 21863 5149 5873905 5179 29661 7124864
13906 4257 2650639 8500 4893 1261509 13214 25587 2050995 1327 20542 11155351 25848 8953 2621586 6929 18045 11424992 18227 22880 3545441 15686 29256 117237 27985 19325 11672794 30338 30833 8383824 18768 19275 2193628 18497 27774 1251060
25889 15524 1913322 23711 16851 8165827 15206 17235 7825600 29697 30493 11042851 13644 16927 8419256 16212 7149 11146685 24288 9671 8028723 12050 8215 9831977 29471 1519 827213 19356 20015 11379625 26792 14110 10941313 28022 12357 3587837
18000 27562 1376069 23260 3 530479 14771 13646 8060239 10029 4394 269495 28211 3219 3726590 8462 15268 7841216 25874 12945 3274024 30768 6837 4384550 6178 8166 7678988 28905 4394 8254748 11226 28723 7756553 10782 20189 1852403
3 9
421913 283840 4375114 306539 348840 7258999 174331 188099 888739 63471 78840 5665728 295412 127175 5863588 305300 542311 4616169 564440 296329 844238 337698 357718 2651027 91559 592293 2163380
519439 373066 4973275 418471 673755 7424 664928 124930 3502475 451025 299260 7166917 525387 241507 5067796 651291 415696 7502091 149068 720995 4642790 335927 551294 8687978 583624 33627 6182521
570853 3962 7753584 421357 402178 5970821 690475 86507 4439822 509292 630212 7911683 555725 347095 5557414 56115 17117 5610062 369485 668408 8133751 688807 696252 8352635 82157 176814 1102236
1 2
260 527 15259 324 52 8339
5 5
259399 661121 41137313 108523 594231 7225969 297468 95121 28797874 233270 360364 5132114 695953 263002 33702966
324243 605782 9976222 159505 382290 1926292 33989 129263 25232651 255666 660965 20514227 9397 235154 7572213
282821 482264 38361493 426067 578498 12706839 598348 146525 31889581 577863 379794 38798964 296615 334018 32559922
240649 645972 29277791 245422 76037 7453660 527735 97737 40817593 395492 341114 19035076 399237 350510 41322588
118101 633330 34557428 473508 317669 3229316 693706 186576 15357813 291871 22710 2347383 225824 319325 3454165
8 16
40722 22031 6808940 3448 66629 1588995 81616 61615 8137731 68040 95466 2809004 30373 32653 5114134 21886 3532 11046182 20063 16549 5842995 20923 28464 7246401 81145 75007 914035 75841 76967 7749940 1473 21477 4405409 6357 24924 2588767 54957 52411 11185844 40431 24240 8479536 57987 484 278374 57791 64453 571259
79628 30387 1206951 80780 93392 3778663 28859 78325 610554 61940 3827 9787244 59532 47382 7526685 37071 53739 7029316 69194 12484 1969756 66719 94997 8069735 9371 2645 7686713 80886 6307 67393 5594 85934 2380134 43061 70503 4837861 54863 3150 9121433 45460 10962 2555687 58895 70493 5132087 39678 53436 11289602
45384 26418 7659896 7290 93136 2380700 77601 48379 10630987 52185 75136 10197589 91220 80729 4648024 10303 69661 7303950 76904 28312 10454437 17363 19643 10122214 15776 24409 6578555 61571 64086 9120173 10764 55342 487199 14524 8503 11714112 17069 86104 6691870 22258 42077 2960123 75836 79168 5981434 22926 89470 12071449
82601 16035 5160192 49215 33397 8010801 68872 49173 779269 20728 56615 774894 68102 13250 10135684 87765 27773 10982758 8142 44841 3907186 18979 12970 4074345 8741 34678 8964269 79232 57603 1108454 69044 86076 5193398 87167 39079 10491897 28722 11739 12080971 36769 74550 2722736 54773 88523 6076764 31907 80077 2475651
17543 34090 1778759 89283 53068 2247105 52759 61809 11490917 95403 86912 9418276 35095 59744 3333132 87031 50699 8581227 22025 25293 10544833 48274 62061 3432532 34926 62705 6147108 76911 94611 11697095 50457 15942 2165356 14715 9013 6396344 34026 7644 10088903 88014 6835 9158443 49266 41929 10785106 54509 74832 280447
86786 645 10395209 34590 91002 2211388 56943 29716 1243819 17479 52498 10149520 3964 6743 213977 78665 63541 7562981 56095 1355 4052271 41205 35241 3537421 59098 84506 12018189 40523 42803 5056726 18519 33377 2927540 63889 13838 5341629 75109 70780 7543063 94904 34131 3238636 16888 38094 7273967 51024 62630 6470486
40044 64597 5662656 78791 9590 6275368 82289 14560 5356927 19459 55082 11131770 85589 19472 7441183 44107 83361 4829996 51543 62258 11622048 34566 6822 1745838 15959 23709 6747097 58223 74732 1463879 13687 60648 9553805 12589 43227 11474529 46731 71387 8905827 69167 90845 5154139 80278 26094 7978578 70637 70200 447050
74833 25531 12098244 53598 5969 9370012 54448 21927 7303181 51308 26021 8699084 56670 81791 11054679 30416 40251 1160959 55835 32854 7295286 41685 5809 1778577 82617 31958 9516192 46809 6383 6108371 40233 81216 4375405 41786 80685 11860358 50160 38922 4474564 82243 36101 1861959 38719 92770 10493030 55841 69058 11290490
2 5
465 2186 2363850 3464 2483 191457 2251 2618 865215 2200 1008 2138760 1903 2483 1583150
483 3766 502203 3529 1400 1379677 2491 701 2112715 1987 1865 1162087 2585 429 756797
11 4
45702 42746 1130590 40250 26182 851428 42933 26436 55733 48725 13770 1306881
51410 35548 1334921 44376 14096 956617 13117 25831 1223202 17820 50465 1213701
54697 9695 1108818 17173 23689 164066 39284 27726 405627 46919 13238 209887
11498 1433 1369634 46401 50158 1005323 7498 5166 52686 46882 49542 1190289
19111 20994 32624 52308 38813 285492 11493 51846 920083 19038 14281 548505
36635 53564 179007 42241 45746 569074 19291 15579 639222 22776 20315 399619
11439 40885 50306 22577 33029 690398 6145 10475 574757 15544 8046 916080
20670 32611 1049301 6899 9984 474374 16816 46618 1061242 12795 34122 710700
22012 11748 274175 45734 34524 1180755 23212 45962 1062388 18928 26874 325774
51113 33019 1300886 20963 48562 162636 16552 27567 871437 22323 34465 416038
710 51280 1224132 32660 9338 509498 882 44422 745650 10827 48491 555508
7 3
4226 2695 235289 4011 2194 218380 3037 4454 107968
4130 3031 39861 3738 4342 75026 3072 4044 125640
2653 1473 123944 2286 984 345498 3341 2597 317434
4456 47 105579 3419 1624 195458 3300 1134 28288
149 1522 114067 179 3003 15099 171 2241 269836
590 2664 312092 4361 817 320353 3149 454 100426
2321 3795 56343 1036 1102 316941 1745 20 8094
6 4
26865 2464 42655 37287 9990 7597 28190 34931 13061 12198 5784 41017
46214 48810 24809 20450 4552 41160 36461 35873 3584 7920 47788 44631
28099 44628 22925 49377 40739 12163 17456 6245 12380 47706 43531 39329
38976 10363 23985 3496 10912 15776 17476 7415 43049 5928 27864 1497
32526 14614 52609 48161 10886 12938 16165 38984 12373 21317 27002 11392
43762 44457 46608 18959 42453 42239 30560 20070 26171 27380 23566 45128
14 8
81898 60335 4544390 4235 102016 3731605 11860 3221 7639294 40831 49924 3214932 13486 35879 4717315 67318 83557 7999710 77355 94179 6795893 3610 109447 869947
109271 70131 6929169 63925 77580 4199791 60704 87849 1752335 84287 92083 2077079 94981 32314 7250565 100482 73145 445027 5123 15002 6076593 66537 82319 4195409
48232 88045 8014525 109017 20027 6805202 71354 18805 8722782 13569 82729 3256932 75518 71804 6034142 15680 84462 3777210 96722 68951 5178806 70492 97804 4175173
22557 31298 3142948 49365 97835 1213118 49237 74438 3838451 71659 72962 5170066 93036 72688 4720503 41286 86256 2764684 67116 90145 349705 70303 34197 8698695
22316 20426 5313710 78270 90918 1173413 64113 2982 8235919 64956 91210 2924549 37626 29954 7386008 98340 101613 5526011 68588 12528 1553873 96504 92677 5738132
96656 49301 4792214 96983 47975 468452 32415 70290 6926477 4034 76931 8526675 1827 69415 5714072 30918 23879 7904629 47351 61504 1807390 27730 49351 2115618
9442 46310 6891332 63841 71185 7370947 94003 57348 1407582 71054 43838 439191 43437 4624 6178540 75110 47521 2978699 87207 49348 1693579 30658 80265 5466129
104183 55988 1362470 58305 12089 7368048 81275 21530 2423379 45144 13742 6670888 101689 36116 5388892 97043 107170 4330908 29878 78978 4727375 71867 43595 8552631
8666 59174 6172464 14879 18203 5822792 6107 11893 1684979 26073 109061 4484403 95390 79843 5600078 100523 53358 6585876 105213 44555 7776115 95621 31105 8559196
19375 99846 6064200 58244 61220 1813789 73005 108749 7674009 26622 13136 3129382 99367 58106 4827718 45979 84178 429412 4679 69075 4132632 95400 97970 5342345
17742 21062 621870 86691 6190 2186415 41826 25564 8410727 75938 12179 7986981 43152 85184 7233243 108404 40177 4503723 42502 67915 6539476 27356 3401 8024232
10779 8079 5518411 2417 31850 1445393 47412 49591 2476065 26469 25789 3191693 75494 67614 7923183 3380 71923 3911545 102978 4583 6388148 57577 41358 699720
96938 83859 4751605 51149 39586 6081785 89537 89229 5835292 86507 91645 2143947 109819 67428 3658068 82563 93896 1942330 61497 97761 2216560 104859 101140 1801772
49907 21998 5851126 47374 79574 4552264 46153 104883 4373937 41218 45539 4740050 39683 24583 6080013 85090 39462 1718832 51854 77652 5742034 107072 49722 4624492
17 1
665100 70689 8807823
607373 716471 10559166
595356 594598 4540735
281646 38287 3707800
284921 399400 17335112
493970 132573 7690295
839817 326949 17852138
373602 887892 9505223
13988 80255 19033245
825632 847738 20568597
842114 212645 12623945
35993 820018 15092833
511996 519637 16853773
735400 396826 3021901
888126 681746 19060499
430813 279979 15875294
665829 715339 5503343
2 13
911 1735 26968143 697 954 35946272 1621 474 31652109 655 1455 31865781 838 1062 9060314 1000 513 24897665 1135 16 8788773 1213 1282 45500327 1481 111 46322505 675 1770 48104533 875 867 42911417 948 99 32268851 1172 1719 34607540
1071 561 6615061 355 1746 26750745 1712 1280 14794266 894 949 33190486 1756 349 40278529 1574 364 22870515 770 1038 3171621 373 99 42739148 245 1395 8570843 1070 1101 9991535 556 358 4769797 30 1060 16334854 566 1307 48367914
7 11
268 329 455794 432 389 875928 275 204 290056 74 436 458371 56 73 1272383 355 211 1031557 475 95 618334 39 146 855420 483 79 160049 358 367 1143445 182 122 232073
327 41 388690 423 315 637257 394 388 872417 478 466 477785 366 286 248307 527 248 408137 164 309 1314174 55 257 1262999 33 102 1099059 310 283 151132 402 76 1195980
327 520 629715 478 379 662134 18 345 537139 164 198 1309844 520 190 764936 459 375 910882 30 451 73026 236 506 1419281 274 303 1233360 455 170 442027 143 519 1346372
145 462 1150640 22 479 1019660 387 108 565166 524 115 1289685 375 61 725742 534 113 1389402 459 348 825877 464 88 414097 239 30 1340325 89 172 188735 480 338 446908
203 382 607908 293 234 1149519 24 223 894885 500 86 487630 305 107 52250 27 32 851743 231 517 1370330 226 221 333980 412 309 599319 26 276 1135415 123 500 1414724
186 258 784709 356 303 555213 106 291 66010 473 61 463467 418 87 630932 155 340 327038 22 53 1020630 453 464 538896 522 511 228207 394 99 1239202 135 306 787028
109 127 626524 327 254 857700 119 193 1016621 17 76 832039 480 252 411128 391 274 1122174 10 192 500987 493 201 1351139 183 60 315023 394 216 850870 329 346 1257874
2 7
22877 27181 317572 55573 65726 2312582 58430 29042 3234745 20281 54750 2202397 61814 37369 1931067 11097 7877 2023886 35261 58027 1007159
69284 60990 1559297 33080 55453 4054718 59486 29654 3162144 23124 52531 2105648 11925 25703 2047841 61890 1732 3142004 30582 10044 92294
3 3
56438 54792 2588369 14206 45198 1396345 48450 51063 2828406
58790 14674 1874450 73178 56023 2097670 7844 24418 954496
16663 20717 3383373 45306 75444 1095913 70001 52523 908172
4 4
300897 105527 345977 115852 39097 295004 1349 203602 784979 109734 82575 338846
98091 297662 816172 235285 283675 57343 201171 128239 859901 180639 184050 538346
154663 282065 630846 249781 197728 266283 132001 177029 738511 98085 292880 494229
299650 107072 314692 236622 216805 423121 191471 314895 640274 94504 228584 742294
10 1
14340 12148 104699
50048 1695 827375
32567 42478 610568
71470 14153 592209
28476 83442 1007107
2093 4890 419113
24231 1398 1485581
58084 63384 468321
69179 19194 1106537
7982 70910 34603
6 17
93328 334634 12460686 191485 99666 7938627 59643 103444 12617776 340929 14229 2105804 156940 186969 2317839 175511 110001 2552155 218644 338489 1959795 140623 26036 5702924 192414 235308 5878136 341407 254799 14726954 106442 3503 8777307 30871 194987 11167908 4665 123125 2614704 22049 332549 3300412 341452 13360 7284228 270203 188871 13299204 200669 276010 8994436
190207 72008 5699271 19131 132917 11847914 278290 129699 7788689 169499 104637 9818031 50717 135507 3822801 31600 140172 937709 329047 30716 979697 296098 27543 13398664 318613 297745 11004326 319624 153790 11079375 314500 212492 10499951 203906 100118 3643755 197116 246903 3850606 100500 71777 7681114 220506 335613 8376740 59370 235709 9539855 234478 220131 8905266
52886 40101 4242521 97773 227209 12752425 331531 70705 2884942 20545 40580 6365802 126191 112981 9678703 20130 310096 14365526 256887 279091 1051030 122152 23468 12614715 122923 295957 11239327 132362 185810 10086281 304019 107191 12455989 240211 204964 10749710 129524 60366 9594134 41121 80910 3100729 165210 75597 11851733 257913 95726 7382413 252894 221108 14238623
188147 211755 12472459 245893 334677 5906719 63219 122414 1689569 100676 294929 800703 259848 59011 1755818 301605 188534 11222983 69442 229655 14851893 222482 263360 10133729 12375 45144 9384758 325483 298037 12119329 96929 141560 11135587 104963 255948 6137759 195834 187663 6665701 209506 156834 2405453 198864 72057 12482503 48562 29038 5000373 171744 98479 8273683
244332 189457 3238554 261012 70327 5784146 28793 264305 11056758 230801 16609 5224453 299939 121572 901945 96122 185901 11202759 14718 263902 10236784 96738 118141 6123752 106264 35198 940861 91204 75438 4282244 174294 188265 29404 44616 104653 4370330 91585 133445 1131954 305086 19622 216642 184019 188056 3550141 187395 284177 4030401 33809 167390 7683246
250176 132623 6636867 193975 238887 2647080 166812 198586 11273125 319743 28256 8928446 317506 285991 5746770 40971 32951 6776598 241860 206532 3043835 114733 259046 11894523 322298 314936 5364227 239634 217240 9337873 76248 122791 7001687 31002 316766 6501917 102569 138953 2292223 36454 114071 13192998 27099 300072 12676860 253900 209538 2191698 138017 106773 7677237
4 1
1133774 672668 6934497
601932 347023 22025894
1227813 81743 13026018
707013 1464137 22690919
6 3
57551 65343 11864127 49226 50304 9001227 98391 40233 18907666
166726 118308 425611 144646 38502 13811259 45268 52337 6259067
57702 149765 10821494 117159 115293 2509808 9956 84704 19821596
20965 109453 3824336 119534 167003 10645353 109220 38916 2352740
87660 79290 3974858 39966 10688 17184876 40528 155333 19107227
114362 142584 300272 44425 142269 15670230 40580 24099 11674866
4 14
135699 1632 280060 82395 108972 510860 17325 61906 114500 77597 115667 310988 69124 12568 203709 139573 130705 502160 136750 28971 275031 52068 69934 176351 123377 97404 483665 120422 126138 233344 106517 102640 377853 113442 25595 493072 86656 42920 11183 125169 120759 184988
65885 30687 448391 89253 10820 439983 110128 147569 522686 25601 40441 244641 143383 4378 120098 108667 124800 503981 58689 72120 384674 10586 26122 328438 71696 112777 186955 35030 78749 420730 114517 144633 108764 46888 74447 332141 110450 25378 497885 43542 51221 193317
46811 35408 271821 147483 144074 332164 55414 43566 283268 66228 54394 354414 102636 126090 28669 22767 1923 448326 63899 116439 255737 135718 4131 143119 59160 114580 124124 130170 158364 372227 82425 45979 35985 39057 34022 138348 120731 89679 271818 115085 155906 376520
135560 99102 304683 109615 122111 118267 3223 26813 439990 41221 3091 151164 153907 62250 129501 132775 33224 358401 3424 115891 3935 68919 155190 163214 119291 116481 312425 53789 72126 246179 42924 48489 242135 158148 158346 538025 116099 2130 374452 31292 43350 348688
1 7
104380 2894 466461 109278 133406 888101 133705 123626 658162 6966 75644 409345 58381 117273 813796 9244 107032 821895 58383 12028 608398
14 3
3789 601 974497 868 569 210638 1723 3806 1187463
5052 7775 137212 6719 7056 1297353 2831 1763 33012
2074 286 711778 6732 6566 1320609 1035 7449 2604222
7217 2098 2008907 4114 5406 630614 7002 6274 1886928
4985 7516 8739 1317 4266 1275052 1683 3162 34519
969 5513 519573 1358 7106 1141396 4155 6015 461431
4557 7050 1793913 6922 6444 2251638 2317 2255 1507605
5654 1434 666228 1737 6419 1507712 1625 7255 1855073
986 635 2175858 60 1123 1407948 7758 2000 1225606
97 6154 880666 6823 2888 2081201 4873 1508 1302839
4540 3344 1293727 1791 1175 632555 4354 2431 2510311
6611 3575 50217 5311 4561 1161454 6693 4140 2642028
5764 4076 1544600 4119 3692 1561297 187 2213 1616921
3303 7085 1627612 4081 3323 621925 7594 4633 2503097
1 7
185654 189992 402143 61474 27352 647417 172290 103323 1304215 146647 179325 910541 137956 86893 911143 39508 92619 807401 189058 85949 759836
16 8
6323 14690 3703 12703 12996 43519 1441 11332 40213 16848 18353 77969 10366 467 44985 4243 2416 26326 16484 7528 7729 3358 18330 29140
2579 12472 32028 235 18708 51511 8394 9692 20804 16036 1725 52208 3773 3165 16026 17728 4675 87407 603 20372 47626 7250 9276 90785
18093 5089 8835 8026 8447 28792 12429 16357 62752 3818 1253 19828 2093 9647 11112 20390 10344 12680 10342 19448 43250 11625 16505 80840
15923 17107 83388 5349 9019 49636 2522 6441 94192 7223 19798 96855 14915 16888 38019 19740 35 23906 1932 7460 101557 14486 7179 99966
13426 2182 78023 15531 13806 31777 6971 14390 83359 18783 4400 45460 19200 6922 46156 4035 14144 64383 7981 13720 27528 7612 12789 69371
3164 20052 82084 19026 13868 13513 3891 6623 90574 8204 6815 96997 13683 13786 18439 10266 11898 4274 530 10427 14744 2565 19793 29890
3728 7103 5545 1109 14715 48625 3856 2540 77207 14062 6228 58236 16108 10118 19763 20335 2983 5039 7691 16665 21944 9437 11593 96280
15583 12122 45387 7979 20018 94000 4513 3076 4929 9433 4184 63858 17136 13371 18232 3550 6762 86731 9163 7531 19902 6060 12527 12889
9772 20217 53305 6599 14316 36377 20655 9228 36358 3797 1868 70610 6732 6380 14 1431 475 26806 16176 2272 16854 12790 5821 23448
15632 20315 88893 7921 5704 71467 13856 15476 39374 10454 6736 39844 3306 12053 48358 13611 15849 6701 7926 7242 90680 20653 14004 585
6888 9509 90294 6492 1629 1216 12858 17260 96839 11415 9842 62879 1829 3027 79084 12459 18813 65646 16734 6780 17092 20230 5053 80559
20261 12978 88960 16666 18292 76014 13545 4509 76787 12695 11001 51923 7659 8520 15195 17605 19934 88255 12585 1092 22903 13033 18882 2988
20217 14945 7300 18783 19836 28030 17860 19427 78202 8840 84 84871 8491 18961 17258 2313 16317 22759 3095 3306 38443 466 240 7286
7678 18156 16128 7911 10519 31382 6285 15397 64100 11439 18842 60886 975 16031 101400 14152 9532 72819 19619 18022 48684 14256 4997 17537
4555 8091 82345 3373 8557 5900 6786 896 83374 11291 8806 31013 14008 15091 45006 16331 11191 11899 2481 17498 85209 8058 10979 48642
13718 9927 51169 2330 8844 67826 7258 13398 92949 15492 1432 97566 3295 8218 83552 9253 4170 853 15724 2839 55957 11589 19169 96826
2 12
345531 84956 1286895 60109 74405 1430600 341776 149036 759867 170490 199569 1375359 103881 105841 633032 96248 189191 1202245 320347 237349 18859 1361 321606 497513 344008 163905 316977 258328 177993 240396 300975 201828 801343 202433 261936 519643
201265 251255 723278 197023 100048 718454 49594 234688 1094803 252277 330936 1561681 286085 298826 789890 268639 300186 1171639 264827 322498 419863 139275 228369 1451636 180422 176888 751599 275764 57624 59254 123815 258888 1187724 182420 103455 242872
7 16
44887 2297 20369740 251357 168175 23453750 894 70078 5277150 81074 57145 2868793 230465 74027 26250068 33341 98960 19661142 82608 241371 23614604 226002 154358 10986411 44529 115749 14348108 105916 221742 31471839 3571 14521 22871492 222092 238173 4979024 87979 211362 17575787 119532 40327 16570825 212798 18684 19755675 155768 52024 27511950
36311 106927 30187139 131158 53117 10025710 181114 69941 25016434 20189 148153 28938140 165472 151723 1186866 33239 121707 359990 41476 181981 6874051 119791 21701 12548619 227545 234498 14287258 129514 138157 25245693 130441 146764 28882736 92927 250217 9977346 182067 179223 31077212 107142 171707 19900868 1851 57366 15002487 163188 62900 3804977
30777 104376 24889823 109727 196462 23580213 229004 171898 23812373 114855 49303 30768935 25026 152040 13345118 238823 244966 7034921 1520 147220 10945357 58561 2254 6477703 11647 4104 31043497 88751 139588 23801474 7749 142660 28617187 81023 279 30119592 175998 229282 53288 1254 64324 24067608 189070 61645 30834013 19434 48359 11653113
72310 49878 3557748 52300 80735 4557221 176292 92381 31710275 77838 153427 20310114 42284 133471 3663557 55696 214493 15651787 41166 110678 23997196 143125 111931 15979910 42278 48893 10905922 65767 40622 4711139 54409 112931 1433206 190270 165230 32149336 76277 61709 11980208 163087 139547 21821968 137376 154126 26593064 226620 209821 24176187
64035 223282 20332454 130730 86594 5927409 9641 128872 17669683 174601 166934 24078168 135811 221342 26248086 146898 159503 14057359 211016 208075 9111425 115405 119053 15446649 117813 228724 17977976 1582 203236 12375763 72140 239566 28759600 1268 118187 22356550 42326 100124 17234219 104572 22616 11279790 207439 158426 4266979 171128 25511 11632929
20234 236526 20115768 183156 72119 1471806 178109 189931 3018290 75078 163808 28418775 154164 235948 21491690 176720 209511 6234230 33761 251836 19693739 244077 76595 18761874 117110 31925 23277509 211484 175348 7666718 185548 195581 25146269 87875 126628 27742409 109255 24924 25397709 79546 100002 11758403 225368 2057 11000676 78835 151072 4570454
78192 184832 25402277 122265 176800 25272167 216656 14097 16378895 161957 225580 30910244 132768 131316 11090214 87996 219190 25984191 87639 76336 25145165 249507 128177 20611412 70967 73732 30698392 100670 152566 12332348 87775 203054 8937261 19199 73210 4800521 27217 10053 5262217 67159 172009 8649631 30340 52668 26595690 161397 112960 7382803
8 1
330195 1940711 21813207
383589 2374260 40955441
3295499 4219660 16580235
4307098 1088744 33524703
3676931 1642739 6042286
4401310 569915 25405208
2593825 530119 22843557
1572195 3658950 24503716
15 11
437480 371724 242260 114552 332498 442894 78651 82220 637030 393084 6241 330956 122148 270427 478858 62775 47442 479518 368140 71661 322619 560305 449056 351599 477322 546529 58729 304181 128943 161028 245683 2400 833509
140444 429079 667238 140041 255836 380524 64324 397025 846178 181375 519172 136580 349961 330053 603783 386242 446298 323422 263407 442580 298711 4005 355879 783909 321741 96037 456057 192077 89825 681542 182241 230268 422247
253009 370309 73238 405996 182738 108878 1201 112219 419434 178961 462179 709458 404161 32504 77805 137000 295910 652450 318894 299915 326606 543529 369761 759832 333083 561837 302517 437165 492184 281460 154409 181170 695180
127488 335271 455998 245697 336471 757222 67162 515431 130814 218679 355570 558811 252471 240675 639125 476948 307675 501165 181153 287181 203659 41629 368369 547802 555951 241511 2227 484624 144025 514504 219584 19618 518260
197515 265315 441694 539558 80582 617177 527863 299261 786136 548671 299837 409638 301367 212763 204372 102083 142021 536268 524454 495777 332465 440851 487705 718879 285409 156413 366652 59242 124102 655749 168345 321616 388319
362024 45257 846149 255218 321225 791799 503981 305873 303073 177503 355346 254609 158698 457428 306448 175180 165965 356066 560030 42793 288003 370474 76307 357319 324943 135548 841216 299030 303892 26607 286536 414022 617609
102730 105217 575951 218184 357304 238255 381581 534806 243646 505845 441609 8746 520236 364894 155190 466382 360901 812803 84316 479481 454891 422684 552529 236125 321131 35642 256784 37405 70284 291999 50829 173013 736758
133583 139303 12321 270315 520883 30846 198371 210811 552328 19832 167025 610516 7257 69384 315684 37475 153699 164524 456128 324488 745875 446306 393724 768588 488481 431128 620983 380656 230062 64666 378047 111750 113622
168719 382064 848736 242302 16412 799908 505599 36243 51398 257640 43500 461791 430816 393102 594381 519449 285207 806486 344695 479618 632591 457477 404077 543678 388647 220710 712979 240936 34734 631902 484421 515580 316514
180978 193859 10459 340240 135435 584838 414631 141181 25755 558406 320102 8366 352090 23634 347397 470262 368329 612406 418134 9889 642200 233112 146641 62213 26256 387577 693744 495172 56081 824405 218107 237059 40665
17687 325404 619560 417532 176012 362354 296854 482523 447085 317384 18697 816088 371226 488958 268342 340663 343069 656976 462283 12158 211701 240589 350542 81723 365757 281691 380663 442481 247903 650527 209276 265589 188702
111505 119099 326918 467042 164058 24444 326764 229547 71452 210119 348878 856449 461803 437647 202776 471480 335907 156629 63776 12473 568634 355776 126335 763962 451963 4794 418960 221185 526197 184253 63917 73679 200301
82660 288826 715046 332031 51567 652313 36077 261685 137308 229079 471593 644792 513256 379051 7714 245569 190932 457371 76528 294814 518421 189178 494882 152916 549729 152044 263874 359953 528088 386312 289275 46725 242417
130761 126862 57085 453687 162938 202028 309574 140122 305420 39086 89356 579862 104503 83030 374700 494521 159557 634009 446852 348734 13744 403975 82547 26785 71379 442499 195271 376482 479880 650327 406389 46618 527646
235967 248410 565243 75336 557983 90649 386298 345174 391180 260393 449677 761111 325420 128281 462345 433366 11110 481033 472171 415085 373779 411126 234569 102647 314146 47028 285916 11996 201522 358299 400730 185595 527732
3 13
882052 150467 2575553 2784285 743478 4304853 380022 1494426 2483875 2315464 1057164 401282 2873904 1371944 4168935 2102908 1523960 4264571 1985997 2209012 395266 2237925 1999354 3754579 2004567 1611744 3936295 951995 1088191 8080165 305588 1970243 2575656 311669 1692703 2174109 14025 927700 8841462
338539 181340 1361665 2271277 1910219 471400 1301267 951302 2643871 2425933 1792275 7301075 1280526 968375 5395788 823201 1827917 7334315 1820039 2779912 6209641 344747 23675 5967019 2081746 2252143 419785 355374 2266167 1718557 2040227 1459682 3235960 2865443 669134 3235522 855755 1970400 3601928
370025 189485 2591386 948283 324986 2946128 464070 3162 8806109 446576 678176 84836 372249 1022923 3107614 2268163 42844 2166349 1649932 2315018 1098307 1959400 1293420 2387364 1305183 3013839 5967217 2561184 807769 6163601 561639 1177793 7241085 2271168 2126076 219318 1887248 1445121 7604112
1 1
207723 86302 35979
3 3
3357 35089 184632 21729 32944 195583 33579 19255 146642
25624 11949 142674 17487 26711 194605 36593 23013 77806
4678 2520 28156 10182 4577 21586 26272 15662 91633
7 4
577677 274314 770101 476015 433108 45088 206932 434755 94242 353578 359438 248070
511861 57244 411701 16734 573874 358388 420113 584478 332305 219871 590 511180
202495 183600 819992 406815 18575 408139 199305 8906 647171 415596 334592 788235
520769 391196 865858 553994 157428 778733 328020 81943 517850 425322 98677 604521
291969 368461 485674 184233 986 983366 309283 203480 350923 7803 22949 66277
411402 222253 813557 501969 50503 70459 287971 420943 569248 508727 237263 114643
351247 565282 263310 251011 252931 623871 574320 394571 407780 457744 578803 781040
3 1
4362 63456 2835628
65386 31094 258363
54102 44805 1854571
14 1
7400 14479 2913522
15439 11451 1370206
13747 7768 850890
4661 20833 851094
17944 136 548639
835 21844 1944861
7848 5878 56806
4780 8525 1003830
3530 13640 3073355
3029 15249 740554
17463 660 2007600
9881 12458 3238555
14326 576 2364586
1615 1596 1061391
1 20
9592 33641 3116231 21776 42484 4567367 6817 32190 4450402 16851 3901 4973723 41308 30467 2341307 11532 35896 4703988 13931 40662 4801746 1337 36614 4141452 11442 36694 2615458 21179 14240 6905168 37329 32223 5141432 25912 6763 304004 44744 21971 2342455 34776 38821 5401572 39039 41285 4891125 2871 5581 4956049 11005 19511 1394963 29781 29240 5388111 8974 40681 1930821 34575 14624 461510
4 2
960 28350 10777104 20143 10252 13954511
5927 1060 29831526 855 14404 30753905
23944 10455 29480798 15028 19836 26163901
8498 28804 13029465 7960 762 28129614
12 3
88085 127938 284252 25698 141188 384340 95849 135926 319606
154194 101338 233194 71666 43502 344339 138006 131044 289609
49451 80712 35936 139372 155136 289025 132519 95963 225924
89346 82145 329234 19335 17967 18476 103980 43664 247790
116638 142865 288493 1672 141443 264423 37585 60845 360520
7792 46588 64832 111625 96038 68369 31918 79794 94420
67604 56697 432360 153263 146042 269454 114817 13113 92961
48693 117092 302706 127108 81466 320606 30219 83138 38654
38018 120722 331178 89319 131865 104909 119399 87874 258865
74576 119791 333605 29272 35131 401846 83283 32778 308109
63823 147594 126343 65681 44023 34527 111202 15516 7802
143973 49086 365775 10308 90455 60914 93102 24158 362224
10 8
40 48532 6547019 32109 46443 3763631 12244 19977 55008 45625 37570 427950 480 48935 4740239 52195 1631 571841 49517 28650 7157092 32308 40248 5657420
35989 14021 968354 35490 51900 312219 20791 51939 6860918 48522 31458 7826576 17880 43702 6211049 23358 24904 7390283 46185 25383 9568416 23440 13155 5428553
48995 10082 1666792 30021 42389 7699056 19085 25788 7088090 18256 49444 7761916 12354 17646 877682 43150 13578 8960394 27044 31457 3460472 19081 42981 8806809
36854 36576 3169041 50973 7426 1150344 14132 44587 1049533 5941 22019 2365714 14332 29270 2217165 48575 47525 42613 17707 48045 5748975 38777 26772 2606268
26882 1227 1129106 46856 8474 669616 39143 33495 5382680 44980 31878 6506568 11381 46009 1589070 40453 40117 3835380 35659 1859 9127883 4063 38600 1908914
21910 3717 2040761 4814 30660 6609306 42050 45709 6915107 46321 28142 9169212 40984 14695 508953 7800 47841 4004712 34630 6633 4832092 41625 35252 1633833
18049 18321 8157094 11909 10550 8915843 704 32460 7945063 13877 37273 3098385 13066 14900 9384305 1647 49388 7689173 39458 37782 68814 5585 33748 9242340
44345 15788 3308057 23936 4824 2865567 31809 11039 505550 29708 22948 1469220 25450 11818 5799191 13075 25695 2718419 19527 38760 1584155 19098 28573 9573607
34977 15442 7806321 12962 9193 1664976 38787 949 680191 47578 13051 6441036 39031 33026 3232820 25139 10144 6231528 33630 23760 7571038 10157 36835 6268059
23957 44528 5204965 40823 51793 8272811 1898 34180 1363806 754 47141 4536972 21524 21505 8997934 46248 4660 9100869 23207 43691 6479610 51960 16240 6267197
17 1
2056 93353 6306055
61587 32275 21032782
21843 92580 5666164
21854 4634 2268007
102978 61177 3355641
68564 13973 17944695
17550 36612 8204437
29999 131235 16184793
86894 53164 20456563
60210 85847 21859332
70449 87903 12722596
81087 58841 8949431
4508 122795 6773994
6071 11889 8597491
84573 114866 5364044
50270 50669 6498648
60228 110331 13170771
19 1
42997 56094 41576174
29421 52282 51556095
44194 5004 11759982
65178 32887 43284940
35776 65874 53746696
17203 77111 28921935
89214 35858 24150113
66374 102570 24612449
8664 75226 11097236
96429 56396 25033264
100054 37315 6548425
52870 66735 24740494
62672 48850 42703686
37213 7398 36759355
105485 87725 14759712
35692 104928 38339568
67037 87511 8895808
87802 91806 3730055
56379 38391 32959619
8 19
9 17 1027074 131 8 285515 132 84 476540 40 31 1424019 67 54 1101697 1 42 415670 110 3 20433 98 50 809104 79 82 847774 79 50 939257 78 8 651397 34 4 1144520 130 1 80869 93 125 134769 49 7 1177462 76 8 801684 100 67 1491507 24 31 733318 19 59 110861
121 87 828439 45 114 496418 119 13 386318 17 92 1092428 132 1 1160313 59 49 937968 124 74 648093 97 123 1382302 22 13 1160540 130 115 715268 1 51 339936 55 96 1296490 116 80 501739 131 46 1229260 13 43 34599 102 102 207634 14 41 1356032 67 87 346297 53 108 186925
18 53 192988 126 53 651159 51 107 1006662 40 89 1349792 124 35 1331039 32 131 470168 24 99 1328910 15 62 41532 29 129 397778 31 47 1272923 130 64 973321 24 55 542764 103 56 248587 9 95 1148310 79 34 79087 110 66 560305 133 39 764216 74 53 134756 5 81 252946
72 62 445956 13 57 8465 57 30 960501 103 133 653936 121 91 385260 44 35 95110 1 10 1012746 38 93 1489463 40 116 1361064 103 120 300279 110 7 708535 29 20 717625 95 26 520536 32 78 1140256 24 64 595384 60 57 1168640 130 7 641901 80 45 418263 69 84 332605
61 2 798287 133 61 1280156 132 89 996003 3 49 1290977 121 81 280880 54 54 641260 77 114 1093464 134 59 1155479 17 4 826507 126 23 1431865 32 83 1051176 57 31 1431416 89 28 30478 89 114 216717 115 50 1456603 33 103 1416009 15 45 1413123 4 129 610125 133 11 391589
38 3 752947 60 118 628301 83 41 689758 32 79 151821 19 117 1226145 54 97 1445204 70 80 827050 55 44 1461099 53 47 966826 109 45 919061 34 32 1174966 66 91 573114 129 39 844720 89 20 842979 25 38 441691 75 42 931834 40 111 539154 57 115 466011 69 33 1244769
75 7 1414671 42 124 308194 10 5 1412332 46 84 173967 122 38 79644 92 12 37640 45 86 825771 44 75 351477 122 132 402595 109 16 1459317 93 41 582604 72 32 1152106 82 41 1304538 48 37 735269 87 24 505886 12 66 768209 108 110 1254353 61 19 1354387 40 6 401331
33 64 1350314 58 107 686067 39 44 821682 93 125 876992 18 122 1425111 110 75 322696 105 36 278584 62 9 1173365 20 69 17880 2 58 711173 66 90 731192 95 97 1322706 30 85 1284152 130 43 1484824 86 11 348992 79 120 1410512 45 41 266935 76 102 876892 32 71 145161
4 2
8552 2123 4486136 11357 2287 5566983
3228 10039 3712040 4316 4299 3621630
6491 281 5268328 9892 4012 815607
2787 11615 549103 306 2208 6041575
1 1
111549 172222 515882
1 20
153277 49971 2236332 42083 73199 3034407 206766 36011 1023584 113973 175303 136908 56585 147116 1066399 208080 197101 1992508 150998 149090 1704972 180661 181979 1365838 120688 64910 591544 56128 191222 324937 180273 213214 60684 90997 39460 1450415 15471 114941 2006959 95786 13077 2251744 28249 69662 1308921 22244 146457 654669 67634 81618 1070943 76982 46442 1224617 163178 35846 1517366 1156 91973 1046927
7 3
52126 227598 212353 81798 1190613 250961 1217555 894446 224348
126452 928564 32897 406829 502538 277227 248667 296115 144964
889004 546185 36639 704596 1098980 184789 919636 632193 268272
397345 701486 141109 554176 753611 60818 437912 835408 208942
586640 572563 74524 1027868 494478 43911 1044764 901306 5072
73902 945436 36378 400297 354039 204938 1108200 1058634 36918
274204 497870 265486 1048291 895214 42131 440031 1244853 266797
20 2
42745 161869 338355 5127 32855 122300
103017 51295 986799 86419 236778 913420
52485 211097 277710 167293 21537 515977
212661 271656 521073 99588 13053 529619
245818 97116 437240 209682 167335 338197
207579 210079 718477 42820 215206 832785
195054 165500 356472 218420 251918 445579
70571 151680 208835 7924 38861 522351
241645 98799 138628 235951 198386 49864
147626 164092 192761 45161 93663 80061
278094 148519 67830 87341 191338 236415
209553 233669 359658 102949 171978 108234
80399 242548 781017 116224 250471 412153
173585 212004 868842 69768 167844 741873
259114 162747 522891 265465 207907 466893
159040 53167 676272 109971 140508 785929
123385 69949 918163 22187 20175 1020170
20184 227963 262313 169861 64075 665356
78288 84937 298768 212902 154704 723223
138401 133706 389134 202659 119060 406040
4 11
3843 2762 703143 1580 5577 345659 2402 2172 925183 3028 4103 532073 3513 4152 1004195 2437 4538 844244 4945 2201 314998 3085 2446 271387 3933 5515 688442 2850 1871 384512 1993 74 234342
90 1458 293651 2335 3860 827706 4083 1248 499208 5256 4566 892539 797 1168 146615 2007 278 845000 621 3362 560810 1927 1460 772442 1586 4114 760659 5028 467 193678 5396 361 429324
258 2696 1007190 2931 944 866830 3676 561 251710 3129 1162 1000007 1089 2973 532049 1250 3593 611604 3855 5520 314874 502 1271 540297 4658 464 759521 3053 221 668366 2711 478 735084
783 3213 754945 5352 1055 497884 3013 3988 968095 2037 5076 110455 1338 686 377191 3610 4541 25051 1898 4847 872388 4300 3671 404344 1139 889 747310 4172 3599 425480 4067 4187 266558
5 1
90122 43865 494157
28931 48726 993851
240263 103071 1245789
31042 58173 1413822
134696 184103 1473966
1 2
27 28 3536680 56 66 899847
18 1
54273 27988 3815866
37533 44261 6459229
67413 56158 2298177
5879 14293 7666255
45694 21282 7482452
55465 74061 983538
10461 13913 1226978
7930 40095 4629581
25058 55671 2701721
75835 48757 4405922
62594 25061 807581
30459 62593 3390573
14139 52037 5740055
37647 46892 2826255
38946 14617 1214012
42761 59058 4406441
12890 58494 3616077
75407 66423 7008067
1 7
752 651 239184 874 347 4029736 727 673 6388583 840 621 3974957 246 293 5682966 361 31 2367770 570 831 2051750
1 19
42678 100402 10864642 23548 28152 13394038 99811 62889 14872492 117934 4369 2442075 129585 74605 16620056 71245 136016 16655617 107182 37370 13517376 94820 47257 8017124 151433 140164 5830364 97681 66805 1179469 87314 109482 8347868 43202 133030 8823039 22594 72622 20647091 79708 36404 2818285 33625 5770 6066286 136929 77014 15968368 75248 30044 17568988 65363 124863 15190156 71494 116077 14101119
1 16
5247 1091 13895 7266 3153 6782 4947 5760 18821 6487 6341 24893 5878 6058 14714 4418 4650 7146 4642 5766 19043 379 5245 7572 3214 1256 1835 292 5079 6667 7207 79 6134 3790 4366 20757 1136 2043 10825 4953 5552 19993 3540 1182 4751 717 5599 22749
14 15
324 618 6359440 234 686 12018962 177 38 6518296 604 404 7881448 575 522 1255915 632 287 5266490 20 435 6575388 288 729 4190077 222 224 7202420 472 194 10806712 567 167 6150792 366 401 10292908 31 577 2047966 360 64 4657872 648 639 8061728
111 504 6996505 46 174 12631623 99 111 6047553 103 332 10049035 526 454 4732654 255 670 9864504 602 270 10921417 518 716 11008468 121 310 9262281 477 191 1646491 589 718 3168944 637 413 122151 354 511 923742 383 263 393405 701 22 7694065
447 277 10879494 360 528 6999127 672 695 4578493 445 49 4319317 282 525 10609614 56 764 9578723 334 634 2999702 435 221 941370 646 253 7593803 73 188 11539416 368 634 7288052 567 643 990503 269 549 6433108 337 227 3550394 363 158 2816803
580 214 9970924 748 197 12218962 562 282 7065964 186 161 559484 73 649 2748555 747 667 9055827 581 467 7232367 592 736 8199590 531 722 10162528 518 318 3763457 679 132 12762304 72 529 1917707 98 325 452119 410 510 9289281 209 232 3215726
611 212 2728955 531 442 9398458 327 267 8109922 671 447 6935272 125 198 6700392 153 527 2888322 394 598 1584352 482 345 9281614 434 754 1314607 197 613 1574002 675 457 8795777 636 637 8154547 298 613 4134244 761 167 6661409 413 708 2989566
383 94 12232386 549 138 5950487 62 619 3349694 315 286 4509107 728 133 7665069 606 41 8579270 345 326 3504103 526 624 3165364 624 618 6452641 402 681 7231593 27 297 12759108 595 79 4374049 577 557 2614128 554 105 2114893 168 482 12165623
394 321 10375174 726 316 12275935 579 75 5152926 279 698 9919503 145 749 7904066 368 10 9300439 684 254 700076 372 64 6971060 677 267 1307838 568 84 4815314 591 127 6264056 304 503 1646404 343 315 6103768 304 243 10966958 117 37 10093945
610 404 9967728 283 322 10017257 451 343 6883016 408 253 421265 120 471 5621408 314 295 10358212 478 249 1097510 191 591 10443706 744 544 3151857 113 661 5464904 231 154 4824138 7 87 11665529 453 537 1262823 196 594 5330450 205 364 376431
364 327 11369823 234 38 965492 255 228 7046242 591 621 9158129 54 734 7910651 319 614 7714441 221 270 8559935 511 722 1837205 726 151 7320746 78 6 711524 666 369 6615152 433 252 9182247 31 507 6565780 286 331 11856382 318 34 10414141
244 352 12333001 323 223 11283823 139 733 11467291 490 342 3469555 319 420 515313 161 735 2409401 679 401 6706597 118 82 11010977 200 17 7146240 137 334 11067679 456 577 6126757 623 549 6457616 709 337 1612346 750 61 9150637 242 29 8796067
505 190 925066 371 518 6217461 554 286 10512168 61 485 4558562 730 271 4501635 251 727 1955170 540 583 8127039 700 175 5970308 61 574 815612 529 50 9293699 650 554 692652 389 574 3741060 179 361 9001162 466 71 3248438 3 35 8819567
639 701 1211815 735 124 11378189 264 58 559064 129 534 11645171 120 296 3879189 489 179 12693303 348 217 12566903 724 46 6713155 619 511 6143033 232 514 12186207 532 386 10303485 26 5 6621622 518 684 7598235 418 462 5535666 542 581 274548
714 719 4104379 324 300 5146790 508 257 9619240 702 109 5920458 616 757 5595870 215 522 9653678 514 198 7245615 586 715 9992152 16 17 11060161 328 558 11265253 586 155 10591123 255 479 9730424 557 636 6607642 554 221 3237076 296 70 9854026
550 284 361185 74 447 10887241 368 683 5090074 229 698 12629048 135 675 10232461 621 494 11089504 710 749 9273474 332 189 1054406 210 743 9442321 613 272 5663379 590 471 1903785 739 545 8467025 318 562 551278 262 25 7868217 222 159 10346637
3 1
10968 35821 1841217
38130 12287 2717118
30319 7751 1579629
4 16
24924 31641 1849125 33117 13483 1474545 12353 6183 144987 34101 22166 2236471 9492 23962 41298 4177 32010 1723485 975 20452 1010276 31955 30200 515630 37756 21815 1618641 8082 31639 1845758 24049 18469 1394016 7343 13491 879682 15249 25843 1095383 35611 21850 984598 9217 31341 50599 15938 35810 110607
17207 36784 247420 23844 30351 1415235 15330 29719 1545727 17296 38093 579083 14901 23754 759313 5467 31096 1213894 10101 8251 197927 20917 5474 1881020 15511 14983 183225 34359 31214 2251952 8736 10326 1087931 3564 34169 747481 28591 11111 471116 37338 28699 992027 1243 5212 479220 22003 10972 1154177
17866 21072 1491355 1478 3895 1635740 6938 19405 1568434 5352 15670 1703093 1480 24405 763113 34392 27968 1641778 20881 18464 716339 37674 17707 1488445 15492 18950 920755 17357 2858 34925 12224 20724 1593645 15340 22201 2181558 24223 29138 155532 9701 34782 76904 26685 36555 1683920 15607 32559 340901
310 15345 90810 34803 14631 2107014 21513 30416 2085496 13141 9678 785568 16034 21901 931773 1611 37534 839028 29762 23369 1643633 543 33069 1273442 25381 21659 1608048 36528 37265 1480012 37256 37867 1636813 18059 34282 1804848 16862 17700 720773 34614 30840 1491536 17130 8486 15857 20368 10389 40458
3 8
66714 250796 702178 232443 248865 479081 107184 217380 63526 103371 21873 549227 199333 43026 256277 91141 201041 403431 50924 330 383806 24413 47439 673066
196007 201803 325316 206982 22225 394195 270738 88938 344519 204663 38007 804804 134221 62136 499702 58560 165506 74461 13864 81465 551903 259520 89551 292657
111223 57420 68772 105196 81833 470705 265316 194785 493138 52686 118393 274117 79146 22703 281499 73028 227365 794522 232720 78212 118994 43045 136771 639661
4 7
37253 73736 2333031 44673 61320 109152 28758 6439 3323392 51050 30204 1775300 7671 42975 2035452 56220 37703 584395 17656 64915 888861
33361 26573 491334 9744 46220 1256226 56573 30110 379509 38609 67362 2538271 56084 38154 2123401 17829 8409 2750372 57861 59459 1222448
30456 8627 2183060 5447 64846 2784630 38068 24000 996919 32451 57360 3142752 32268 8601 1128932 27774 65173 1012983 42071 29901 1201101
71601 27482 1322190 14688 45310 246222 68853 44669 376697 63961 1243 497271 43541 22068 2293298 2321 60135 101293 26016 18704 2567538
4 2
96690 94923 247922 7829 44557 138266
62577 45655 4798 86095 98930 369971
20021 45145 122605 31175 32198 349467
105466 96276 227423 28513 95828 376726
15 1
142414 24168 22073093
6870 893 30909679
76652 138201 11311829
147078 18254 6763354
84382 169620 3682075
184854 53762 25962349
137689 85171 4796516
138940 24257 18485276
107343 159891 4336287
184874 10912 21472827
38250 153325 12151790
134956 117668 14459231
106668 151792 3115545
133337 113953 31580299
135102 155807 21189376
12 3
8603 7580 2924580 5112 264 892082 3617 1069 718052
425 3363 3431219 6789 1473 4295420 1279 4837 1427024
4548 2574 2812918 8608 2479 1543749 2810 2392 1760284
3951 5942 1988004 4293 5105 4578420 6056 1119 1549945
1876 4736 526770 2582 5160 2818190 5613 2508 4877639
1501 3443 5155407 4830 7648 5211614 3445 7158 1972017
2907 527 5517140 7490 4478 5135414 959 8427 3769118
1663 5043 5447027 2631 6918 2682862 4324 59 3651117
626 5329 3430435 6811 6829 500367 9078 2218 5017101
4479 5319 2376083 2358 7883 1720329 2285 5932 3248330
7810 6547 2918635 246 8210 4693206 2554 1400 2894662
157 5724 3773134 2576 6006 5227761 7502 3719 3947117
5 8
198187 433436 4717908 268396 202592 10082184 350621 93519 12173499 474822 110246 2972127 84493 5244 8580856 98926 316080 8430097 500961 91722 12284365 409766 134422 11579537
314713 114152 6985572 74397 172929 5326407 116708 320797 11424015 160443 79597 10995436 6911 379900 9406036 100519 345126 4835793 334222 429618 2250431 40387 478225 7763718
112700 419272 1755299 463431 269124 5436756 460042 74242 6665039 121024 148638 12843974 300165 215027 10755741 352829 375469 8134414 48171 382379 5129908 346626 432579 1928996
195413 206887 9559070 508721 247273 4623195 118918 309654 208033 330431 263489 11449042 116453 213936 4184690 16627 284641 1705034 498687 75210 304830 282354 377721 10946014
145618 375573 10796109 338462 162286 5784588 366837 307380 11371629 264917 306505 10032299 81308 425422 10196692 266652 195940 10531438 261843 312392 10128018 230639 278700 2354268
4 12
195845 223275 2691725 25216 55870 19064264 61325 99116 3753390 198195 204202 23175503 28303 262961 4136273 190211 213691 12661394 171343 105492 23086783 239649 229704 18782074 273499 127063 7358191 12831 96065 9942737 109041 10975 2564440 171145 36190 26423617
162857 73363 13446846 258730 247405 25676097 79387 275707 20326964 77731 160832 23959176 111478 51240 29279018 63862 266736 856857 157956 259301 6784511 52354 247979 18761260 119703 76085 522726 129392 223078 19001538 170798 105000 10064042 30386 58643 4699352
94174 138029 3354556 115837 191607 4611567 70257 22151 29230864 130168 61860 15251422 138848 219815 27902778 226287 272169 24833448 128856 110937 12942998 42399 216176 26168525 248914 106039 12636528 247857 112272 1441457 189118 182294 7311793 125152 273978 3138438
222016 63300 10029804 40882 193467 19827301 150635 27229 5716300 190450 253515 6300362 197309 101436 8723872 256100 143834 15551269 257035 87662 7609465 57882 30432 29590679 198306 219550 4987870 171673 63767 2267413 55712 261630 22590133 218683 278359 24297281
7 11
80130 38362 1719008 67840 15986 230025 38675 79571 1444365 83752 20109 733233 87243 33390 519134 23879 44658 2166361 85375 83130 1974815 29009 26643 2479112 76056 13817 1949569 42399 53838 2779525 28019 13359 2387012
75132 81198 152679 71903 29036 2622141 45623 83016 1347091 72125 79422 412725 5801 12465 249596 83776 68067 793917 32765 67303 1314717 27653 52522 519460 29906 4085 671426 63677 2331 1878821 44974 77462 1227484
42257 28756 836313 89337 74378 1327844 65690 25895 558061 45659 31695 1931288 40514 85699 2270085 88727 88691 1617831 72745 25507 1097061 40808 25640 324946 32936 89317 861032 38423 13682 925014 34271 55938 98647
29382 54439 2677338 16673 90356 192922 23841 15406 1717661 43473 55920 864785 10563 24038 1811882 44955 67010 687710 11261 78046 90104 72487 20145 2150321 45207 58567 1608479 65616 63065 2764836 53716 1611 594641
56650 79347 2795339 85477 12351 578257 25391 55823 2097849 21231 66385 1797677 44698 81567 1640726 63899 1992 849918 78967 44706 2299452 1680 89913 2166061 28910 64692 1677230 82305 88636 372732 8467 24677 228680
86047 80381 1154865 88197 76000 1583262 55430 6394 1581181 77992 21319 2766452 76728 55445 2088555 62672 43576 2723478 68761 15483 1126703 73873 44392 1980522 51213 35860 2532539 30163 14554 1960779 58687 9765 1106433
38497 7125 1038891 14585 32783 1974668 57057 81002 671830 60487 66893 2223632 36137 38729 1666362 56492 77717 502071 46151 60753 339237 9665 21129 2646158 2271 21519 112613 19552 80205 2790533 87442 88929 2705045
1 11
1637400 18464 1123095 806708 810053 3124341 1872524 939187 2705509 433449 1996701 1318206 861257 285418 388509 1763596 717768 623143 1614568 1106783 2883990 1133061 183834 2686161 1306597 821383 3935302 974314 1883297 2088209 546429 1523412 890921
4 4
103514 597941 7079075 147179 654380 2085422 852113 363032 5880494 339495 324848 8777734
51815 278315 6310658 469689 704636 12507035 504945 239686 12641531 302254 859647 4025326
219350 832937 6743411 619330 828610 6548416 697070 54938 4278042 502494 67348 2286398
709301 42276 12361636 547546 247002 3204353 790189 298817 6882733 802428 633737 10833255
3 5
88815 64628 5126346 122509 98776 1149841 72683 111527 1913797 54340 4526 4661356 115124 75199 3181120
99359 25109 3435328 79723 22507 3685400 103336 46096 726313 18889 90354 1005903 12277 105108 4867485
83510 70516 191666 111246 97182 4569656 48941 74023 3801883 98306 32520 4991990 70233 51801 2244874
9 19
4680 2133 139031 1276 744 605576 3924 2071 79639 1593 5663 4987 5729 4593 120941 3397 1551 120146 1535 859 984789 2732 50 654907 5035 5621 54293 2274 4239 750817 3121 3680 316168 5169 5772 896761 3702 3640 870713 1986 5232 255536 4772 4905 118211 2331 3063 514944 3544 5414 895364 546 2090 1030513 4767 1887 39123
5027 4160 717662 492 2043 978045 4144 1973 806877 3302 5674 24981 5347 2421 586741 944 1138 709999 1951 4285 75213 4509 2590 997374 1870 3136 774678 97 1847 1053946 3128 1635 1248559 5975 2943 625534 5630 1032 848573 5817 5150 739213 3589 4441 636459 1354 146 26564 4023 2097 555141 4517 1367 558297 5187 3236 1020821
1891 3332 1072947 1298 1221 768966 5681 1141 859696 6052 1532 395997 2339 2110 1021204 5117 460 328843 5077 1813 326963 119 598 127835 262 5114 246402 2177 5062 53355 1990 897 579207 4466 3011 338407 2521 2637 307984 4336 2633 687884 1127 5788 1019678 3067 4849 322405 4209 3870 188747 5497 3988 809969 4459 5066 249403
3971 1188 510364 2296 3994 842855 3953 3221 1035517 1593 5741 552869 1189 4839 539177 3134 5965 1064915 1133 2977 1116783 408 1947 553139 1496 2205 925220 3181 609 1263492 4742 4579 601581 5309 1636 966247 2351 5589 899824 1587 1943 1171278 4276 3131 596899 4359 1026 91415 4175 2158 157298 3601 2566 1123390 1658 4878 526674
3703 2004 766232 5576 690 1082525 2580 760 4236 4395 3110 381816 3374 5514 282426 2856 4551 760623 1938 3672 1238986 113 2608 1212518 2897 153 1262991 1573 1810 541687 2454 275 636671 3942 612 13308 4771 4008 706633 1180 2347 769522 3994 483 718760 3512 4155 360641 105 38 980914 3779 967 1113882 4373 4680 351655
2293 198 512677 5091 2651 997496 3837 537 538991 4089 69 744683 5917 1248 50205 4800 3 620688 3140 4331 837431 793 4436 32025 2117 2159 567131 6048 1293 69434 4076 3586 668264 5548 3438 100316 1238 2037 137762 3595 887 857185 4721 749 738150 2955 5548 162470 1672 3449 677878 5360 4242 514383 4664 1120 651604
4934 1113 30814 3828 5188 661576 2920 5497 814330 5478 680 607015 2518 5091 571670 5682 3756 896194 5672 1472 78863 5664 3143 590950 3932 3264 521850 580 1872 593110 1021 1567 393938 1937 5395 16622 1200 3076 1239146 4717 2498 1003720 4216 5833 108701 5418 5459 45345 1313 5075 863856 3572 5500 394945 3224 3377 1000712
2697 4773 929145 2472 5793 1006738 4176 1674 1043560 5829 3690 701934 869 3169 828750 2643 2146 555828 4269 1508 480987 4412 3637 77070 6027 1153 771852 5546 5193 712599 2273 1834 1160267 872 5122 754578 1855 4059 272921 2176 3833 636235 335 5518 615447 991 2923 70997 2241 1953 321128 2894 1127 1256093 3383 1915 164776
3316 1405 1174679 1388 3677 752366 4232 5366 1015620 1575 1165 574338 592 4157 451083 4116 4491 360328 4752 243 40485 2296 2483 865560 1346 5376 1096860 4850 3520 73568 3450 1598 461874 371 2985 991244 760 1978 806783 5453 3552 655863 2911 4144 576103 5019 2204 750706 1351 1717 1002479 605 4012 362579 1811 120 317930
6 2
222768 175781 335571 6511 220299 236175
59584 18827 58602 16640 165839 270678
65993 318930 110979 34394 145365 235784
332350 306159 66639 108466 13276 335525
232478 229204 177226 156274 53625 62423
240141 90478 302563 41185 96988 246003
8 1
42053 66864 1549551
35511 46928 990752
16451 24460 1563068
35599 60624 1424597
1990 22479 1319762
38439 15982 839160
56246 40932 556250
40452 39267 218942
4 13
16275 25985 11874673 31593 34152 3007044 11527 1351 15416727 3591 30044 1564936 27415 25491 1127793 1107 18496 14112414 2672 30744 1127247 21518 6685 8613879 16228 33004 13124111 3870 34373 14075545 12502 1696 9814481 28469 19347 4404163 11848 30874 3736963
1157 20523 15429493 33866 33996 9467585 23130 91 2519726 28392 23833 8156758 24333 10339 11494241 6140 12625 13163737 4819 16495 305804 5011 28996 5586195 31188 8512 16191004 7552 20359 16935073 34219 21515 10528830 28036 6429 3245879 12332 29558 84733
15123 8997 1789093 20776 33329 16378972 33113 25527 7124187 8431 16404 2162213 4181 7474 13855106 1626 3650 1537817 4477 32271 9888864 24259 31478 15075242 29553 24502 12016890 33832 22892 15131591 24260 3004 14373522 3509 9838 6646678 14166 7939 564937
23507 2428 2607414 14331 6609 11758157 20210 29304 7028415 34600 19839 16980587 20396 9087 10325152 13766 3628 15781594 27505 23518 7791013 21849 33836 13031372 11248 2333 11277941 20034 2558 7379965 19335 26064 16922925 21099 26454 9409392 30335 11652 10360545
10 11
140343 251320 529287 420772 95040 557807 326067 36599 195541 394533 321388 481421 3895 425390 209052 427706 316285 134643 330017 167059 625875 5511 91958 52650 129053 267785 777855 151612 71256 633407 70804 322800 682334
289896 312846 114498 53767 208188 874009 86745 171995 305009 1651 175889 454327 423009 172869 74343 92790 183363 839275 405942 188873 843039 283025 317926 588087 390185 150014 840002 81478 332019 821051 135293 191189 875831
395349 356158 143196 150077 123379 51522 337393 125029 354872 88649 228514 378219 267392 321303 227870 293670 407721 386060 300703 260020 672285 367199 219479 721375 74225 412159 80324 423573 116726 879170 15996 192552 17704
136129 342628 206722 219935 360497 784884 48904 129623 360490 161944 397014 668933 138822 371160 50569 193371 241137 843565 357524 288812 397497 240965 363036 488530 136901 36360 656237 224026 52356 100612 347784 299686 381911
52994 88896 890639 425158 249001 23857 275588 91421 371164 336119 230243 28322 165324 104090 524617 254548 30889 619127 132526 383055 695341 103139 89231 888061 301680 424458 15854 150844 341516 737171 134315 74986 131764
47557 180621 611768 90421 25483 498139 99573 42078 704993 160361 207401 17637 142762 142426 480852 413974 274951 300756 186771 58567 15663 426652 360246 504743 399366 191566 871195 241040 325880 407238 282811 373436 355746
31655 33131 390960 413847 243905 267310 164831 84742 493354 131107 227503 83650 128270 321953 121942 188965 77998 182254 338890 185127 692567 163024 264969 610732 120353 75283 90405 41465 358093 250478 365601 70224 430041
284494 164548 314007 245465 329378 160435 205516 29759 722195 196789 269231 561151 254692 27470 144385 259959 46837 588215 305948 321062 537478 1576 10689 501088 134285 52153 610808 320906 98230 563902 109933 382724 401995
254067 308665 830079 52217 83455 36784 300273 391446 331968 328355 215412 645370 114912 155848 306405 197796 31070 506063 114924 143847 286529 107333 389333 741290 249514 279514 397081 31193 69923 559367 408144 4466 352697
253022 167884 42167 350063 37432 625932 285609 365786 625181 248625 161174 451902 369678 358970 340669 269866 43168 217447 291945 261702 629150 366176 80490 455241 219113 222884 354016 343572 200302 869216 26447 22599 788781
1 4
9478 3456 10375874 27677 25203 1774578 29339 19842 7870860 14616 18625 768748
2 15
8692 4679 2448455 5115 7566 7104154 2029 3929 11270936 2483 4153 12112647 5694 1275 885318 5133 8364 8910150 5163 2237 8841264 8430 4887 8678243 8801 5954 1092488 1388 3718 6914611 4102 3289 5153957 5044 8403 1590355 4865 4063 4973055 980 6545 3585900 3491 5870 7341366
3092 1883 7795265 570 677 246117 7821 2738 11990771 695 2418 533480 3550 6557 5476945 8969 4290 11564974 825 213 12580776 247 7829 7869351 6350 8809 2667075 1117 5931 10210289 6278 9022 2403159 4314 3223 10262199 4586 1923 3593596 3376 5369 4053937 8119 2551 12277166
11 3
68311 71102 1047275 21079 61879 614771 54564 39487 130800
65804 60548 1082853 22575 40390 1264490 4629 27180 98905
13817 5127 2808575 67560 66326 1582746 34866 37158 869990
17154 47598 723802 68622 44179 1712599 40536 65258 1728083
56007 48092 2008451 48774 53049 2114097 4876 3895 1426629
67734 8523 1113272 52356 22339 2413336 3241 29053 811096
62618 63918 693855 29407 20225 1906417 57697 17117 1105279
24514 57652 1159368 64091 52812 1055278 71426 29856 1386880
67578 45614 942607 32391 41618 779342 46148 22244 681213
54149 36368 1932507 67630 38139 1951370 46538 6699 1132827
1315 3550 1345165 11153 28063 2564704 25402 31307 2858872
1 7
19525 15262 4351 391 13952 22681 23482 18508 9641 14421 17252 17596 12747 21006 3720 15066 19645 26779 23024 4773 37670
7 12
939 4184 14477171 3466 1973 9645577 2464 2628 16759863 3026 3508 26401377 1234 2399 12049785 1232 1038 10650844 3509 2120 961901 3436 12 16061962 4113 3726 11344897 989 391 20109838 2368 1329 1195302 405 4413 8516049
1956 2001 17448332 3310 533 18912004 4218 1385 4647041 3133 2616 1244790 2176 1250 7351793 1951 4303 8464684 775 3922 24228809 3293 36 25652798 2141 2403 23230653 298 2807 21693224 44 4381 14197752 2418 3197 16847067
3805 2539 3987399 2334 1179 19096523 1900 3354 11334169 3204 811 26991040 25 1203 28307237 190 2 23113344 745 1761 20218503 2246 1676 22002923 3667 1719 20625846 2213 4136 15360798 909 3066 3025860 990 524 19864735
3686 2424 17361675 2756 752 26061876 1635 776 9568291 4435 583 2101528 2396 1327 895713 2759 3573 24632483 1053 2364 17271919 3346 4194 13748687 4341 609 15488456 3000 1598 27138266 2837 790 2873273 1152 3163 9211862
4388 304 19646044 3951 4357 28821333 3516 2259 15320892 347 142 7764751 2965 812 4970421 2426 3775 9038693 1529 3623 19330298 3316 1747 4859961 1133 4202 2210542 609 478 5229871 1218 373 23422653 1838 4323 8443195
3041 3345 25085097 1078 3310 22303309 2304 1399 16711377 1401 3824 16838188 197 859 20558202 4095 4174 1313982 4334 431 20650519 869 1039 7179599 566 1874 28643352 567 3330 5860180 49 1877 12195164 1789 2572 1474383
3288 383 27913616 1106 1783 2548557 2316 1979 27877780 2655 1199 13153518 4358 1039 15097330 1659 1907 6999194 3548 2090 10167929 934 2275 14666284 2642 2323 14342919 2820 4112 12421764 1050 2524 11278195 1060 3247 21272008
1 2
191066 313054 10468448 136821 1508 11140215
15 6
17186 14587 14342601 909 25330 8543618 2312 12028 2771607 10190 3266 1853430 23976 3967 1688766 36335 11311 20305296
26472 1321 5668507 36281 21947 17202973 6851 29884 16797940 34425 9087 13695115 34484 8864 13772956 6643 9773 18881584
3813 31796 16165293 23262 24577 15905587 9982 11433 5230133 13352 10647 15804945 25147 19710 5971326 9727 1463 11030887
31571 8313 18954200 4587 25329 4391551 18119 22693 9653328 11421 11927 2723525 30053 35451 2664667 23591 21592 17961269
2987 14165 21139041 23469 27516 839060 733 35254 6028447 16437 27572 8487682 36679 22023 19148444 12564 26609 20510096
17248 27320 11531625 30795 1620 6555631 36706 14264 14125730 19884 735 10668471 27638 3721 484629 9705 27190 4265986
22130 10514 18420124 36856 26951 5714825 33333 26509 21359090 3306 21665 20247117 35727 1792 11179325 16601 32586 5481321
11705 32171 584324 5139 34646 7758932 20165 25163 10005 31948 34867 6465385 34126 2468 14137609 36741 2204 7547640
10096 35536 19176727 25185 1721 3627979 12355 20039 5746325 26843 19231 13734729 5831 30935 6419004 18795 36074 7914179
15084 1710 9836463 15094 16249 16769231 24885 32966 759133 8070 32587 15630039 18204 25274 623845 319 33051 17789720
4098 8285 20839323 29380 35127 18856929 13007 23550 18398170 11396 24936 7243715 24718 2899 17512397 28387 17993 4340772
29802 5757 17342897 33684 13826 5693112 2650 14622 20454315 26862 34652 16187157 35387 1630 10691407 9422 13601 17593737
20095 26608 13583061 7175 883 1691050 12920 8193 8679651 2967 36579 10661156 9262 29260 14100949 31114 8415 9238929
11313 11064 3622734 36497 20518 13981742 779 18784 1043206 12769 28205 13454176 3053 30891 17153957 19191 946 18561552
3431 13865 1693429 10282 36543 283761 35125 8684 2309371 30909 2678 10976740 3398 33702 18018194 10220 33078 5054564
3 7
172988 16418 2232818 341251 27242 211385 250300 153459 2728690 300873 304476 4168247 273382 81910 2197075 311179 87140 1463000 287296 326049 1639939
175924 22767 2249503 336331 166451 1190554 295186 312381 432692 293933 133075 288572 288140 122032 2911765 154695 114518 158078 198483 63097 3662537
60773 78666 3603010 244642 37551 1483783 114923 324847 80496 95340 148477 3351809 76885 132515 3000761 17514 169887 1105269 66529 111526 3568271
13 5
67056 97390 7774237 64977 14529 7591871 57010 77587 631206 129702 54747 6419932 20903 178787 2688540
61309 116242 3262842 30971 147664 4046737 141714 78957 8193950 113666 71164 6742763 172143 63438 2548484
170826 47416 2643896 157505 112392 3537194 9817 86323 6176516 97102 29131 2896037 121220 50034 1711806
92372 28264 1676135 37674 163049 8395880 46683 117870 6151436 181638 44642 1227515 93270 133706 4413784
171109 117639 7253673 76367 5172 6474811 183046 14988 8037126 97341 29011 6912094 66382 67153 419943
131131 159524 13522 125229 10305 5694029 80097 160802 6221298 30843 155546 2148873 156567 165737 7261953
158836 66875 5282437 125442 143241 1513838 121362 56316 8489473 16711 153656 3597317 128083 136959 6114279
19518 81196 8342645 126109 19531 5629725 125777 16549 9937786 56422 151206 772741 31708 37802 8120583
57621 113559 3371035 14280 155923 2024968 79924 90391 10090299 160556 107101 2584784 228 48290 8118411
177022 171622 2689034 56476 27759 3300485 133127 153536 7962392 100608 126879 9969212 140557 75508 5103654
159349 133128 250224 58122 147407 191870 17057 40438 3487873 115386 117915 2344298 97398 118142 9118045
133291 108271 482468 146564 81668 2668399 13211 131717 3068085 83300 45431 2458016 34624 185987 2987064
23748 158442 4001652 126431 133485 5842769 11250 150542 7050170 90274 182849 3256351 89505 10275 529350
19 2
236696 285877 2731411 317105 70444 3837397
382746 375159 1204236 78170 276318 5231310
225711 48325 5268717 352513 179877 2296519
351805 353465 35958 99318 304117 3881422
358829 385718 1651069 280262 317783 4830485
232658 81971 4226942 403032 459742 896200
465613 369980 287401 33368 448150 420459
32864 262020 2110701 248163 202692 4683347
395850 142656 2933797 341975 241973 2905227
190327 188961 3644637 284237 57383 3525050
444881 290040 1981219 418893 281231 3958091
112176 274337 3189458 180617 368371 4384485
113535 401234 1155669 155445 176889 4149035
377230 100232 1054220 68133 30366 1466247
123819 220693 123776 92715 93089 2086219
379393 65462 4441230 396868 72515 4454063
340910 184690 1928847 243092 365307 2819529
120916 67001 2141550 382093 222445 5163624
312787 187835 3966401 446803 255967 3335550
1 7
90609 227636 509041 15828 14810 458195 147672 20448 169398 16240 143275 311325 13714 223242 366419 41213 136647 202869 70997 34630 424370
16 1
20881 36376 215054
51035 82015 732392
141631 341951 2464154
318219 213775 2097152
31023 308637 498378
280440 253855 791795
18823 229324 811791
67660 135193 1289663
37158 179547 86046
58289 78298 1472214
317781 74025 1526249
217245 125059 1003175
246874 241536 2703961
87834 196702 355955
126229 227724 1761500
99883 145111 2772296
