1
51 152800093118356 305600186236710
30560018623671 30560018623671 916800558710130 916800558710130 30560018623671 916800558710130 916800558710130 30560018623671 916800558710130 916800558710130 916800558710130 30560018623671 916800558710130 30560018623671 30560018623671 916800558710130 30560018623671 30560018623671 30560018623671 30560018623671 30560018623671 30560018623671 916800558710130 916800558710130 30560018623671 30560018623671 916800558710130 30560018623671 30560018623671 916800558710130 30560018623671 30560018623671 916800558710130 30560018623671 916800558710130 916800558710130 30560018623671 916800558710130 30560018623671 916800558710130 916800558710130 30560018623671 30560018623671 916800558710130 916800558710130 916800558710130 916800558710130 30560018623671 916800558710130 916800558710130 916800558710130

2 5001 10000
5000 2500

4 2 10000
17 3 49 4

916800558710130
183360111742026
30560018623671

4 8 16
1 20 5 2
4 8 16
8 16 24 37 43