100
100 500 10
4 205 32 253
10 71 40 154
82 439 87 441
62 64 82 413
46 16 53 45
3 339 15 386
28 278 43 471
44 309 54 466
34 176 43 216
97 237 99 269
18 126 1
0 4 17 93
68 375 10
0 62 11 62
22 62 33 62
57 62 67 62
13 124 58 124
0 186 11 186
16 186 27 186
57 186 67 186
11 248 56 248
0 310 11 310
18 310 29 310
100 500 10
38 344 41 403
1 283 35 341
37 34 54 188
24 251 40 282
3 29 28 87
63 315 77 315
1 439 55 474
6 208 21 265
9 365 27 376
26 153 29 230
30 8 8
1 5 19 5
7 1 24 3
8 7 11 7
25 0 28 2
5 1 5 4
9 0 19 0
3 2 4 4
24 6 26 6
92 384 10
41 129 66 181
44 202 88 374
7 7 82 93
58 114 67 122
7 208 8 364
21 97 33 305
70 128 87 147
70 165 72 185
2 26 6 295
9 133 14 222
18 270 4
7 175 13 224
4 95 10 140
2 34 2 190
11 103 13 106
97 474 6
23 95 64 322
7 148 16 420
8 451 67 463
36 439 69 447
93 266 95 424
85 17 94 22
79 49 7
38 0 41 15
0 31 68 35
62 6 77 12
40 20 45 25
31 4 34 15
0 9 20 23
54 2 61 16
90 94 9
4 44 30 45
60 50 69 66
15 2 62 24
31 30 45 57
13 69 78 92
26 58 29 67
15 51 29 55
63 0 84 0
0 53 9 55
52 27 5
47 11 51 19
26 5 43 10
5 18 18 23
28 20 30 21
9 24 34 24
98 262 2
7 104 67 155
0 162 40 197
100 500 10
30 16 86 275
7 289 87 425
90 177 91 470
23 270 23 284
0 234 1 451
7 7 8 266
9 435 35 449
94 445 97 497
16 190 27 192
19 53 26 178
10 10 10
3 0 3 0
0 1 0 1
1 2 1 2
5 3 5 3
8 4 8 4
6 5 6 5
2 6 2 6
7 7 7 7
9 8 9 8
4 9 4 9
100 500 10
0 1 55 2
9 3 99 4
0 7 67 7
26 8 99 10
0 12 65 14
13 15 99 15
0 17 61 17
8 20 99 20
0 23 77 25
29 27 99 27
71 98 7
19 11 62 15
39 60 55 77
12 49 56 53
2 49 2 79
65 40 69 91
13 59 29 65
26 91 59 93
100 500 10
52 68 93 460
31 204 47 483
12 68 24 161
13 273 16 411
26 55 51 94
11 145 11 460
5 355 5 364
23 277 29 282
94 146 98 424
68 34 90 34
29 360 3
17 129 27 171
10 230 16 322
15 202 16 202
77 287 10
0 47 12 47
17 47 29 47
65 47 76 47
10 94 61 94
0 141 12 141
17 141 29 141
65 141 76 141
13 188 64 188
0 235 12 235
22 235 34 235
75 365 1
0 221 74 236
53 312 0
51 384 5
14 242 50 251
26 89 38 167
0 50 4 146
7 279 19 327
6 30 22 184
61 457 10
0 74 10 74
12 74 22 74
51 74 60 74
13 150 53 150
0 226 10 226
20 226 30 226
51 226 60 226
11 302 51 302
0 378 10 378
13 378 23 378
37 32 3
9 10 14 24
2 27 34 27
20 2 23 25
10 10 10
7 0 7 0
9 1 9 1
4 2 4 2
5 3 5 3
3 4 3 4
6 5 6 5
1 6 1 6
0 7 0 7
8 8 8 8
2 9 2 9
91 57 8
70 12 80 26
5 19 37 23
60 37 85 54
42 11 66 22
40 26 64 35
3 25 33 49
2 3 68 9
13 11 33 15
100 500 10
76 26 84 368
17 44 56 495
68 49 70 483
3 122 7 401
86 133 90 343
59 164 66 273
92 179 99 218
91 410 99 497
12 6 68 41
60 73 67 146
68 389 2
34 65 59 320
0 175 4 278
100 500 10
0 1 71 2
28 4 99 6
0 8 99 9
13 11 99 13
0 16 68 18
37 20 99 20
0 21 84 23
33 25 99 26
0 27 94 29
21 30 99 32
62 314 10
0 48 10 48
12 48 22 48
52 48 61 48
7 100 48 100
0 152 10 152
16 152 26 152
52 152 61 152
7 204 48 204
0 256 10 256
14 256 24 256
100 500 10
36 70 57 406
60 281 71 479
58 74 74 181
11 405 30 490
15 197 29 256
75 238 75 256
75 359 80 459
0 246 2 495
84 354 98 357
83 39 90 181
28 24 10
5 13 20 19
8 0 24 10
1 21 16 23
1 7 2 10
27 11 27 13
8 12 21 12
21 14 23 17
25 9 26 11
5 1 7 11
5 20 23 20
13 16 3
5 9 9 9
1 2 3 5
0 12 7 13
66 450 1
0 272 65 418
93 468 0
6 484 4
1 136 4 308
0 390 5 478
0 47 3 110
4 49 5 116
69 77 5
0 25 52 46
53 25 62 73
63 25 65 27
66 25 67 49
68 25 68 29
100 500 10
0 1 50 1
41 4 99 5
0 8 90 9
47 11 99 11
0 12 87 12
43 13 99 14
0 16 91 17
20 20 99 20
0 21 88 23
2 25 99 25
99 220 3
59 80 67 127
23 29 45 180
57 208 92 214
56 80 1
17 64 55 72
100 500 10
35 96 37 225
52 211 69 263
47 59 48 162
67 344 84 469
51 300 95 308
2 152 20 461
30 323 86 330
89 23 90 144
82 221 94 292
5 47 29 141
13 162 1
3 55 8 96
28 352 0
100 500 10
13 201 99 214
7 249 79 423
29 23 84 177
22 7 80 13
84 254 96 279
4 16 5 184
19 37 22 42
16 452 73 483
86 292 91 400
8 196 78 197
10 10 10
6 0 6 0
9 1 9 1
0 2 0 2
1 3 1 3
8 4 8 4
2 5 2 5
3 6 3 6
4 7 4 7
7 8 7 8
5 9 5 9
100 500 10
0 56 13 395
15 58 46 230
35 293 37 337
57 262 69 371
59 1 96 159
61 376 72 407
14 259 21 264
52 24 54 486
60 181 85 230
90 426 92 454
48 258 4
0 20 31 160
32 20 33 90
34 90 43 216
44 90 47 115
100 500 10
62 131 92 218
57 286 87 329
21 491 95 496
44 244 48 286
44 401 89 480
10 124 21 186
50 161 54 243
11 316 52 360
91 269 91 299
17 42 70 80
85 280 10
0 42 14 42
22 42 36 42
71 42 84 42
17 88 73 88
0 134 14 134
19 134 33 134
71 134 84 134
17 180 73 180
0 226 14 226
26 226 40 226
30 115 1
0 5 29 80
100 500 10
13 168 51 174
31 179 73 495
0 124 5 351
49 58 65 154
76 352 86 474
88 102 95 329
69 143 74 153
10 97 10 140
18 367 30 489
94 383 96 447
66 281 9
0 70 17 143
19 209 35 247
49 54 65 262
21 3 52 7
24 164 41 197
23 13 34 89
40 61 47 90
43 13 44 25
3 249 4 265
76 264 10
0 42 12 42
20 42 32 42
64 42 75 42
12 86 62 86
0 130 12 130
18 130 30 130
64 130 75 130
10 174 60 174
0 218 12 218
22 218 34 218
100 500 0
97 7 3
0 1 53 3
54 0 71 1
72 0 96 4
7 245 1
0 136 6 180
3 186 1
0 89 2 104
10 10 10
0 0 0 0
9 1 9 1
6 2 6 2
8 3 8 3
2 4 2 4
4 5 4 5
1 6 1 6
5 7 5 7
7 8 7 8
3 9 3 9
19 61 9
6 57 15 58
4 17 18 34
6 47 17 50
10 11 13 13
1 1 2 4
6 36 18 38
0 37 5 52
8 53 16 55
10 3 11 10
68 428 10
0 70 11 70
15 70 26 70
57 70 67 70
7 141 52 141
0 212 11 212
18 212 29 212
57 212 67 212
12 283 57 283
0 354 11 354
21 354 32 354
42 41 9
36 14 39 19
34 35 39 40
3 0 32 40
34 0 35 13
40 16 41 34
36 0 41 2
33 18 35 25
2 28 2 37
0 3 0 7
100 500 10
21 32 63 278
52 429 98 477
76 323 86 362
2 136 12 408
51 305 67 334
35 421 41 436
64 145 76 267
77 217 96 300
18 365 83 412
70 67 76 75
42 76 1
0 35 41 47
90 185 7
53 24 64 167
69 43 75 57
4 94 35 159
66 93 79 118
31 13 47 74
2 1 22 61
17 69 29 77
100 212 2
36 42 42 135
63 72 90 189
97 375 6
0 287 67 359
68 78 73 287
74 58 79 78
80 58 88 119
89 119 95 123
96 123 96 162
66 109 1
28 6 39 24
4 184 1
2 87 3 114
100 500 10
1 140 7 148
21 0 58 41
29 317 39 468
80 216 84 284
27 209 57 288
49 382 90 441
21 145 74 174
1 47 58 137
79 32 96 144
91 302 95 458
81 284 6
42 27 55 265
24 27 39 158
11 22 15 151
55 4 72 22
3 93 6 208
63 34 63 185
80 378 10
0 63 13 63
14 63 27 63
67 63 79 63
16 126 69 126
0 189 13 189
22 189 35 189
67 189 79 189
14 252 67 252
0 315 13 315
17 315 30 315
25 75 2
0 21 14 60
15 21 24 60
73 355 10
0 55 12 55
16 55 28 55
61 55 72 55
14 114 62 114
0 173 12 173
19 173 31 173
61 173 72 173
8 232 56 232
0 291 12 291
22 291 34 291
81 152 10
43 59 43 108
49 3 72 116
5 12 25 105
77 10 78 65
15 126 48 131
13 135 28 135
18 138 64 143
30 146 43 149
36 84 40 115
39 48 42 65
10 10 10
3 0 3 0
1 1 1 1
5 2 5 2
0 3 0 3
2 4 2 4
7 5 7 5
8 6 8 6
6 7 6 7
9 8 9 8
4 9 4 9
100 500 10
0 1 95 1
2 3 99 4
0 6 52 6
44 8 99 9
0 11 91 13
4 14 99 14
0 15 64 17
1 18 99 19
0 21 78 21
27 22 99 23
85 107 1
3 58 81 103
38 270 2
11 1 31 231
3 249 6 250
96 62 8
0 3 65 33
7 39 45 47
49 50 73 59
91 4 94 11
85 4 86 38
70 60 84 60
18 54 30 58
93 20 93 49
100 500 10
24 402 24 454
27 120 28 439
69 80 79 214
38 248 52 489
13 114 14 359
32 344 34 365
86 9 89 183
77 276 77 281
16 57 21 105
67 335 89 392
100 500 10
0 318 39 319
64 247 75 401
5 94 13 297
19 172 29 301
88 341 90 421
76 33 82 193
76 457 97 458
70 467 74 482
95 72 98 318
17 27 44 48
100 500 10
0 1 78 3
47 4 99 5
0 6 69 8
11 9 99 11
0 14 65 15
41 16 99 18
0 20 54 21
40 22 99 23
0 26 62 26
13 28 99 29
100 500 10
0 1 78 1
44 4 99 4
0 6 59 8
3 9 99 10
0 12 98 13
10 15 99 15
0 18 54 18
10 20 99 21
0 23 58 25
23 26 99 27
54 141 5
10 10 36 124
39 11 46 126
1 19 2 27
33 127 42 134
19 0 24 6
10 10 10
0 0 0 0
3 1 3 1
5 2 5 2
1 3 1 3
7 4 7 4
4 5 4 5
8 6 8 6
6 7 6 7
2 8 2 8
9 9 9 9
28 186 1
22 16 25 166
25 236 9
2 111 8 214
9 73 22 118
5 3 13 12
9 207 12 211
11 44 13 59
19 135 20 191
21 162 23 213
1 38 6 79
19 0 20 6
23 240 8
0 45 2 131
3 45 11 135
12 135 17 214
18 43 18 135
19 125 19 135
20 51 20 125
21 51 21 89
22 52 22 89
10 10 10
4 0 4 0
7 1 7 1
2 2 2 2
8 3 8 3
6 4 6 4
1 5 1 5
3 6 3 6
9 7 9 7
5 8 5 8
0 9 0 9
100 500 10
40 126 77 279
95 138 95 263
21 296 25 448
41 55 52 72
15 66 31 141
57 281 69 345
90 343 99 496
76 75 86 104
85 299 88 412
4 74 10 446
10 10 10
0 0 0 0
8 1 8 1
5 2 5 2
7 3 7 3
2 4 2 4
3 5 3 5
6 6 6 6
1 7 1 7
4 8 4 8
9 9 9 9
25 112 1
0 44 24 62
13 62 7
10 0 12 45
11 48 12 52
0 2 7 58
11 46 12 47
5 0 6 0
9 40 9 48
8 0 9 30
16 446 3
10 35 14 341
2 177 7 362
8 14 8 340
100 500 10
24 102 50 150
67 50 78 338
10 165 48 442
59 78 63 334
0 67 38 92
54 9 64 17
83 101 93 151
52 44 56 320
94 36 96 359
14 447 73 468
100 500 10
0 1 58 1
27 4 99 4
0 7 54 9
34 12 99 13
0 16 86 16
27 19 99 20
0 22 78 23
27 24 99 24
0 25 91 25
25 27 99 28
92 80 4
0 4 77 64
78 53 89 64
90 63 90 64
91 16 91 63
10 10 10
7 0 7 0
0 1 0 1
9 2 9 2
8 3 8 3
2 4 2 4
1 5 1 5
4 6 4 6
6 7 6 7
3 8 3 8
5 9 5 9
17 467 5
0 95 8 465
9 47 13 465
14 47 14 219
15 219 15 463
16 6 16 463
97 385 10
0 63 16 63
32 63 48 63
81 63 96 63
17 127 81 127
0 191 16 191
27 191 43 191
81 191 96 191
12 255 76 255
0 319 16 319
29 319 45 319
