10
0 0 3 0 0 3
1 1 2 1 1 2
-730 -899 580 -899 -730 411
-75 -244 -730 -244 -75 -899
10 0 0 10 0 0
3 3 1 1 3 1
-9994 9996 -9994 -9504 9506 9996
-9993 9995 -9993 -9503 9505 9995
0 0 0 2 2 0
0 0 0 1 1 0
-5834 4766 -5834 -4158 3090 4766
-5781 4711 -5781 -449 -621 4711
8098 9828 9098 8828 9098 9828
8943 9772 9044 9673 9043 9773
-4206 -2589 5020 -2589 -4206 6637
-4153 -2537 2975 -2537 -4153 4591
100 -472 100 1212 -1584 -472
-742 370 -742 -472 100 370
-1818 -7558 -2818 -6558 -2818 -7558
-2664 -7506 -2765 -7407 -2764 -7507
