40
113 999709289
42 48
42 103
42 41
42 37
48 13
48 39
48 46
48 15
103 5
41 97
41 98
41 87
37 32
37 108
13 81
39 27
39 21
39 70
39 18
46 12
46 1
46 78
46 62
46 67
15 99
15 30
15 75
15 112
15 28
5 102
5 26
5 82
97 58
97 38
98 74
98 90
98 105
87 72
87 77
87 50
32 22
32 66
32 4
108 52
108 33
81 61
27 3
27 11
21 94
70 96
70 47
70 19
18 10
18 9
12 80
12 40
12 65
12 54
12 71
1 36
1 93
78 79
62 104
62 111
67 59
67 44
99 107
30 64
30 43
30 95
30 24
75 35
75 8
112 16
112 55
112 29
28 92
28 23
102 49
26 85
26 83
82 89
58 25
58 73
38 34
74 69
74 110
74 113
90 63
90 76
105 20
105 31
105 51
105 57
72 68
72 45
77 91
77 109
50 53
50 6
22 84
66 14
4 106
4 60
4 86
52 2
52 88
52 101
33 100
61 17
3 56
3 7
467 311
174 417
417 242
417 67
417 74
242 219
67 143
74 226
219 450
219 197
219 111
219 224
143 314
226 106
226 292
226 152
226 443
450 125
197 113
197 334
111 29
111 310
111 448
111 255
224 184
224 83
314 442
314 367
314 78
106 80
106 77
292 221
292 436
292 109
292 287
292 253
292 429
152 379
443 307
125 222
113 94
113 296
113 158
113 198
334 58
29 115
29 187
29 430
310 71
310 2
310 19
310 55
310 272
448 308
448 42
448 394
448 349
255 423
255 122
184 342
184 351
184 59
83 185
442 415
442 193
367 10
367 361
367 210
367 299
367 281
367 323
367 285
78 456
80 449
80 62
77 393
221 231
221 420
221 160
221 318
221 350
221 105
436 377
436 373
109 463
287 196
253 398
429 455
379 390
307 322
222 91
94 103
94 271
94 444
94 327
94 280
296 48
296 345
296 127
296 34
296 465
296 407
158 167
158 261
158 131
198 90
198 410
58 335
115 3
115 283
187 82
187 63
187 263
187 5
430 179
430 142
71 408
71 114
71 275
2 440
2 389
19 135
19 383
19 277
19 237
55 265
55 431
272 39
272 305
308 369
308 50
42 99
42 321
42 249
42 340
42 396
394 73
349 424
349 217
349 273
423 137
122 447
342 251
351 380
351 267
351 96
59 338
185 68
185 441
185 162
185 247
185 371
185 316
185 128
185 359
415 1
193 43
10 12
361 121
361 156
361 446
210 40
299 331
299 382
281 203
281 4
281 284
281 262
323 47
323 20
285 228
456 123
456 15
456 302
449 216
62 386
62 130
62 268
62 453
393 89
231 54
231 51
231 211
231 6
420 325
420 384
160 194
160 97
318 126
318 172
350 181
105 370
377 7
377 326
377 365
377 397
377 245
377 289
373 16
373 404
463 163
463 339
463 260
196 209
196 457
196 46
196 405
398 86
398 414
455 208
455 23
390 413
390 451
322 25
322 52
91 381
91 100
91 230
103 44
103 254
271 297
271 346
444 166
327 329
327 116
327 376
327 175
280 402
280 352
48 138
48 291
48 79
345 320
127 428
127 28
127 37
127 60
34 200
34 295
465 421
465 286
407 136
167 27
261 155
261 422
261 363
261 87
131 30
131 49
131 171
131 36
90 426
410 467
410 236
335 207
3 434
3 56
283 238
82 355
82 301
63 388
63 45
263 269
263 195
263 215
263 21
263 403
263 119
263 264
5 454
5 246
5 427
5 300
5 173
179 378
142 452
142 445
142 348
408 206
408 102
114 70
114 154
114 241
275 330
275 266
275 282
440 234
440 425
440 61
440 311
440 400
440 419
440 368
389 124
135 148
135 306
383 354
383 250
277 205
277 153
237 336
237 26
265 8
431 395
431 387
431 309
431 132
431 366
431 303
431 438
39 353
305 101
369 298
369 199
369 464
369 57
50 81
50 213
99 244
99 212
99 53
99 147
99 324
321 358
321 69
321 110
321 317
249 313
249 31
340 22
340 229
340 129
396 223
396 232
396 466
73 276
73 240
424 150
217 14
217 176
217 165
217 84
217 104
217 180
273 256
273 312
273 225
273 33
273 374
273 214
273 418
273 186
273 459
137 190
447 201
251 183
251 41
380 178
267 406
96 117
96 294
96 344
96 66
338 182
338 401
338 133
338 433
338 85
68 332
68 220
68 362
441 458
441 437
162 76
162 270
247 65
247 93
371 202
371 177
316 462
128 435
359 375
359 151
1 72
43 293
43 145
43 432
43 439
43 364
43 204
43 170
43 192
43 409
12 9
12 108
121 11
121 259
121 157
156 18
156 243
156 32
446 146
446 347
40 278
40 258
331 112
331 257
382 120
203 141
4 189
284 24
262 411
47 164
20 161
20 168
228 88
228 159
123 107
123 144
15 92
15 357
15 233
302 360
302 461
302 98
216 274
386 356
386 75
130 13
268 139
268 337
268 399
268 118
453 290
89 279
89 392
89 95
89 248
54 288
51 333
211 412
211 341
211 315
211 191
6 17
6 35
325 188
325 64
384 416
194 391
97 38
97 304
97 169
97 252
126 235
172 134
181 140
181 385
370 319
370 239
7 328
326 372
326 149
326 343
365 218
365 227
397 460
220 65309
127 167
167 215
167 111
167 114
167 158
215 128
215 148
215 49
215 29
215 39
111 103
111 35
114 38
158 67
128 180
128 62
128 201
128 144
148 117
49 129
29 31
29 83
39 112
39 101
39 36
39 68
39 6
103 61
103 216
35 189
35 22
38 187
67 139
180 198
62 102
62 211
62 37
62 90
62 155
201 218
201 123
201 46
144 138
144 169
144 177
117 18
117 105
117 126
117 153
129 134
129 20
31 165
31 89
31 217
31 91
31 149
31 42
31 115
83 108
83 193
112 98
101 92
101 186
101 210
101 11
101 184
101 43
101 8
36 175
36 85
68 199
6 47
6 161
6 7
61 28
61 209
216 57
216 100
189 130
189 51
22 53
22 204
187 34
139 12
139 163
198 178
198 200
102 32
102 1
102 52
102 80
211 99
211 185
211 183
37 87
37 107
90 212
155 82
218 81
218 219
123 154
123 110
123 63
46 96
46 60
46 116
138 2
138 160
169 156
169 4
169 162
169 182
169 30
169 137
177 168
177 174
177 133
177 113
18 14
18 141
105 190
105 135
126 131
126 19
153 50
134 44
20 196
20 207
165 88
89 118
89 23
217 93
217 191
91 140
149 79
149 188
149 65
149 119
149 25
149 27
149 203
149 76
42 72
42 74
42 106
115 159
115 192
115 179
108 132
108 121
193 45
98 205
92 97
92 150
92 86
92 55
186 64
210 220
210 54
210 94
11 136
184 195
184 120
184 147
184 16
184 59
184 145
43 9
8 194
8 70
8 109
8 41
8 75
175 10
175 69
85 166
199 213
199 17
199 33
47 26
161 146
161 78
161 104
161 202
161 181
7 77
7 152
28 143
28 66
28 176
28 15
28 24
28 125
28 171
28 157
209 172
57 95
100 73
100 84
130 214
130 71
51 3
53 122
53 48
53 170
53 151
204 58
204 206
34 13
34 21
34 40
12 208
163 56
163 173
163 164
178 5
178 142
200 124
200 197
500 1000000000
428 324
324 4
324 500
324 113
324 1
4 155
4 417
500 408
500 193
500 14
500 273
113 109
113 158
1 139
1 84
1 395
1 150
1 222
1 283
155 97
417 484
408 39
408 363
408 376
408 289
193 305
193 41
193 343
193 237
193 329
193 261
14 112
273 353
273 444
273 63
273 425
273 455
273 322
273 77
109 348
109 442
158 450
139 11
84 162
84 92
84 206
395 423
395 212
395 38
395 207
395 19
395 78
150 313
222 33
283 321
97 6
97 317
484 430
39 93
363 347
363 310
363 140
363 360
363 260
363 23
363 449
363 316
363 402
376 213
376 361
376 366
376 221
376 242
376 458
289 215
289 393
289 338
289 445
289 365
305 61
41 247
41 258
343 491
343 167
237 120
237 371
237 422
237 290
329 226
329 403
261 460
261 302
261 326
112 294
112 461
353 448
444 217
444 467
63 131
63 194
63 268
63 453
63 250
63 29
63 435
425 96
425 349
425 172
425 256
425 13
425 438
425 182
455 299
455 44
455 374
322 186
77 117
77 191
77 130
77 15
348 359
348 396
348 176
442 293
450 439
450 36
450 410
11 51
162 54
162 490
92 190
92 87
92 291
92 188
92 223
206 471
206 165
206 246
206 441
206 279
423 362
212 434
38 103
38 40
38 334
38 397
38 411
38 205
207 208
19 49
19 418
19 377
78 108
78 288
78 432
78 287
78 474
78 177
78 401
78 333
313 144
313 358
313 147
33 121
33 494
33 388
321 380
321 47
321 119
321 126
321 400
6 116
6 210
317 125
317 468
317 269
317 170
317 24
317 473
430 3
430 192
93 52
93 255
93 100
93 123
347 392
347 151
347 314
310 412
310 433
310 414
310 211
310 386
310 470
140 407
140 141
360 498
260 129
260 304
260 225
260 336
260 127
260 235
260 46
23 311
23 379
23 200
23 202
23 81
23 197
449 341
316 70
316 413
316 332
316 18
316 232
402 152
402 91
402 378
213 101
213 71
361 475
361 370
361 90
366 335
221 285
221 249
221 487
221 214
242 416
458 259
458 180
215 99
393 265
338 173
445 227
445 472
365 384
365 330
61 356
247 421
247 369
247 478
247 482
247 436
247 275
258 420
491 21
167 148
167 26
120 243
120 224
120 286
120 351
371 389
371 229
371 465
371 443
371 132
371 357
371 426
371 364
371 483
371 105
422 354
422 300
422 344
422 175
422 244
422 83
422 16
290 240
290 257
290 82
226 142
226 485
403 145
403 183
403 133
403 228
460 218
460 178
302 295
326 251
294 146
294 276
461 381
448 107
217 181
217 28
217 253
467 262
131 372
131 111
131 68
131 319
194 464
268 274
268 189
268 264
268 303
453 64
250 272
250 45
250 9
250 383
250 399
250 427
250 22
29 266
435 20
435 67
96 160
349 346
172 241
172 233
172 73
172 115
256 95
256 203
256 337
256 137
13 382
13 198
13 94
438 499
438 375
438 110
438 118
438 216
438 350
438 495
438 80
182 35
182 135
182 195
299 104
299 60
299 252
299 424
44 406
374 331
186 367
186 312
117 76
191 239
130 284
15 184
15 42
359 48
359 488
359 278
359 327
396 340
396 394
176 62
176 55
176 254
176 185
293 156
439 86
36 248
410 10
410 37
410 391
410 373
410 469
410 69
51 446
54 398
490 65
490 196
490 387
490 32
490 451
190 8
87 419
291 298
291 7
291 466
291 230
291 454
291 169
188 462
188 267
188 88
223 154
471 163
165 138
165 323
246 34
246 53
246 415
246 122
246 25
246 43
441 57
441 199
441 292
441 459
279 368
279 166
362 102
362 309
434 79
434 296
103 157
103 492
40 234
40 479
40 297
334 238
397 12
397 409
411 480
411 128
411 201
411 27
205 85
208 493
208 263
49 50
49 318
49 220
49 281
49 209
418 497
418 308
418 17
418 496
377 75
377 153
377 440
108 98
288 315
288 114
288 486
288 429
432 168
432 159
432 431
432 171
432 270
287 245
287 385
287 231
287 328
287 477
287 30
474 307
474 5
474 339
474 352
474 280
177 481
177 320
177 345
177 355
177 457
401 405
401 124
401 134
401 74
401 187
401 164
401 66
401 447
401 390
333 437
333 342
333 219
333 204
144 277
144 59
144 58
144 463
144 106
144 89
358 72
358 282
358 161
358 174
358 31
358 452
358 404
358 301
358 489
358 2
147 143
147 271
147 56
121 325
121 236
494 476
388 456
388 306
388 179
388 149
388 136
140 999820616
16 60
16 131
16 36
16 9
16 90
16 105
16 87
16 117
16 120
16 19
16 37
16 11
16 26
16 61
16 139
16 38
16 140
16 3
16 14
16 98
16 5
16 55
16 76
16 73
16 115
16 83
16 84
16 46
16 93
16 78
16 92
16 50
16 23
16 118
16 135
16 119
16 45
16 96
16 65
16 101
16 134
16 66
16 109
16 39
16 104
16 15
16 21
16 70
16 58
16 99
16 81
16 95
16 111
16 72
16 29
16 49
16 106
16 8
16 77
16 48
16 51
16 52
16 34
16 112
16 108
16 110
16 41
16 71
16 75
16 132
16 12
16 133
16 20
16 57
16 31
16 69
16 130
16 24
16 6
16 22
16 62
16 94
16 42
16 123
16 136
16 102
16 54
16 13
60 10
60 1
131 91
131 56
131 4
131 138
131 116
131 107
131 7
131 121
131 79
131 124
131 113
131 40
131 35
36 17
36 114
36 25
36 125
36 30
36 68
36 88
36 103
36 44
36 137
36 128
36 127
36 33
36 89
36 43
36 47
36 97
36 2
36 129
36 63
36 126
36 28
9 27
9 80
9 85
9 64
9 59
9 82
9 32
9 67
9 122
9 100
9 74
9 53
90 18
90 86
173 115
29 17
29 141
29 90
29 74
29 67
29 114
29 8
29 156
29 171
29 133
29 148
29 155
29 123
29 161
29 164
29 138
29 94
29 144
29 100
29 40
29 48
29 19
29 24
29 172
29 43
29 143
29 124
29 86
29 132
29 7
29 119
29 116
29 125
29 99
29 38
29 139
29 147
29 122
29 6
29 23
29 154
29 3
29 45
29 96
29 11
29 75
29 111
29 9
17 36
141 47
141 127
141 157
141 170
141 62
141 33
141 105
141 49
141 151
141 117
141 28
141 92
141 136
141 131
141 44
141 68
141 51
141 130
141 112
141 108
141 126
141 79
141 57
141 135
141 21
141 64
141 2
141 168
141 61
141 30
141 69
141 10
141 159
141 115
141 72
141 142
141 81
141 82
90 42
90 160
90 113
90 120
90 97
74 169
74 101
74 145
74 73
74 98
74 65
74 78
74 107
74 88
74 22
74 76
74 1
74 13
74 54
74 58
74 52
74 146
74 134
74 89
74 83
74 162
74 158
74 18
74 12
74 70
67 37
67 103
67 109
67 16
67 41
67 167
67 77
67 32
67 137
67 128
67 55
67 4
67 129
67 60
67 91
67 149
114 27
114 93
114 163
114 165
114 25
114 80
8 95
8 166
8 71
156 26
156 50
156 140
156 56
171 106
171 53
171 150
171 152
133 102
133 85
133 173
133 31
133 153
148 5
148 35
148 46
148 39
148 87
155 63
155 15
155 110
123 59
123 104
123 118
161 66
161 14
161 20
164 121
164 34
164 84
301 200
138 119
138 273
138 125
138 147
138 248
119 292
119 93
119 177
119 21
119 235
119 254
119 48
119 168
119 263
119 265
119 72
119 218
119 120
119 162
119 277
119 210
119 188
119 272
119 12
119 77
119 209
119 205
119 211
119 35
119 240
119 181
119 193
119 160
119 143
119 163
119 22
119 280
119 69
119 284
119 105
119 264
119 47
119 144
119 285
119 3
119 150
273 1
273 207
273 134
273 91
273 146
273 234
273 228
273 115
273 230
273 114
273 11
273 97
273 179
273 291
273 122
273 71
273 33
273 255
273 141
273 133
273 70
273 267
273 75
273 269
273 60
125 106
125 238
125 174
125 158
125 107
147 166
147 170
147 282
147 95
147 104
248 55
248 112
248 68
248 2
248 301
248 4
248 56
248 224
248 52
248 167
248 109
248 199
248 227
248 15
248 29
248 250
248 139
248 36
248 98
248 108
248 180
248 152
248 203
248 17
248 156
248 259
248 137
248 153
248 87
248 26
248 222
248 290
248 31
248 50
248 176
248 6
248 287
248 54
248 229
248 88
248 111
248 51
248 253
248 34
248 5
248 183
248 185
248 295
248 195
248 100
248 89
248 27
248 64
248 129
248 40
248 247
248 76
248 90
248 132
248 275
248 113
248 196
248 268
248 38
248 86
248 13
248 299
248 131
248 140
248 274
248 201
248 245
292 59
292 74
292 46
292 116
93 9
93 79
93 220
93 142
93 182
93 7
93 293
93 300
93 256
93 186
93 135
93 80
177 249
177 103
177 127
177 246
177 194
177 145
177 296
177 226
177 202
177 252
177 171
177 237
177 200
177 102
177 213
177 45
177 192
177 43
177 219
177 294
177 221
177 121
177 189
177 164
177 173
177 198
177 225
177 281
177 223
177 61
177 8
177 241
177 159
177 78
177 63
177 262
177 231
21 244
21 81
21 25
21 175
21 126
21 154
21 57
235 266
254 94
254 16
254 232
254 65
254 99
48 18
48 58
48 14
48 155
48 283
48 124
48 49
48 172
48 165
48 187
48 136
48 110
48 270
48 39
48 32
48 42
48 217
48 128
48 41
168 84
168 148
168 206
168 216
263 184
263 85
263 288
263 10
263 233
265 67
265 261
265 161
265 20
265 24
265 208
265 118
265 53
265 298
265 204
265 66
265 101
265 73
265 190
72 178
72 276
72 257
72 30
72 82
218 297
218 214
218 212
218 37
218 83
218 44
218 123
218 215
218 271
218 258
218 157
218 260
218 278
120 197
162 169
162 130
162 251
162 279
162 92
162 96
162 62
162 19
277 191
277 117
277 243
277 236
277 28
277 151
277 239
210 149
210 23
210 289
210 242
210 286
346 294580
96 276
96 312
96 216
96 95
96 309
96 31
96 198
96 156
96 150
96 285
96 331
96 249
96 226
96 337
96 238
96 239
96 194
96 11
96 154
96 167
96 333
96 188
96 120
96 340
96 138
96 51
96 36
96 207
96 311
96 268
96 244
96 303
96 228
96 41
96 180
96 201
96 326
96 155
96 178
96 1
96 147
96 18
96 93
96 210
96 284
96 2
96 34
96 38
96 254
96 30
96 17
96 283
96 165
96 111
276 205
276 250
276 85
276 338
276 78
276 243
276 263
276 217
276 74
276 334
276 153
276 50
276 260
276 202
276 346
276 129
276 4
276 163
276 264
276 192
276 336
276 257
276 52
276 189
276 58
276 193
276 26
276 176
276 300
276 7
276 236
276 293
276 295
276 164
276 101
276 43
276 262
276 105
276 91
276 100
276 235
276 44
276 22
276 10
276 152
276 69
276 125
276 37
276 169
276 39
276 234
276 76
276 157
276 21
276 171
276 168
276 190
276 328
276 266
276 237
276 269
276 296
276 174
276 214
276 79
276 322
276 136
276 6
276 273
276 137
276 57
276 84
276 315
276 224
276 114
276 159
276 259
276 82
276 25
276 83
276 203
276 172
276 343
276 197
276 118
276 23
276 42
276 92
276 223
276 112
276 200
276 55
276 182
276 9
276 63
276 196
276 290
276 274
276 258
276 252
276 32
276 87
276 294
276 288
276 108
276 332
276 221
276 139
276 5
276 298
276 229
276 321
276 255
276 16
276 98
276 103
276 53
276 142
276 33
276 144
276 64
312 166
312 305
312 8
312 279
312 54
312 146
312 126
312 345
312 218
312 28
312 289
216 317
216 341
216 173
216 130
216 251
216 241
216 141
216 213
216 222
216 271
216 320
216 231
216 14
216 307
216 195
216 77
216 318
216 140
216 135
216 67
216 122
216 304
216 220
95 170
95 88
95 330
95 149
95 272
95 3
95 335
95 230
309 314
309 175
309 185
31 301
31 253
31 62
31 209
198 73
198 233
198 40
198 15
156 261
156 232
156 89
156 94
156 286
150 70
150 66
150 246
150 212
150 270
150 183
150 123
150 59
150 204
150 158
150 225
150 306
150 206
150 177
285 227
285 267
285 117
285 278
331 316
331 29
331 72
331 110
331 325
331 299
331 313
331 302
331 199
331 275
331 90
331 107
331 280
331 319
331 61
331 184
331 99
331 65
331 327
331 75
331 131
331 248
331 124
331 287
331 116
331 151
331 344
331 20
331 179
331 19
331 282
331 339
331 211
331 48
331 119
331 86
331 342
331 134
331 247
331 148
331 191
331 181
331 297
331 187
331 109
331 329
331 127
331 242
331 132
331 143
331 121
331 308
331 215
331 162
331 13
331 56
331 104
331 12
331 324
331 186
331 161
331 281
331 240
331 49
331 71
331 133
331 106
331 245
331 310
331 145
331 27
331 80
331 24
331 102
331 47
331 81
331 68
331 115
331 219
331 265
249 256
249 60
249 35
249 160
226 292
226 113
226 46
226 277
226 208
337 97
337 128
238 323
238 291
238 45
218 215677
129 215
129 143
129 114
129 189
129 2
215 180
215 31
215 84
215 65
215 153
215 201
215 36
143 175
143 133
143 159
143 148
143 103
143 75
143 13
114 45
114 98
114 17
114 216
114 168
114 139
189 96
189 134
189 105
189 50
2 37
180 150
180 90
31 192
84 68
84 14
65 132
65 109
65 40
65 47
65 197
65 186
65 104
153 157
153 182
201 156
201 115
201 176
201 124
201 6
36 32
36 91
36 125
36 94
36 119
36 88
36 191
36 93
175 106
133 12
133 160
159 24
159 79
159 53
159 161
148 99
148 137
148 169
148 15
103 217
103 63
103 33
103 174
103 117
103 152
75 25
13 120
13 5
13 203
13 73
45 218
45 46
45 187
45 58
45 19
45 183
45 213
45 7
98 54
17 202
17 116
216 211
216 205
168 113
168 200
139 21
139 181
139 130
96 196
134 42
134 18
105 194
105 206
50 101
50 8
50 135
37 178
37 76
37 95
37 41
37 1
37 83
150 190
90 81
90 22
90 43
192 9
192 59
192 144
192 107
192 87
68 26
14 60
14 214
132 72
109 184
109 172
109 146
40 23
40 10
40 198
47 127
47 56
47 66
197 102
197 136
197 52
186 85
104 163
104 138
157 38
157 55
182 145
156 61
115 208
176 140
124 71
124 158
124 177
124 69
124 204
124 111
6 142
6 108
6 35
32 193
32 167
32 195
32 11
91 70
91 74
91 151
91 97
91 39
125 126
125 141
125 166
125 122
125 100
125 147
125 149
94 170
119 89
119 77
88 165
88 57
191 131
191 20
191 154
191 209
93 155
93 4
93 64
106 82
106 199
106 49
106 212
106 62
106 80
106 118
106 67
12 210
160 78
24 27
24 51
24 164
24 86
24 171
79 16
79 34
53 44
53 121
53 128
53 179
53 207
53 112
161 123
161 185
161 188
161 3
99 48
99 30
137 173
169 28
169 29
169 162
169 92
169 110
232 154
28 96
28 141
28 32
28 6
28 51
28 147
28 228
28 120
28 177
28 188
28 170
28 176
28 175
28 134
28 204
28 229
28 87
28 20
28 222
28 208
28 158
28 29
28 133
28 202
28 199
28 118
28 197
28 159
28 39
28 24
28 169
28 16
28 194
28 160
28 82
28 149
28 128
28 113
28 195
28 26
28 216
28 31
28 25
28 125
28 191
28 151
28 138
28 196
28 207
28 104
28 35
28 97
28 1
28 54
28 156
28 224
28 58
28 225
28 46
28 205
28 103
28 17
28 210
28 61
28 201
28 56
28 86
96 94
96 137
96 157
96 124
96 232
96 98
96 192
96 27
96 79
96 33
96 43
96 211
96 100
96 52
96 139
96 226
96 75
96 47
96 217
96 14
96 10
96 142
96 218
96 162
96 22
96 148
96 66
96 59
96 187
96 106
96 111
96 4
96 62
96 18
96 93
96 183
96 67
96 117
96 173
96 84
96 220
96 163
96 227
96 91
96 200
96 105
96 116
96 99
96 126
96 65
96 171
96 130
96 44
96 123
96 131
96 55
96 184
96 230
141 150
141 132
141 174
141 127
141 221
141 213
32 164
6 115
6 60
6 231
6 135
6 206
6 48
6 11
6 5
6 64
6 140
6 129
6 212
6 185
6 203
6 73
6 144
6 53
6 78
6 121
6 186
6 89
6 50
6 122
6 8
6 30
6 143
6 154
6 109
6 81
6 2
6 34
6 85
6 70
6 153
6 181
51 40
51 88
51 180
51 215
51 168
51 76
51 74
51 19
51 41
51 101
51 198
51 37
51 71
51 223
51 9
51 193
51 112
51 108
51 38
51 42
51 83
51 214
51 167
51 172
51 161
51 110
51 72
51 107
51 155
51 92
51 102
51 7
51 68
51 179
51 189
51 13
51 190
51 178
51 69
51 45
51 57
51 15
51 182
51 23
51 12
51 145
51 146
51 80
51 3
51 166
51 77
51 136
147 114
147 49
147 36
147 90
147 21
228 119
228 63
120 152
120 209
120 219
120 95
177 165
345 230
178 37
178 74
178 247
178 117
178 206
178 215
178 254
178 195
178 182
178 266
178 144
178 118
178 130
178 124
178 98
178 209
178 242
178 270
178 222
178 108
178 212
178 304
178 327
178 40
178 147
178 134
178 265
178 177
178 298
178 54
178 297
178 307
178 337
178 105
178 230
178 236
178 137
178 246
178 310
178 43
178 94
178 278
178 78
178 120
178 185
178 15
178 146
178 288
178 170
178 81
178 7
178 154
37 14
37 293
74 57
74 330
74 159
74 243
74 315
74 166
74 218
74 175
74 248
74 179
74 73
74 72
74 80
74 131
74 276
74 273
74 102
247 68
247 65
247 4
247 268
247 345
247 221
247 301
247 190
247 114
247 34
247 76
247 129
247 62
247 138
247 271
247 180
247 139
247 19
247 145
247 202
247 60
247 233
117 187
117 292
117 21
206 241
215 56
254 258
254 197
254 249
254 331
254 104
254 93
195 201
182 343
182 11
182 338
182 83
266 71
266 296
266 82
266 153
266 113
266 226
266 341
266 52
266 287
266 334
266 339
266 119
266 26
266 106
266 18
266 126
266 325
266 305
266 208
266 16
266 103
266 295
266 135
266 29
266 86
266 161
266 12
266 77
266 235
266 171
266 162
266 169
266 1
266 17
266 38
266 125
266 95
266 329
266 151
266 316
266 172
266 189
266 140
266 136
266 259
266 66
266 192
266 36
266 53
266 173
266 30
266 272
266 63
266 28
266 6
266 101
266 320
266 41
266 290
266 250
266 264
266 69
266 27
266 323
266 274
266 13
266 199
266 121
266 333
266 281
266 240
266 284
144 303
144 207
144 227
144 308
144 149
144 252
144 198
144 342
144 127
144 253
144 216
144 217
144 257
144 33
144 260
144 148
144 193
144 309
144 318
144 211
144 280
144 204
144 340
144 223
144 2
144 314
144 167
144 22
144 214
144 143
144 196
144 184
144 10
144 3
144 277
144 32
144 282
144 112
144 132
144 176
144 317
144 213
144 232
144 203
144 35
144 311
144 191
144 67
144 261
144 328
144 285
144 58
144 322
144 160
144 194
144 24
144 239
144 269
144 84
144 116
144 335
118 79
118 300
118 48
118 96
118 231
118 294
118 321
118 326
118 91
118 128
118 302
118 88
118 92
130 319
130 164
130 109
130 219
124 228
124 244
124 200
124 168
124 256
98 107
98 64
209 142
209 152
209 324
209 312
209 42
209 291
209 275
209 47
209 283
209 313
209 44
209 186
209 165
242 174
242 9
242 225
242 97
242 183
242 133
270 100
270 70
270 306
270 188
270 89
270 224
222 31
108 163
108 20
108 59
108 90
212 238
212 5
212 237
212 85
212 205
212 157
212 111
212 263
212 251
212 234
212 289
212 87
304 156
304 39
304 262
304 336
304 344
304 45
304 299
304 150
304 181
304 8
304 245
304 75
304 210
304 51
304 99
304 46
304 110
304 220
327 123
327 279
40 23
40 332
147 25
147 49
147 122
147 115
147 229
147 155
134 267
134 286
134 50
134 61
265 255
265 55
265 158
265 141
304 202
150 250
150 93
150 252
150 293
150 178
150 282
150 56
150 102
150 132
150 230
150 26
150 238
150 135
150 30
150 118
150 122
150 31
150 208
150 99
150 108
150 191
150 8
150 52
150 241
150 5
150 119
150 228
150 19
150 157
150 207
150 103
150 259
150 242
150 194
150 80
150 280
150 74
150 151
150 169
150 96
150 200
150 105
150 184
150 79
150 201
150 302
150 256
150 115
150 86
150 209
150 177
150 183
150 50
150 131
150 182
150 288
150 98
150 44
150 158
150 173
150 193
150 121
150 89
150 159
150 65
150 287
150 91
150 49
150 246
150 181
150 268
150 198
150 106
150 34
150 297
150 29
150 14
150 227
150 77
150 147
150 54
150 53
150 186
150 133
150 114
150 296
150 179
150 262
150 167
150 214
150 128
150 274
150 55
150 303
150 23
150 85
150 283
150 100
150 210
150 66
150 57
150 253
150 73
150 254
150 220
150 231
150 216
150 185
150 95
150 211
150 123
150 84
150 245
150 304
150 41
150 240
150 162
150 126
150 2
150 88
150 289
150 163
150 27
150 265
150 279
150 18
150 83
150 251
150 294
150 174
150 37
150 69
150 190
150 45
150 212
150 213
150 257
150 143
150 235
150 92
150 110
150 298
150 76
150 223
150 46
150 285
150 267
150 28
150 67
150 272
150 195
150 59
150 1
150 107
150 301
150 10
150 43
150 82
150 197
150 281
150 60
150 205
150 145
150 12
150 203
150 71
150 243
150 224
150 269
150 127
150 295
150 117
150 258
150 222
150 39
150 78
150 68
150 149
150 168
150 217
150 125
150 284
150 134
150 137
150 226
150 144
150 63
150 196
150 161
150 278
150 3
150 273
150 187
150 81
150 180
150 271
150 152
150 142
150 116
150 124
150 120
150 32
150 166
150 17
150 13
150 129
150 25
150 160
150 94
150 112
150 188
150 164
150 22
150 176
150 215
150 237
150 204
150 275
150 113
150 42
150 170
150 36
150 165
150 7
150 146
150 90
150 247
150 58
150 175
150 154
150 234
150 225
150 206
150 229
150 156
150 104
150 6
150 136
150 72
150 87
150 48
150 24
150 111
150 140
150 276
150 239
150 20
150 15
150 21
150 75
150 4
150 172
150 61
150 189
150 219
150 70
150 261
150 218
150 64
150 40
150 35
150 51
150 233
150 270
150 264
150 148
150 130
150 47
150 155
150 192
150 9
150 141
150 263
150 236
150 244
150 138
150 16
150 202
150 11
150 266
150 299
250 292
250 101
250 248
250 109
250 221
250 277
250 232
250 33
250 300
250 171
250 249
250 260
250 199
250 153
93 97
93 255
93 139
93 286
93 290
252 38
252 291
293 62
500 1000000000
93 306
93 264
93 332
93 405
93 207
93 434
93 165
93 205
93 184
93 69
93 188
93 340
93 124
93 179
93 265
93 172
93 90
93 154
93 150
93 73
93 47
93 435
93 355
93 407
93 371
93 365
93 310
93 13
93 33
93 160
93 298
93 96
93 352
93 229
93 106
93 252
93 173
93 295
93 334
93 2
93 133
93 475
93 361
93 330
93 241
93 431
93 280
93 92
93 176
93 301
93 240
93 4
93 214
93 412
93 498
93 449
93 216
93 212
93 77
93 275
93 138
306 277
306 108
306 181
306 321
306 483
306 99
306 122
306 322
306 425
306 17
306 78
306 118
306 344
306 437
306 230
306 408
306 500
306 320
306 403
306 101
306 413
306 270
306 105
306 478
306 29
306 443
306 389
306 54
306 308
306 450
306 373
306 468
306 213
306 209
306 439
306 345
306 147
306 459
306 18
306 218
306 452
306 489
306 357
306 107
306 471
306 224
306 189
306 75
306 267
306 367
306 125
306 44
306 364
306 23
306 166
306 375
306 111
306 247
306 104
306 331
306 178
306 227
306 457
306 312
306 55
306 492
306 222
306 376
306 416
306 348
306 76
306 64
306 346
306 63
306 56
306 354
306 67
306 360
306 137
306 175
306 325
306 132
306 193
306 194
306 426
306 485
306 438
306 155
306 126
306 12
306 445
306 66
306 120
306 430
306 342
306 39
306 488
306 291
306 168
306 242
306 318
306 458
306 234
306 249
306 220
306 185
306 192
306 26
306 419
306 245
306 152
306 41
306 71
306 97
306 420
306 359
306 300
306 51
306 260
306 444
306 486
306 141
306 377
306 451
306 169
306 238
306 467
306 460
306 254
306 43
306 394
306 442
306 170
306 46
306 362
306 314
306 429
306 195
306 148
306 186
306 145
306 315
306 379
306 80
306 72
306 347
306 398
306 324
306 411
306 385
306 87
306 401
306 259
306 121
306 418
306 397
306 462
306 279
306 327
306 496
306 151
306 164
306 472
264 235
264 232
264 204
264 323
264 248
264 48
264 393
264 285
264 363
264 198
264 28
264 103
264 183
264 196
264 211
264 25
264 127
264 158
332 82
332 417
332 480
405 57
405 274
405 84
405 203
405 316
405 24
405 353
405 493
405 319
405 20
405 243
405 481
405 461
405 225
405 490
405 336
405 59
405 392
405 302
405 136
405 448
405 182
405 272
405 215
405 278
405 495
405 432
405 110
405 190
405 1
405 351
405 491
405 153
405 446
405 349
405 134
405 409
405 370
405 428
405 206
405 91
207 58
207 255
207 289
207 433
207 98
207 202
207 294
207 380
207 333
207 200
207 199
207 22
207 283
207 10
207 135
207 14
207 477
207 45
207 142
207 8
207 335
207 487
207 421
207 187
207 303
207 180
434 86
434 466
434 391
434 70
434 282
434 177
434 383
434 144
434 140
434 167
434 37
434 484
434 266
434 317
434 129
434 146
434 34
434 53
434 52
434 88
434 343
434 440
434 162
434 482
434 130
434 395
434 427
434 296
434 231
434 399
434 38
434 350
434 307
434 239
434 217
434 396
434 197
434 328
434 161
434 290
434 273
434 15
434 6
434 128
434 174
434 309
434 119
434 299
434 447
434 424
434 311
434 35
434 3
434 356
434 463
434 284
434 337
434 474
434 100
434 369
434 436
434 244
434 19
434 237
434 42
434 81
434 116
434 221
434 171
434 271
434 68
434 479
434 143
434 288
434 115
434 114
434 374
434 455
434 386
434 388
434 16
434 36
434 281
434 414
434 384
434 250
434 358
434 27
434 223
434 378
434 287
434 256
434 499
434 366
434 191
434 109
434 497
434 113
434 74
434 406
434 465
434 404
434 368
434 102
434 61
434 89
434 65
434 268
434 415
434 494
434 139
434 381
434 228
434 292
434 131
434 313
434 83
434 339
434 85
434 263
434 286
434 49
434 454
434 236
434 117
434 5
434 201
434 253
434 390
434 40
434 410
165 257
165 453
165 262
165 372
165 276
205 305
205 470
205 269
205 423
205 469
184 157
184 30
184 261
184 50
184 21
69 62
69 476
69 402
69 208
69 210
69 341
188 9
188 226
188 422
188 163
188 112
340 7
340 79
340 456
340 246
340 159
340 60
124 293
124 473
124 297
124 219
124 251
124 258
124 123
124 400
124 94
124 304
124 149
124 329
124 32
179 233
179 11
179 338
265 31
265 382
265 95
265 441
265 326
172 156
172 464
172 387
81 54
41 62
41 25
41 67
41 7
41 30
41 8
41 32
41 81
41 43
41 78
41 34
62 72
62 19
62 29
62 48
62 15
62 9
62 38
62 79
62 12
25 74
67 73
67 21
67 6
67 39
67 65
67 47
67 35
67 20
67 56
67 3
67 13
67 64
67 37
67 54
67 61
67 51
67 36
67 4
67 23
7 69
7 66
7 68
7 53
7 45
7 1
7 11
7 59
7 76
7 22
7 57
7 27
7 26
7 58
30 5
30 2
30 80
30 31
30 75
8 77
8 70
8 17
8 42
8 33
8 14
8 52
8 63
8 24
8 28
8 55
8 44
32 46
32 40
32 50
32 16
32 49
32 18
81 10
81 60
81 71
483 499034
346 22
346 341
22 397
22 54
341 180
397 306
397 21
397 234
54 168
180 379
180 420
180 175
180 411
180 480
180 270
306 16
306 120
21 349
21 58
21 29
21 179
21 316
234 406
234 148
234 46
168 91
168 225
379 468
379 203
420 281
175 472
411 458
480 13
480 432
270 226
16 326
120 11
120 146
120 482
120 111
349 335
349 56
58 137
58 155
29 157
179 218
179 140
179 371
179 43
179 358
316 40
406 209
148 263
46 438
91 274
91 327
91 302
91 233
91 97
91 90
225 107
468 399
468 82
468 101
468 25
203 413
203 215
203 303
281 144
281 154
281 35
472 174
458 442
13 31
13 173
13 282
13 362
13 202
13 388
13 284
13 108
432 456
432 171
432 76
432 243
226 129
326 383
326 240
326 88
326 200
326 239
11 344
146 143
146 92
482 170
482 317
482 364
111 345
111 401
335 4
335 20
335 247
335 45
335 178
56 342
56 241
56 395
56 44
56 41
56 184
137 378
137 7
137 467
155 286
155 357
157 252
218 185
218 9
218 72
218 48
218 153
140 237
371 188
371 339
371 24
43 198
358 156
40 452
40 351
209 307
209 359
263 428
263 66
263 331
438 476
438 136
438 206
274 177
274 278
327 288
327 264
302 366
233 447
97 109
90 402
90 190
90 42
107 324
107 160
399 295
82 23
82 2
82 461
101 147
25 330
413 267
413 57
215 232
215 135
303 162
144 181
154 63
35 55
35 297
35 440
35 347
174 470
174 260
174 451
174 453
174 280
442 477
442 448
442 159
442 390
442 222
442 365
442 68
442 246
442 106
442 439
31 248
31 298
173 196
282 49
362 479
362 328
202 158
202 256
388 318
388 145
388 34
388 373
388 186
284 47
284 231
284 191
108 417
108 71
108 104
108 259
456 163
456 8
171 469
76 125
76 85
243 187
129 385
129 473
129 245
383 255
383 474
383 244
383 220
383 289
383 313
383 235
383 214
240 275
88 133
88 127
88 95
88 389
88 77
200 377
239 412
239 52
239 279
239 391
344 338
143 393
143 119
92 457
92 257
170 309
170 60
317 314
317 94
317 59
317 130
364 305
364 192
364 273
364 87
364 201
364 169
364 123
364 61
345 14
345 236
345 261
345 336
345 320
345 227
345 382
345 471
401 254
4 116
20 459
247 105
247 319
247 455
247 176
247 462
247 167
45 301
45 322
45 118
45 250
45 369
45 134
178 410
342 300
342 28
241 449
395 372
44 36
44 403
44 213
44 433
41 183
41 375
41 18
184 418
378 112
378 64
7 80
7 1
467 5
467 216
286 141
286 262
286 355
357 277
357 374
357 333
357 384
357 53
252 12
252 323
185 387
9 443
9 75
9 337
9 363
72 100
72 102
72 195
48 392
153 396
153 98
153 150
153 415
153 299
153 224
153 73
153 189
237 464
237 407
188 308
188 132
339 408
339 182
24 51
24 321
24 424
24 478
24 429
24 204
24 103
198 83
198 78
198 208
198 398
198 117
198 70
156 165
452 353
452 122
452 164
452 17
452 151
452 199
351 354
351 445
351 27
351 422
351 197
307 74
359 114
359 30
359 84
359 207
359 89
359 269
428 251
428 405
428 356
428 367
428 431
428 194
428 126
66 19
331 291
331 39
331 332
331 79
476 343
476 394
476 285
476 139
476 287
476 121
476 205
476 441
136 37
136 414
206 483
177 253
278 430
288 340
288 329
288 228
264 376
366 15
366 110
366 386
366 249
447 166
109 65
109 404
109 325
402 221
190 238
190 421
190 62
190 113
190 96
42 283
324 370
324 463
160 352
160 272
160 416
295 217
295 304
295 32
295 315
295 360
295 10
295 265
295 99
23 423
23 67
23 193
2 296
2 426
2 437
461 210
461 465
147 242
330 419
330 381
267 460
267 115
267 334
267 427
267 450
267 26
57 69
232 3
135 290
135 294
135 149
135 425
162 436
181 293
63 219
63 81
63 380
55 211
55 400
297 466
440 268
440 86
440 292
347 348
347 350
347 266
347 271
347 481
347 475
470 131
260 230
260 223
260 6
260 33
260 454
451 142
453 409
453 311
453 138
280 93
477 434
477 444
477 50
477 161
477 172
477 368
448 258
448 128
448 276
159 312
159 361
159 229
159 446
159 435
390 310
222 124
222 212
365 152
68 38
391 260
186 287
186 277
186 339
186 204
186 332
186 120
186 193
186 87
186 119
186 76
186 269
186 310
186 41
186 338
186 101
186 218
186 27
186 105
186 161
186 19
186 39
186 340
186 181
186 24
186 179
186 111
186 99
186 94
186 298
186 25
186 70
186 98
186 290
186 318
186 328
186 122
186 380
186 389
186 203
186 281
186 15
186 108
186 215
186 190
186 162
186 88
186 92
186 48
186 166
186 323
186 93
186 354
186 330
186 357
186 334
186 274
186 165
186 329
186 245
186 18
186 351
186 56
186 164
186 191
186 258
186 235
186 320
186 83
186 241
186 391
186 47
186 130
186 6
186 361
186 296
186 197
186 84
186 223
186 146
186 91
186 106
186 363
186 38
186 65
186 134
186 259
186 210
186 311
186 145
186 252
186 304
186 300
186 156
186 379
186 335
186 185
186 255
186 201
186 376
186 261
186 155
186 275
186 110
186 364
186 138
186 139
186 233
186 217
186 167
186 282
186 14
186 349
186 208
186 78
186 200
186 59
186 176
186 1
186 30
186 314
186 121
186 31
186 42
186 136
186 9
186 240
186 253
186 316
186 292
186 219
186 220
186 72
186 22
186 184
186 237
186 359
186 216
186 352
186 13
186 2
186 273
186 386
186 250
186 159
186 368
186 362
186 57
186 40
186 149
186 73
186 305
186 263
186 3
186 377
186 347
186 206
186 244
186 365
186 51
186 79
186 257
186 369
186 337
186 387
186 116
186 303
186 158
186 157
186 221
186 262
186 58
186 209
186 325
186 135
186 198
186 264
186 249
186 308
186 21
186 366
186 174
186 196
186 69
186 80
186 242
186 226
186 202
186 17
287 260
287 309
287 85
287 312
287 234
287 360
287 345
287 128
287 95
287 319
287 372
287 137
287 12
287 346
287 199
287 33
287 302
287 49
287 301
287 61
287 81
287 173
287 102
287 53
287 29
287 272
287 285
287 279
287 307
287 125
287 68
287 151
287 381
287 148
287 89
287 50
287 265
287 11
287 291
287 239
287 37
287 353
287 355
287 383
287 224
287 326
287 60
287 213
287 182
287 5
287 86
287 62
287 288
287 222
287 367
287 96
287 229
287 143
287 247
287 142
287 152
287 36
287 207
287 103
287 378
287 178
287 113
287 77
287 280
287 140
287 183
287 373
287 82
287 294
287 388
287 7
287 194
287 10
287 341
287 147
287 268
287 20
287 112
287 370
287 52
287 75
287 175
287 34
287 343
287 232
287 45
287 333
287 118
287 124
287 313
287 154
287 278
287 327
287 46
287 127
287 315
287 131
287 212
287 63
287 160
287 382
287 384
287 126
287 115
287 295
287 168
287 123
287 153
287 32
287 317
287 390
287 375
287 107
287 248
287 276
287 104
287 324
287 350
287 189
287 54
287 16
287 66
287 348
287 90
287 230
287 117
287 321
287 23
287 251
287 267
287 170
287 109
287 188
277 214
277 342
277 293
277 28
277 284
277 132
277 225
277 129
277 385
277 236
277 289
277 64
277 74
277 344
277 371
277 211
277 205
277 331
277 67
277 180
277 141
277 356
277 246
277 374
277 192
277 336
277 114
277 358
339 187
339 171
339 306
339 271
339 177
204 195
204 266
204 150
204 100
204 35
204 97
204 8
204 71
204 322
204 4
204 43
204 297
204 243
204 163
204 283
204 256
204 254
204 169
332 55
332 299
332 227
120 228
120 270
193 144
193 44
193 172
193 26
193 231
87 286
87 238
119 133
256 999706364
187 153
153 241
153 247
241 194
241 168
241 146
241 127
241 240
241 159
241 99
247 53
247 122
194 14
168 177
168 37
168 206
146 100
146 24
146 55
146 116
127 210
127 222
240 142
159 149
159 166
159 2
159 28
159 216
99 184
99 209
99 165
53 32
53 207
122 31
14 131
14 226
177 167
177 137
37 144
37 135
37 3
37 34
37 126
206 152
206 74
100 87
24 8
55 156
55 236
55 239
116 244
116 183
116 63
210 232
210 73
210 186
210 114
210 253
210 155
210 121
210 234
210 77
210 180
222 15
142 47
142 64
142 106
142 132
142 248
142 23
149 89
166 86
166 235
2 251
28 215
28 84
28 157
28 193
216 185
216 40
216 123
216 143
184 17
209 213
165 217
165 202
165 189
165 41
165 45
32 250
32 164
32 171
207 229
31 255
31 119
131 233
131 108
131 214
131 237
131 81
131 221
131 61
131 91
131 124
131 148
226 26
226 19
226 103
167 256
137 172
137 200
144 198
144 49
144 125
144 115
144 203
135 111
3 169
34 43
34 68
126 27
152 97
152 176
152 60
74 192
74 220
74 58
74 52
87 72
8 188
156 205
236 110
236 230
239 35
239 130
239 141
239 59
244 113
244 76
244 50
183 225
183 16
63 128
232 160
232 190
232 223
73 197
73 80
186 173
186 92
114 29
114 98
114 162
253 129
253 243
155 118
121 158
121 196
121 78
121 12
121 228
234 246
234 39
77 36
180 66
180 22
180 11
15 195
15 178
47 5
47 79
47 21
64 62
64 147
64 13
106 48
132 140
132 174
132 151
132 93
132 90
248 136
23 145
89 175
89 163
89 219
89 25
89 224
89 69
86 191
235 199
235 33
251 182
215 204
215 104
215 46
215 120
84 109
157 42
157 65
193 154
193 105
193 96
193 44
193 134
185 57
40 70
40 211
40 20
40 181
123 138
123 150
123 139
143 94
17 179
213 212
213 254
213 4
213 82
217 7
217 56
217 1
202 102
202 85
202 218
202 10
202 238
189 242
41 67
45 101
250 6
250 231
250 245
164 170
171 30
171 54
171 161
229 95
229 249
229 133
229 51
255 112
255 88
255 71
119 75
233 83
233 38
108 208
214 107
214 117
237 9
81 227
81 201
221 252
221 18
451 300
74 237
237 396
396 51
396 145
396 282
51 435
51 441
51 246
51 47
145 206
145 36
282 77
435 321
435 446
435 371
435 352
435 297
435 300
435 142
435 288
441 408
246 167
47 162
47 301
47 2
206 257
206 137
206 197
36 65
77 61
77 434
321 423
321 127
321 345
321 63
321 266
321 124
321 419
446 427
446 377
446 312
446 79
371 133
371 431
371 277
352 100
297 28
297 31
297 270
297 82
300 328
300 440
142 430
288 348
288 278
288 326
288 105
408 111
408 404
408 112
167 68
167 228
167 78
167 140
167 120
167 165
162 243
301 433
2 391
2 338
2 207
257 75
257 233
257 164
257 276
137 159
137 289
137 183
197 121
197 180
65 5
65 72
61 311
61 255
61 91
61 217
434 83
434 132
423 308
423 436
127 342
127 97
345 80
63 339
63 54
63 369
63 285
63 106
63 7
63 294
63 201
63 425
266 293
266 346
266 349
124 26
419 449
427 292
427 218
427 126
427 344
427 103
427 130
427 388
377 447
377 158
377 355
377 213
377 101
377 192
377 160
312 40
312 110
312 251
312 329
79 155
133 395
133 38
431 424
431 227
431 286
431 11
277 350
100 409
28 273
31 302
31 168
31 387
31 15
31 152
270 58
270 263
270 403
82 420
82 114
328 25
328 327
328 407
440 268
430 16
348 200
348 170
348 13
348 335
348 319
348 392
278 393
326 9
326 92
326 90
326 269
326 52
326 385
105 394
105 141
105 366
111 67
111 190
111 186
111 150
111 247
111 125
111 202
111 256
404 264
112 356
68 188
68 241
68 229
228 445
228 244
228 318
228 84
78 426
78 71
78 337
140 118
120 384
165 8
165 284
243 62
243 381
243 439
243 245
243 19
433 398
391 340
391 147
391 203
391 331
338 429
338 351
338 316
338 400
207 443
75 304
75 143
75 299
233 307
164 70
164 55
164 193
276 88
276 42
159 354
289 234
289 379
289 261
289 33
289 222
183 34
183 154
121 291
121 117
121 43
121 17
121 325
121 76
121 179
180 3
180 279
5 313
5 128
5 317
5 368
5 390
72 27
72 438
311 169
311 30
311 341
311 221
255 113
91 367
91 281
217 240
83 232
132 135
308 365
436 44
342 386
97 53
97 417
97 362
97 57
80 211
339 428
339 156
339 94
339 287
339 153
339 323
339 357
54 146
54 320
54 275
54 108
54 303
54 204
369 157
285 283
285 60
106 4
106 134
106 109
106 123
7 305
294 315
201 21
201 107
425 199
425 280
293 119
293 148
293 295
293 343
293 209
293 185
293 225
293 178
346 182
346 66
349 212
26 220
26 102
449 216
449 56
449 208
292 171
292 99
292 411
292 353
292 23
292 410
218 259
218 22
218 442
218 330
218 24
126 418
126 378
126 376
344 81
344 104
103 129
103 210
103 64
130 324
388 363
447 195
447 260
447 399
447 373
158 397
158 48
158 29
355 249
213 254
213 149
213 175
213 271
101 205
101 375
101 1
101 93
101 115
101 136
192 172
160 272
40 89
110 361
251 336
329 238
155 416
155 380
155 194
155 32
155 262
155 414
395 198
38 231
38 59
38 181
424 422
424 370
424 98
227 86
227 402
286 35
286 451
286 306
286 274
286 334
286 290
286 432
286 412
286 10
286 151
11 173
350 191
350 253
350 358
350 189
350 69
409 144
409 310
409 161
409 298
409 20
409 226
409 122
273 45
273 309
273 236
273 41
302 437
302 267
302 450
302 138
302 73
302 131
302 421
302 174
168 360
387 18
387 14
15 219
15 265
15 405
15 187
15 333
152 50
58 332
263 139
403 347
403 176
403 406
403 215
403 224
420 196
114 364
114 242
25 359
25 214
25 389
327 258
327 401
327 382
327 223
327 95
327 413
327 248
407 116
407 415
407 96
268 250
268 49
16 166
16 46
16 230
16 37
16 85
200 184
200 163
200 372
200 322
200 314
200 12
170 444
170 296
13 239
335 448
335 252
335 383
335 39
335 6
335 87
319 177
319 374
319 235
369 246
355 73
355 116
355 324
355 58
355 160
355 86
355 193
355 16
355 30
355 201
355 228
355 172
355 308
355 367
355 110
355 338
355 18
355 330
355 272
355 156
355 304
355 259
355 253
355 234
355 305
355 257
355 154
355 217
355 83
355 106
355 51
355 144
355 343
355 281
355 327
355 170
355 96
355 298
355 335
355 284
355 151
355 173
355 28
355 12
355 74
355 365
355 126
355 76
355 1
355 329
355 115
355 325
355 47
355 221
355 303
355 7
355 345
355 266
355 285
355 236
355 306
355 66
355 198
355 243
355 277
355 68
355 203
355 212
355 36
355 273
355 119
355 147
355 20
355 82
355 196
355 323
355 27
355 292
355 49
355 289
355 13
355 133
73 344
73 191
73 176
73 255
73 184
73 42
73 300
73 23
73 107
73 65
73 342
73 227
73 294
73 88
73 354
73 80
73 70
73 11
73 183
73 245
73 252
73 256
73 278
73 171
73 311
73 348
73 166
73 137
73 17
73 145
73 299
73 15
73 55
73 186
73 31
73 286
73 347
73 202
73 158
73 111
73 179
73 9
73 21
73 197
73 219
73 59
73 295
73 206
73 60
73 268
73 120
73 130
73 235
73 220
73 50
73 280
73 363
73 310
73 39
73 362
73 34
73 215
73 270
73 57
73 317
73 168
73 195
73 155
73 3
73 37
73 150
73 210
73 241
73 162
73 361
73 358
73 291
73 250
73 61
73 103
73 127
73 231
73 159
73 94
73 87
73 208
73 309
73 149
73 364
73 287
73 254
73 98
73 93
73 188
73 178
73 52
73 180
73 14
73 105
73 38
73 75
73 315
73 125
73 229
73 138
73 214
73 319
73 247
73 71
73 226
73 333
73 25
73 91
73 207
73 192
73 353
73 97
73 261
73 313
73 200
73 118
73 288
73 167
73 366
73 161
73 129
73 336
73 194
73 331
73 33
73 242
73 22
73 276
73 248
73 53
73 275
73 101
73 274
73 90
73 223
73 40
73 190
73 102
73 67
73 218
73 140
73 79
73 334
73 45
73 187
73 108
73 5
73 326
73 205
73 46
73 237
73 135
73 109
73 302
73 339
116 262
116 175
116 152
116 297
116 182
116 230
116 35
116 95
116 211
116 81
116 340
116 104
116 177
116 368
116 10
116 263
116 163
116 85
116 123
116 32
116 131
116 264
116 8
116 181
116 122
116 244
116 349
116 24
116 246
116 69
116 239
116 359
116 209
116 114
116 321
116 216
116 157
116 77
116 142
116 26
116 350
116 357
116 63
116 143
116 78
116 351
116 100
116 113
116 54
116 238
116 84
116 360
116 136
116 314
116 233
116 117
116 322
116 29
116 139
116 249
116 341
116 282
116 43
116 2
116 6
116 112
116 320
116 141
116 265
116 312
116 128
116 4
116 251
116 337
116 92
116 72
116 134
116 260
116 153
116 332
116 48
116 165
116 225
116 352
116 121
116 316
116 369
116 64
116 164
116 204
116 271
116 169
116 213
116 346
116 267
116 258
116 296
116 290
116 174
116 356
116 199
116 328
116 222
116 41
116 185
116 224
116 146
116 301
116 293
116 279
324 56
324 307
324 19
324 189
324 148
324 124
324 283
324 89
324 62
324 232
324 132
324 99
324 269
324 44
324 318
324 240
51 999915827
29 36
29 42
36 1
36 32
36 10
36 11
36 3
36 7
36 49
36 20
36 22
36 31
36 28
36 25
36 16
36 48
36 44
36 17
36 43
36 12
36 34
36 47
36 18
36 24
36 4
36 8
36 37
36 50
36 51
36 45
36 26
36 27
42 41
42 23
42 35
42 46
42 2
42 33
42 6
42 15
42 38
42 39
42 21
42 19
42 40
1 9
1 13
1 5
1 14
1 30
84 329681
27 54
27 12
27 8
27 33
27 63
27 51
27 44
27 75
27 24
27 47
27 57
54 21
54 71
54 7
54 3
12 77
12 20
12 49
8 18
8 11
8 22
8 70
8 14
8 1
8 64
33 72
63 65
63 28
63 45
63 5
63 34
63 15
63 61
63 13
63 78
63 52
63 62
63 10
63 35
63 6
63 2
63 50
63 58
63 83
51 43
51 39
51 68
51 81
44 29
44 32
44 36
44 37
44 60
44 79
44 42
44 53
44 23
44 40
44 48
44 25
44 17
75 41
75 59
75 66
75 38
75 26
75 73
75 31
75 74
24 69
24 9
24 67
24 19
47 84
47 82
47 4
47 80
47 55
47 30
57 56
21 46
21 76
21 16
369 103022
63 335
63 239
63 367
63 236
335 346
335 94
335 8
335 17
335 91
335 166
335 69
335 168
335 206
335 125
335 180
335 315
335 45
335 37
335 185
335 254
335 195
335 160
335 275
335 140
335 321
335 22
335 83
335 78
335 23
335 21
335 103
335 366
335 276
335 234
335 137
335 53
335 96
335 190
335 70
335 44
239 286
239 226
367 147
367 153
367 151
236 279
346 201
346 322
346 361
94 19
94 301
94 312
94 119
94 262
94 249
94 123
94 92
94 274
94 203
94 270
94 46
94 342
94 52
94 228
94 285
94 25
94 138
94 10
94 172
94 41
94 115
94 107
94 317
94 192
94 131
94 223
94 164
94 139
8 50
8 175
8 243
8 58
8 66
8 358
8 71
8 86
8 5
8 255
8 130
8 97
8 6
8 169
8 244
8 194
8 269
8 98
8 65
8 333
8 167
8 148
8 281
8 117
8 229
8 314
8 4
8 287
8 231
8 284
8 320
8 84
8 7
8 261
8 38
8 59
8 250
8 332
8 136
8 298
8 30
8 152
8 111
8 182
8 300
8 329
8 368
8 305
8 40
8 245
8 369
8 72
8 26
17 176
91 165
91 143
91 48
91 324
166 293
69 225
69 16
69 283
69 108
69 233
168 310
168 156
168 278
168 114
168 121
168 319
168 161
168 364
168 304
168 18
168 318
168 145
206 1
206 73
125 43
125 177
125 149
125 181
125 242
125 132
180 191
180 213
180 246
180 80
180 340
180 183
180 187
180 330
180 174
180 15
180 348
180 221
180 24
180 14
180 82
180 363
180 163
180 200
180 155
180 345
180 158
180 291
180 294
180 188
180 268
180 253
180 306
315 265
315 347
315 237
45 266
45 247
45 144
45 146
45 258
45 133
45 252
45 154
45 355
45 184
45 267
45 99
45 232
45 217
45 297
45 173
45 49
45 334
45 211
45 61
45 325
45 208
45 292
45 339
45 235
45 127
45 76
45 290
45 34
45 36
45 118
45 85
45 81
45 336
45 307
45 357
45 349
45 112
45 199
45 35
45 202
45 60
45 341
45 210
45 56
45 89
45 28
45 62
45 74
45 327
45 109
45 359
45 337
45 331
45 264
45 77
45 323
45 79
45 277
45 351
45 215
45 178
45 356
45 54
45 186
45 120
45 353
45 308
45 257
45 134
45 32
45 362
45 288
45 260
45 311
45 129
37 20
37 142
37 280
37 27
37 344
185 338
185 189
185 157
185 259
185 316
185 116
254 162
254 12
254 102
254 343
254 124
254 220
254 105
254 354
254 39
254 113
254 95
254 33
254 227
254 326
254 271
195 196
195 128
160 328
160 214
160 3
160 2
160 170
275 212
275 29
275 104
275 198
275 350
275 100
275 272
275 219
275 110
275 57
275 360
275 218
275 296
275 135
275 313
275 197
275 238
140 303
140 289
140 126
140 9
140 67
321 302
22 122
22 240
22 251
22 51
22 295
83 241
83 263
83 273
83 171
83 150
83 68
83 230
83 248
83 207
83 222
83 299
83 282
83 31
83 93
83 11
83 64
83 87
78 141
78 309
78 205
78 75
78 256
78 352
78 204
78 90
78 209
78 101
78 88
23 193
23 47
23 159
23 365
23 106
23 55
23 179
23 42
21 216
21 13
21 224
299 761625
128 278
128 58
128 286
128 112
128 207
128 195
278 41
58 69
286 97
112 134
207 120
207 103
207 283
195 118
41 144
69 43
97 161
97 163
97 84
97 55
97 11
97 187
97 166
134 30
120 185
103 168
283 53
283 33
118 46
118 215
118 279
144 10
144 147
144 216
144 201
144 282
144 172
43 193
161 16
161 27
161 23
163 179
84 114
84 180
55 239
55 95
11 266
11 290
187 237
166 259
30 249
30 274
30 54
30 224
30 176
30 204
185 296
185 2
168 198
53 141
33 49
33 19
46 25
46 15
46 285
46 268
215 298
215 143
215 80
215 267
279 154
279 123
10 155
147 98
147 292
216 206
201 106
201 3
201 104
282 142
282 78
282 39
172 197
193 227
193 148
193 5
193 281
193 7
193 129
16 226
16 200
16 221
27 181
23 248
179 77
179 31
179 105
179 230
114 157
114 241
114 186
114 65
180 36
180 82
180 109
239 247
239 217
239 246
95 293
95 48
95 234
95 244
95 222
95 236
266 40
290 254
290 273
290 272
290 1
237 113
259 88
259 137
259 183
259 232
249 20
274 94
274 62
274 131
54 93
224 192
176 56
204 225
296 151
2 269
2 242
2 24
198 119
141 191
141 42
141 250
141 22
141 51
141 67
49 101
49 87
49 203
49 50
49 107
49 102
49 116
19 184
25 34
25 139
25 153
25 277
25 276
25 159
15 177
15 66
285 169
268 280
268 59
268 85
298 6
143 52
143 72
80 150
80 233
267 223
267 96
267 299
267 89
154 138
154 182
154 284
154 205
154 18
154 288
123 294
123 210
155 12
155 194
98 9
98 261
98 229
292 297
206 110
106 291
106 135
106 63
3 263
3 295
104 170
142 214
142 158
142 17
142 100
142 253
142 57
142 127
78 271
39 124
197 140
197 146
227 79
227 162
148 75
5 38
5 91
5 243
281 251
281 240
281 202
7 61
7 8
129 189
226 68
226 117
226 145
200 70
221 74
181 209
181 92
181 287
181 71
248 81
77 13
77 73
77 60
31 173
105 174
105 29
105 64
105 160
105 238
230 258
230 122
230 211
230 275
230 270
157 199
157 262
157 289
241 108
186 196
186 99
186 21
65 4
65 45
36 255
36 132
36 257
36 126
36 252
82 260
109 228
247 167
217 171
217 44
246 156
246 32
246 213
246 26
246 149
246 130
293 178
293 111
293 256
48 35
48 245
234 264
234 83
234 133
234 86
244 37
244 235
244 231
244 152
244 125
244 165
244 265
244 212
222 219
222 90
222 218
222 121
236 28
40 190
40 76
254 220
273 188
272 136
1 47
1 175
113 208
88 164
88 14
88 115
285 405645
283 172
283 23
172 26
172 112
172 175
172 134
172 49
172 4
172 125
172 81
172 238
23 174
23 122
23 33
23 227
23 138
26 280
26 182
26 265
26 157
26 242
26 109
26 55
26 36
26 240
26 259
26 187
26 80
26 25
26 285
26 270
26 233
26 117
26 249
26 9
26 139
26 273
26 86
26 137
26 181
26 164
26 116
26 57
26 6
26 89
26 254
26 224
26 150
26 17
26 110
26 271
26 252
26 251
26 64
26 218
26 214
26 10
26 62
26 88
26 168
26 195
26 15
26 136
112 241
112 260
112 123
112 247
175 205
175 96
175 46
175 101
175 267
175 269
175 93
175 83
175 8
175 13
175 127
175 211
175 258
175 56
175 68
175 82
175 124
175 228
134 3
134 143
134 34
134 30
134 210
134 167
134 161
134 199
134 85
134 63
134 38
134 229
134 244
134 235
134 220
134 104
134 170
134 275
134 160
134 50
134 74
134 190
134 78
134 16
134 277
134 215
134 200
134 186
134 158
134 103
134 266
134 44
134 282
134 70
134 90
134 213
134 193
134 232
134 179
134 126
134 276
134 272
134 79
134 66
134 113
134 268
134 2
134 245
134 192
134 250
134 234
134 203
49 207
49 61
49 284
4 217
4 111
4 119
4 274
4 198
4 191
4 163
4 95
4 76
4 239
4 60
4 58
4 206
4 262
4 92
4 11
4 147
4 75
4 171
4 22
4 59
4 154
4 173
4 129
4 71
4 201
4 67
4 261
4 253
4 216
4 189
4 188
4 230
125 27
81 196
81 87
81 99
81 102
81 257
238 115
238 35
238 176
238 48
174 165
174 54
174 169
174 130
174 153
122 7
122 24
122 219
122 18
33 120
33 264
33 140
33 148
33 51
33 183
33 73
33 39
33 151
33 12
33 128
33 31
33 222
33 5
33 45
33 91
33 98
33 20
33 231
33 197
227 237
227 77
227 236
227 84
138 256
138 279
138 184
138 145
138 121
138 159
138 65
138 135
138 221
138 100
138 106
138 212
138 141
138 97
138 94
138 149
138 21
138 278
138 185
138 32
138 226
138 204
138 52
138 255
138 114
138 53
138 202
138 162
138 41
138 248
138 281
138 146
138 37
138 178
138 194
138 225
138 132
138 69
138 177
138 72
138 1
138 142
138 108
138 14
138 47
138 42
138 208
138 180
138 243
138 263
138 29
138 156
138 43
138 133
280 246
280 105
182 19
182 166
182 155
182 28
182 144
265 118
265 223
265 152
265 40
157 131
157 107
157 209
308 638906
249 45
249 298
249 257
249 263
249 97
249 282
249 306
249 71
249 35
249 33
249 101
249 277
249 196
249 136
249 186
249 68
249 138
249 205
249 296
249 70
249 39
249 44
249 128
249 91
249 267
249 231
249 239
249 160
249 288
249 109
249 269
249 303
249 22
249 63
249 16
249 89
249 295
249 220
249 80
249 152
249 47
249 242
249 177
249 27
249 34
249 266
249 14
249 223
249 25
249 248
249 199
249 265
249 84
249 259
249 229
249 250
249 1
249 117
249 6
249 302
249 85
249 238
249 245
249 10
249 276
249 83
249 131
249 300
249 17
249 206
249 170
249 150
249 215
249 210
249 308
249 18
249 8
249 286
249 134
249 2
249 87
249 281
249 37
249 75
249 127
249 185
249 193
249 147
249 230
249 62
249 94
249 165
249 179
249 167
45 43
45 227
45 156
45 130
45 166
45 61
45 178
45 78
45 155
45 169
45 135
45 163
45 112
45 145
45 292
45 9
45 110
45 280
45 153
45 305
45 183
45 124
45 115
45 42
45 19
45 90
45 74
45 285
298 21
298 104
298 54
298 176
298 100
298 182
298 159
298 273
298 144
298 102
298 272
298 173
298 129
298 294
298 291
298 113
298 93
298 180
298 253
298 211
298 192
298 278
298 28
298 268
298 271
298 120
298 140
298 284
298 51
298 251
298 237
298 209
298 98
298 187
298 171
298 96
298 41
298 50
298 247
298 143
298 270
298 262
298 222
298 190
298 58
298 233
298 261
298 241
298 38
298 154
298 194
298 157
298 142
298 111
298 200
298 172
298 148
298 106
298 218
298 53
298 219
298 79
298 5
298 161
298 207
298 195
298 208
298 48
298 81
298 234
298 184
298 240
298 212
298 197
298 77
298 279
298 164
298 228
298 30
298 264
298 40
298 20
298 162
298 141
298 60
298 49
298 287
298 65
298 235
298 307
298 31
298 202
298 57
298 59
298 73
298 86
298 137
298 214
298 232
298 52
298 11
298 151
298 64
298 29
298 246
298 15
298 67
298 26
298 225
298 301
298 32
298 188
298 7
298 181
298 290
298 236
298 224
298 252
298 258
298 118
298 122
298 46
298 3
298 168
298 24
298 213
298 174
298 107
298 114
298 299
298 304
298 175
298 275
298 36
298 88
298 216
298 119
298 55
298 12
298 254
298 243
298 158
298 274
298 23
298 76
298 123
298 82
298 66
298 126
298 121
298 146
298 72
298 95
298 260
298 103
298 289
298 13
298 256
298 191
298 283
298 255
298 105
298 92
298 56
298 293
298 132
298 116
298 198
298 297
257 125
257 204
257 203
257 221
257 69
257 201
257 226
257 108
257 139
257 244
257 99
257 4
257 217
257 189
257 149
263 133
77 52606
68 44
68 20
68 10
68 51
68 46
68 52
68 48
68 75
68 64
68 23
68 41
68 49
68 6
68 69
68 45
68 47
68 17
68 73
68 74
68 15
68 70
68 77
68 28
68 14
68 25
68 4
68 76
68 57
68 26
68 37
68 59
68 21
68 71
68 50
44 58
44 55
44 65
44 29
44 32
44 13
44 43
44 60
44 35
44 67
44 31
20 66
20 61
20 54
20 16
20 62
20 38
20 3
20 22
20 5
20 2
20 9
20 11
20 56
20 30
20 7
20 63
20 42
20 39
10 12
10 72
10 1
10 18
10 36
10 33
10 53
10 19
10 8
51 40
51 34
51 24
46 27
333 70628
225 332
225 191
225 304
225 60
225 185
225 302
225 306
225 272
225 305
225 221
225 238
225 80
225 138
225 315
225 204
225 132
225 84
225 172
225 44
225 81
225 264
225 38
225 160
225 124
225 5
225 224
225 256
225 274
225 82
225 48
225 259
225 46
225 65
225 144
225 226
225 131
225 222
225 333
225 320
225 135
225 297
225 43
225 197
225 299
225 148
225 14
225 103
225 125
225 283
225 219
225 2
225 312
225 97
225 187
225 112
225 314
225 200
225 186
225 126
225 58
225 163
225 189
225 241
225 105
225 118
225 91
225 54
225 290
225 142
225 39
225 128
225 101
225 107
225 143
225 288
225 77
225 213
225 273
225 323
225 233
225 237
225 166
225 303
225 169
225 71
225 277
225 253
225 141
225 240
225 284
225 243
225 229
225 279
225 130
225 122
225 115
225 316
225 218
225 310
225 328
225 292
225 36
225 327
225 194
225 114
225 193
225 159
225 236
225 203
225 195
225 205
225 258
225 17
225 209
225 179
225 100
225 11
225 121
225 286
225 308
225 156
225 19
225 3
225 254
225 331
225 76
225 26
225 296
225 325
225 145
225 134
225 170
225 223
225 275
225 8
225 79
225 287
225 22
225 211
225 42
225 192
225 88
225 28
225 294
225 175
225 123
225 164
225 70
225 89
225 278
225 41
225 251
225 252
225 249
225 30
225 319
225 98
225 235
225 78
225 309
225 208
225 176
225 50
225 207
225 230
225 182
225 15
225 330
225 255
225 86
225 199
225 257
225 61
225 117
225 280
225 87
225 206
225 56
225 289
225 151
225 35
225 136
225 16
225 260
225 248
225 24
225 27
225 266
225 23
225 216
225 261
225 321
225 239
225 32
225 104
225 276
225 295
225 181
225 74
225 7
225 267
225 227
225 92
225 317
225 10
225 324
225 168
225 63
225 234
225 75
225 133
225 6
225 73
225 139
225 52
225 152
225 215
225 210
225 301
225 12
225 244
225 106
225 69
225 59
225 137
225 25
225 110
225 9
225 282
225 262
225 53
225 190
225 228
225 250
225 146
225 47
225 265
225 269
225 201
225 49
225 33
225 326
225 329
225 31
225 67
225 120
332 247
332 313
332 188
332 245
191 150
191 281
191 55
304 165
304 4
304 232
60 116
60 113
60 85
60 72
60 178
185 298
185 108
185 184
302 173
302 21
302 95
306 147
306 162
306 180
306 57
272 263
272 140
272 94
272 37
272 155
272 231
272 212
272 291
272 220
272 270
305 51
305 66
305 158
221 153
221 285
221 93
238 196
238 109
238 64
238 177
238 268
238 202
238 96
238 34
238 154
238 157
80 217
80 129
80 293
80 214
138 29
138 149
138 102
138 246
138 161
315 1
315 13
204 111
204 322
204 83
132 271
132 119
132 40
132 62
132 45
84 68
84 183
84 171
84 307
84 127
84 198
84 300
84 311
84 20
172 18
172 167
172 242
172 318
172 99
44 174
44 90
250 166
58 181
58 228
58 167
58 151
58 93
58 85
58 74
58 51
58 185
58 81
58 250
181 40
181 11
181 226
181 190
181 90
181 139
181 180
181 237
181 8
181 129
181 125
181 118
181 95
181 50
181 20
181 207
181 113
181 29
181 135
181 189
181 111
228 248
228 46
228 48
167 82
167 206
167 100
167 165
167 147
167 22
167 55
167 186
167 1
167 77
167 37
167 217
167 122
167 138
167 227
167 87
167 44
167 26
167 80
167 35
167 6
167 195
167 79
167 117
167 173
167 203
167 42
167 148
167 7
167 137
167 183
167 123
167 143
167 71
167 161
167 106
167 99
167 98
167 16
167 191
167 140
167 61
167 116
167 27
167 103
167 176
167 238
167 108
167 169
167 216
167 28
167 66
167 97
167 239
167 232
167 166
167 57
167 2
167 112
167 182
167 187
167 47
167 194
167 205
167 236
167 72
167 198
167 241
167 158
167 34
167 163
167 119
167 73
167 32
167 197
167 223
167 107
167 160
167 154
167 200
167 172
167 124
167 220
167 233
167 218
167 133
167 144
167 184
167 94
167 159
167 126
167 5
167 221
167 127
167 15
167 222
167 245
167 155
167 219
167 69
167 68
167 23
167 4
167 14
167 36
167 179
167 31
167 153
167 109
167 146
167 136
167 131
167 240
167 249
167 196
167 132
167 54
167 45
167 145
167 157
167 170
167 164
167 91
167 192
167 59
167 12
167 89
167 88
167 215
167 199
167 120
167 231
167 150
167 18
167 152
167 202
167 101
167 235
167 214
167 105
167 141
167 38
167 56
167 67
167 19
151 149
151 70
151 134
151 177
151 121
151 168
151 115
151 64
151 174
151 225
151 211
151 247
151 78
151 102
151 9
93 17
93 25
93 128
93 213
93 110
85 30
85 246
85 75
85 104
74 63
74 43
74 49
74 230
74 204
51 188
51 33
51 21
185 178
185 65
185 175
185 243
185 24
185 96
185 156
185 83
185 212
185 92
185 10
185 234
185 52
185 13
185 142
185 60
185 86
185 3
185 39
185 208
81 162
81 114
81 201
81 210
81 76
250 224
250 244
250 229
250 62
250 209
250 53
40 84
40 242
40 41
40 130
40 171
11 193
124 999061577
31 40
40 13
40 84
13 57
13 17
84 30
57 18
57 69
17 35
30 71
30 67
30 6
30 14
18 15
18 37
18 65
69 116
35 55
71 113
71 66
67 120
67 100
67 124
67 74
6 61
6 95
14 27
14 62
14 22
14 28
14 94
14 21
14 60
14 26
14 23
15 78
37 122
37 5
37 123
37 52
65 109
116 44
116 68
116 83
116 99
116 4
116 79
116 42
116 103
116 107
116 38
55 41
55 20
113 112
66 70
66 43
66 90
120 111
120 118
100 117
100 16
100 106
124 121
74 63
74 45
74 50
74 51
61 88
61 92
61 3
61 87
61 114
95 72
95 25
27 53
27 119
62 12
62 46
62 102
62 82
22 11
22 105
22 73
28 7
28 19
28 77
28 76
94 97
21 10
60 96
60 39
60 108
60 49
26 1
26 47
26 34
23 81
23 9
78 110
78 75
122 89
5 85
5 32
5 54
123 29
123 101
52 8
52 48
52 115
52 58
52 2
52 36
109 59
109 93
44 91
68 64
68 86
68 98
68 80
68 24
83 56
83 104
83 33
268 34234
257 250
257 220
257 143
257 51
257 196
257 136
257 83
257 179
257 163
257 57
257 227
257 79
257 9
257 252
257 40
257 160
257 209
257 264
257 53
257 89
257 14
257 132
257 130
257 198
257 112
257 154
257 175
257 90
257 118
257 147
257 23
257 63
257 135
257 165
257 188
257 36
257 193
257 106
257 187
257 225
257 245
257 117
257 48
257 8
257 267
257 101
257 246
257 231
257 33
257 29
257 74
257 15
257 226
257 222
257 71
257 157
257 155
257 167
257 192
257 230
257 44
257 26
257 6
257 148
257 208
257 107
257 43
257 186
257 47
257 169
257 260
257 116
257 197
257 30
257 221
257 249
257 149
257 38
257 204
257 7
257 42
257 28
257 49
257 124
257 265
257 4
257 150
257 172
257 68
257 216
257 240
257 97
257 96
257 12
257 228
257 207
257 25
257 66
257 125
257 31
257 27
257 258
257 174
257 202
257 217
257 206
257 254
257 100
257 168
257 164
257 35
257 127
257 137
257 256
257 159
257 32
257 98
257 239
257 248
257 173
257 65
257 261
257 121
257 166
257 104
257 129
257 45
257 255
257 235
257 60
257 241
257 115
257 229
257 210
257 92
257 189
257 82
257 251
257 213
257 110
257 190
257 199
257 176
257 114
257 93
257 223
257 162
257 219
257 75
257 122
257 85
257 3
257 39
257 22
257 243
257 244
257 37
250 183
250 151
250 134
250 233
250 78
250 59
250 214
250 218
250 177
250 61
250 238
250 156
250 108
250 86
250 259
250 170
250 215
250 203
250 17
250 142
250 184
250 10
250 11
250 266
250 171
250 236
250 2
250 268
250 232
250 18
250 105
250 81
250 141
250 242
250 69
250 181
250 21
250 161
250 91
250 54
250 103
250 20
250 67
250 24
250 34
250 253
250 200
250 263
250 5
250 19
250 72
250 119
250 50
250 95
250 102
250 178
250 64
250 16
250 131
250 234
250 194
250 237
250 146
250 46
250 88
250 123
250 99
250 182
250 77
250 111
250 211
250 128
250 13
250 94
250 84
250 109
250 153
250 138
250 58
250 126
250 73
250 133
250 80
250 191
250 158
250 55
250 1
250 205
250 76
250 185
250 145
250 201
250 62
250 41
250 113
250 212
250 52
250 262
250 180
250 70
250 224
220 120
220 56
220 140
220 139
220 247
220 144
220 195
220 152
143 87
154 999487813
137 2
2 49
2 96
2 54
2 80
2 90
2 65
2 15
2 67
2 7
2 47
2 134
2 106
2 45
2 131
2 42
2 52
2 110
2 103
2 111
2 147
2 31
2 20
2 149
2 123
2 72
2 97
2 69
2 85
2 16
2 44
2 6
2 122
2 114
2 148
2 62
2 58
2 126
2 17
2 64
2 56
49 73
49 93
96 25
96 95
96 57
96 153
96 130
96 83
96 36
96 138
96 79
96 129
96 32
96 40
96 51
96 68
96 41
96 109
96 43
96 76
96 28
96 144
96 145
96 5
96 63
96 101
96 112
96 21
96 53
96 140
96 133
96 141
96 50
96 18
96 99
54 124
54 115
54 71
54 91
54 136
80 105
80 82
80 132
80 38
80 94
80 29
80 9
80 77
80 35
80 66
80 87
80 37
80 86
80 121
80 12
80 19
80 146
80 48
80 102
80 119
80 61
80 55
80 139
80 108
80 3
80 70
80 13
80 75
80 60
80 14
80 39
80 98
80 84
80 113
90 10
90 23
65 59
65 30
65 120
65 117
65 135
65 100
15 152
15 89
15 4
15 154
67 143
7 24
7 11
7 142
47 33
47 8
47 104
47 27
47 34
47 150
47 74
47 46
47 78
47 118
134 151
134 128
134 107
106 116
106 125
106 127
106 88
106 92
45 1
45 81
45 22
131 26
69 999307151
17 59
17 33
17 64
17 37
17 7
17 12
17 39
17 5
17 57
17 32
17 22
17 69
17 51
17 4
17 18
17 31
17 19
17 14
17 67
17 36
17 34
17 28
17 49
17 56
17 60
17 21
17 52
17 15
17 38
17 1
17 46
17 27
17 23
17 47
17 62
17 68
17 41
17 29
17 66
17 25
17 50
17 42
17 61
17 8
17 40
17 11
17 6
17 58
17 48
17 63
17 65
17 26
17 44
17 16
17 53
17 20
17 45
17 35
17 3
17 2
17 10
59 30
59 43
33 13
33 55
64 9
64 54
37 24
248 999096667
183 67
67 75
67 145
75 84
75 154
75 86
75 168
75 5
75 38
145 113
84 120
154 161
86 233
86 244
86 100
168 230
168 28
168 103
5 194
38 16
38 78
38 142
38 211
38 29
38 223
38 39
38 200
113 185
113 44
113 155
113 153
113 85
120 162
161 35
161 30
233 220
233 63
233 93
233 23
244 171
244 61
244 191
244 20
100 247
230 189
230 178
28 198
28 6
28 246
28 245
103 219
103 129
103 149
103 216
194 37
194 196
194 130
194 221
194 131
194 110
16 82
78 109
78 186
78 52
78 177
142 205
142 90
142 181
142 225
142 89
142 51
142 7
211 26
29 144
223 175
39 201
39 88
39 46
39 115
200 40
185 143
185 152
185 232
185 9
44 138
155 14
153 242
153 83
153 60
153 25
153 102
153 158
153 98
85 58
85 231
85 127
85 192
162 119
35 66
35 15
35 160
35 212
35 76
35 197
35 3
35 59
35 69
35 214
30 137
30 224
30 34
30 199
30 165
220 91
63 176
63 1
63 107
93 217
93 12
23 73
23 11
171 150
171 10
171 81
61 22
191 241
191 248
191 139
20 42
247 105
189 132
189 240
178 27
198 124
198 45
198 215
6 146
246 56
246 170
246 147
246 55
246 134
245 228
245 117
219 4
129 166
129 207
129 111
149 218
149 99
216 114
37 237
37 54
37 159
37 96
37 65
37 204
37 97
196 164
196 148
196 68
196 8
130 182
221 190
131 50
131 71
110 32
110 213
82 2
109 94
109 222
186 202
52 126
177 53
177 108
205 62
90 136
90 163
90 18
181 106
225 209
225 118
89 79
51 238
51 21
51 64
51 49
7 229
7 156
7 41
7 157
26 19
26 133
26 47
144 179
144 180
144 70
144 112
144 174
144 167
175 17
175 116
175 227
175 57
175 121
201 104
88 77
46 234
46 210
115 141
40 239
40 151
40 188
40 135
40 128
40 193
143 236
152 226
152 95
232 184
232 195
232 72
9 140
9 187
9 206
138 208
138 173
138 36
14 43
14 48
242 80
242 122
83 125
83 243
83 74
83 13
60 33
60 172
25 123
25 92
25 31
25 24
25 169
25 235
102 87
158 101
158 203
402 76899
260 351
260 104
260 170
260 401
260 100
260 27
260 356
260 207
260 226
260 2
260 316
260 270
260 267
260 259
260 202
260 97
260 331
260 382
260 117
260 79
260 195
260 301
260 148
260 68
260 346
260 289
260 317
260 367
260 309
260 26
260 77
260 292
260 189
260 158
260 201
260 345
260 327
260 192
260 378
260 149
260 153
260 15
260 88
260 180
260 169
260 357
260 106
260 305
260 144
260 383
260 163
260 128
260 319
260 131
260 139
260 312
260 265
260 122
260 63
260 284
260 369
260 400
260 90
260 45
260 311
260 390
260 275
260 66
260 293
260 171
260 296
260 80
260 47
260 37
260 349
260 130
260 285
260 81
260 43
260 376
260 329
260 32
260 57
260 342
260 298
260 119
260 203
260 11
260 397
260 223
260 250
260 373
260 229
260 147
260 34
260 69
260 33
260 340
260 50
260 264
260 297
260 187
260 42
260 338
260 257
260 4
260 344
260 188
260 361
260 60
260 91
260 62
260 137
260 210
260 53
260 307
260 121
260 366
260 193
260 299
260 12
260 61
260 72
260 168
260 9
260 320
260 197
260 336
260 154
260 172
260 263
260 268
260 92
260 38
260 146
260 313
260 249
260 143
260 110
260 352
260 76
260 71
260 381
260 123
260 370
260 181
260 107
260 59
260 84
260 29
260 308
260 347
260 237
260 335
260 206
260 73
260 252
260 132
260 136
260 216
260 218
260 246
260 266
260 379
260 41
260 39
260 109
260 23
260 51
260 220
260 167
260 127
260 244
260 198
260 58
260 1
260 111
260 19
260 391
351 374
351 52
351 87
351 44
351 350
104 242
104 116
104 241
104 173
104 14
104 101
104 124
104 371
104 208
104 31
104 372
104 239
104 174
104 82
104 332
104 323
104 262
104 290
104 211
104 151
104 74
104 325
104 36
104 256
104 166
104 363
104 140
104 35
104 96
104 273
104 83
104 233
104 99
104 225
104 321
104 78
104 333
104 315
104 314
104 190
104 164
104 235
104 386
104 337
104 385
104 89
104 161
104 389
104 200
104 179
104 160
104 5
104 355
104 142
104 243
104 129
104 324
104 358
104 214
104 343
104 395
104 48
170 398
170 258
401 238
401 40
401 341
401 113
100 156
100 94
100 18
100 134
100 310
100 70
100 261
100 17
100 364
100 302
100 191
100 93
100 399
100 3
100 348
100 304
100 177
100 217
100 277
100 368
100 145
100 196
100 240
100 13
100 212
100 396
100 231
100 138
100 67
100 175
100 228
100 115
100 306
100 375
100 209
100 224
100 162
100 283
100 393
100 185
100 353
100 135
100 219
100 213
100 85
100 55
100 222
100 276
27 392
27 388
27 176
27 56
27 339
27 159
27 133
27 150
27 251
27 365
27 141
27 25
27 326
356 152
356 30
356 394
356 105
356 387
356 362
356 247
356 86
356 334
356 184
356 278
356 194
356 253
356 215
356 295
356 155
356 354
356 7
356 54
356 360
356 245
356 16
356 294
356 291
356 384
356 359
356 24
207 272
226 232
226 221
226 318
226 10
226 8
226 274
226 230
226 330
226 271
2 178
2 98
2 46
2 287
316 157
316 322
316 236
316 282
316 102
270 28
270 75
270 269
270 280
270 402
267 328
267 20
267 205
267 118
267 125
267 95
267 303
267 64
267 288
267 300
267 380
259 126
259 108
259 204
259 377
259 255
202 21
202 234
202 227
202 279
202 183
202 286
97 6
97 112
97 199
331 65
382 186
117 22
117 103
117 114
117 281
117 182
79 165
195 248
195 49
195 254
195 120
132 354914
56 2
56 63
56 60
56 104
56 19
56 128
56 71
56 4
56 127
56 20
56 122
56 11
56 72
56 48
56 17
56 52
56 9
56 94
56 87
56 108
56 93
56 35
56 46
56 98
56 32
56 89
56 121
56 114
56 8
56 107
56 100
56 21
56 73
56 23
56 80
56 36
56 120
56 123
56 58
56 30
56 39
56 5
56 50
56 55
56 126
56 65
56 10
56 41
56 97
56 92
56 116
56 64
56 109
56 18
56 82
56 49
56 83
56 57
56 101
56 22
56 125
56 54
56 69
56 124
56 15
56 25
56 77
56 81
56 105
56 91
56 75
56 28
56 1
56 62
56 112
56 86
56 118
56 78
56 53
56 24
56 34
56 12
56 43
56 88
56 129
56 13
56 111
56 99
56 132
56 16
56 66
56 26
56 90
56 44
56 68
56 33
56 42
56 76
56 95
56 29
56 102
56 14
56 27
56 117
56 47
56 131
56 115
56 37
56 110
56 31
56 74
56 3
56 96
56 79
56 84
56 113
56 45
56 103
56 59
56 85
2 106
2 6
2 7
63 51
60 40
60 119
60 38
60 70
60 67
60 130
104 61
60 40
37 28
37 43
37 14
37 32
37 22
28 31
28 40
28 46
28 56
28 38
28 52
28 58
28 24
28 10
28 11
28 27
28 29
28 60
28 34
28 6
28 20
28 33
28 12
28 49
43 18
43 5
43 35
43 25
43 36
43 8
43 13
14 21
14 59
14 44
32 55
32 42
32 30
32 50
22 17
22 7
22 19
31 47
31 23
31 54
31 15
31 41
40 3
40 4
40 9
40 51
40 45
40 57
46 48
56 39
56 1
56 26
56 2
56 53
38 16
475 999159964
445 205
445 40
445 19
445 71
445 201
205 249
205 60
205 398
205 82
205 290
205 55
40 409
40 99
40 196
40 96
40 382
19 27
71 363
201 182
249 263
249 165
249 175
60 251
398 298
82 86
290 267
55 246
55 233
409 355
409 228
409 193
99 441
99 277
99 397
196 455
196 352
196 130
96 77
382 256
27 266
27 444
363 315
363 407
363 74
182 436
182 404
182 68
182 437
182 121
182 450
263 18
263 164
263 153
263 259
263 442
165 356
175 419
175 185
175 383
175 255
175 192
175 13
175 94
175 109
251 66
251 216
251 376
251 20
251 111
298 194
298 311
298 300
298 335
86 98
267 340
267 63
267 260
267 3
246 276
246 239
246 418
246 470
246 377
233 230
233 429
233 330
233 24
355 34
355 45
355 57
355 215
228 448
228 423
228 271
193 214
193 452
193 350
441 133
441 159
441 85
277 289
277 475
277 343
397 200
397 76
397 424
397 114
455 280
455 417
455 179
352 120
352 93
352 428
130 225
130 41
130 430
130 83
130 64
77 151
77 447
77 337
77 174
256 286
256 320
256 72
256 401
256 240
256 353
266 341
444 220
315 426
315 141
407 9
407 247
407 446
407 88
407 186
74 427
436 390
436 403
436 332
404 451
68 173
68 138
437 149
437 422
121 222
450 107
450 62
18 139
18 116
18 421
18 137
164 414
153 279
259 357
259 443
442 282
356 219
419 439
419 92
185 235
185 148
185 433
185 242
185 323
185 359
383 234
383 140
383 87
383 198
383 238
255 223
192 91
192 463
192 231
13 327
13 202
94 258
94 405
94 269
94 170
109 248
109 56
109 438
66 152
216 301
216 189
376 48
20 243
111 128
194 38
311 378
300 70
300 385
335 333
335 65
335 379
335 187
98 39
340 143
340 389
63 325
63 22
260 108
3 145
276 386
276 227
276 146
276 180
276 415
239 177
239 391
418 135
418 344
470 36
470 411
470 17
377 392
377 274
230 321
230 236
230 331
230 144
429 371
330 206
330 270
330 110
24 229
24 203
24 339
24 176
24 293
24 195
34 400
34 118
45 106
45 78
57 32
57 469
57 346
57 115
215 367
215 245
215 413
448 387
423 454
271 73
271 396
214 354
214 420
214 347
214 275
452 184
452 308
350 273
350 4
350 285
350 224
350 53
350 58
133 142
159 312
159 50
159 366
85 370
289 294
475 365
475 125
475 2
475 319
475 464
475 461
475 303
343 318
343 207
343 309
343 460
200 211
76 345
424 123
114 250
114 166
280 408
417 384
417 129
179 302
179 297
120 105
120 432
120 1
93 132
428 313
225 37
41 7
41 402
41 237
41 15
41 154
430 126
83 471
83 14
83 373
83 278
83 16
64 104
64 101
64 226
64 155
151 268
151 431
151 25
447 336
447 171
337 84
337 473
174 136
174 307
286 183
286 374
286 90
320 410
320 472
320 381
320 254
72 322
72 265
72 54
72 217
72 44
401 6
401 281
240 394
353 157
353 95
353 122
353 21
341 12
341 42
220 462
426 326
426 131
426 351
426 304
426 342
426 399
426 221
141 466
141 188
141 163
141 28
141 79
9 47
9 372
9 360
9 191
9 241
9 35
9 61
9 204
247 467
247 338
247 167
446 212
446 375
446 295
446 51
446 209
446 208
446 160
88 291
186 364
427 69
427 80
390 406
403 287
403 197
332 449
332 440
332 31
332 100
332 67
332 416
451 162
173 288
173 218
138 334
138 33
138 468
138 161
138 474
138 117
138 395
149 292
422 257
422 388
222 46
107 26
62 358
139 316
139 75
139 284
139 362
116 119
116 253
421 348
421 314
421 456
137 453
414 306
279 29
279 393
357 81
357 102
443 457
443 310
443 329
443 134
282 296
282 181
282 97
219 147
439 283
439 262
439 11
439 210
92 112
92 158
92 103
235 49
235 425
235 361
235 199
235 305
148 299
148 169
148 178
148 59
433 113
433 124
242 168
242 369
242 261
242 465
242 324
323 458
323 252
323 52
323 89
359 5
359 43
234 264
140 150
87 272
198 412
238 156
238 232
223 30
91 380
91 190
463 213
463 328
463 172
463 127
463 434
463 8
463 368
463 23
463 349
231 435
327 244
327 10
202 459
258 317
327 49128
105 10
10 219
10 316
219 200
219 16
219 71
316 103
316 46
316 291
316 177
316 53
316 327
316 141
316 243
316 185
316 147
316 77
316 52
316 19
316 133
316 117
316 144
316 284
316 129
316 120
316 322
316 157
316 264
316 223
316 44
316 252
316 326
316 255
316 234
316 204
316 137
316 323
316 182
316 149
316 190
316 23
316 283
316 4
316 18
316 259
316 156
316 271
316 42
316 146
316 130
316 175
316 193
316 267
316 135
316 301
316 109
316 155
316 321
316 34
316 263
316 124
316 7
316 55
316 20
316 178
316 312
316 308
316 110
316 210
316 43
316 114
316 313
316 95
316 116
316 49
316 127
316 172
316 241
316 186
316 240
316 84
316 286
316 125
316 300
316 214
316 33
316 181
316 21
316 22
316 89
316 292
316 134
316 37
316 258
316 302
316 167
316 249
316 245
316 35
316 325
316 188
316 315
316 262
316 3
316 70
316 220
316 253
200 32
16 296
16 51
16 164
16 118
16 196
71 169
71 195
71 90
71 111
71 251
71 81
71 275
71 50
71 222
71 260
71 189
71 303
71 230
71 239
71 217
71 304
71 270
71 207
71 285
71 161
71 148
71 8
71 201
103 224
103 318
103 180
103 221
103 324
103 9
46 14
46 112
46 56
46 278
46 75
46 88
46 27
46 96
46 281
46 72
46 231
46 311
46 119
46 289
46 171
46 93
46 309
46 226
46 280
46 94
46 63
46 101
46 143
46 69
46 151
46 209
46 242
46 165
46 163
46 76
46 142
46 25
46 203
46 179
291 232
291 187
291 208
291 154
291 211
291 85
291 216
291 54
291 173
291 97
291 238
291 294
291 202
291 47
291 2
291 197
291 199
291 246
291 152
291 136
291 277
291 24
291 299
177 254
177 62
177 244
177 158
177 273
177 265
177 305
177 274
177 39
53 293
53 126
53 288
53 15
327 206
327 123
327 31
327 98
327 115
141 6
141 113
141 153
141 17
141 132
141 78
141 320
141 87
141 122
141 183
141 295
141 80
141 38
141 319
141 57
141 36
141 83
141 225
141 317
141 237
243 168
243 40
243 41
243 106
243 131
185 215
185 82
185 162
185 160
185 228
185 250
185 139
185 261
185 45
185 170
185 48
185 191
185 198
185 266
185 235
185 205
185 74
185 92
185 248
185 306
185 174
185 256
185 314
185 102
185 297
185 279
185 5
185 307
185 91
185 108
185 310
185 29
147 79
147 58
147 60
147 65
147 166
147 257
147 176
147 13
147 26
147 11
147 28
147 192
147 229
77 287
77 100
77 140
77 145
77 68
77 276
77 99
52 184
52 30
52 218
52 128
52 66
19 298
19 138
19 282
19 159
19 268
19 61
19 272
19 73
19 12
19 59
19 150
133 107
133 1
133 194
133 64
133 86
117 236
117 212
117 269
117 233
117 121
117 247
117 290
117 227
117 104
144 67
144 213
330 377149
196 7
196 319
7 77
319 263
319 81
77 148
77 48
77 3
77 222
77 119
77 150
263 137
263 193
263 323
263 276
263 83
81 131
81 58
81 186
148 306
48 142
3 328
3 24
222 223
222 120
222 56
222 293
222 218
222 4
119 178
119 66
119 212
150 296
150 132
150 194
150 267
150 303
137 6
193 116
193 152
323 31
276 39
83 23
131 227
131 313
58 297
186 98
186 38
306 287
306 171
142 102
142 160
328 32
328 180
24 204
24 57
223 271
223 139
223 248
223 99
120 198
120 115
120 78
120 289
56 219
56 237
56 309
56 100
56 53
56 172
293 54
293 259
293 88
293 232
218 224
218 305
4 34
4 8
178 70
178 93
66 90
66 191
66 302
66 299
66 183
66 316
212 169
212 147
296 122
296 315
296 64
296 221
296 21
296 192
296 71
296 281
296 101
132 245
132 177
132 241
132 159
194 234
267 190
267 167
267 252
303 175
6 91
6 49
116 284
152 272
31 295
39 273
39 133
39 96
39 79
39 189
39 270
39 103
23 317
227 202
227 129
313 208
297 41
98 266
98 67
98 63
38 111
38 22
38 217
38 294
287 298
171 268
102 37
160 254
160 20
160 240
32 17
32 274
180 74
180 310
204 136
204 108
57 174
271 165
271 275
139 318
248 112
248 255
248 250
99 82
99 156
99 243
99 166
99 300
99 18
198 107
198 125
198 95
115 109
115 312
78 214
78 118
289 61
289 155
289 251
219 288
219 158
237 205
237 134
237 244
237 209
309 36
100 233
100 210
53 153
172 320
172 182
54 135
54 265
259 235
88 206
232 187
232 28
232 26
224 260
224 314
224 256
224 231
224 114
305 106
305 286
34 146
34 50
34 211
34 215
34 291
34 80
34 229
34 311
8 246
8 9
70 258
93 207
90 121
90 154
90 203
191 282
191 60
302 195
302 238
302 105
302 144
302 249
302 304
302 278
299 10
183 51
183 322
183 247
183 25
183 220
183 164
183 86
316 253
316 104
169 170
169 226
147 5
147 62
122 173
122 124
122 181
315 264
64 126
221 89
21 290
21 162
21 330
192 19
192 12
192 321
71 75
71 324
71 16
71 269
71 285
71 185
71 84
281 30
101 140
101 40
245 201
177 327
177 184
241 42
241 151
241 14
159 69
159 261
159 47
234 329
190 279
190 292
190 43
190 46
190 230
190 228
190 301
190 168
190 85
167 68
167 326
167 94
167 161
167 11
167 141
252 200
252 1
252 2
252 44
175 117
175 59
175 143
175 188
175 72
91 87
91 97
49 199
49 29
49 242
49 35
284 145
284 257
272 325
272 55
272 73
295 76
295 225
295 92
295 239
295 197
295 33
295 128
295 307
273 27
133 157
133 277
133 13
133 123
133 52
133 65
133 280
96 176
96 113
96 110
96 262
96 149
96 308
79 179
189 130
189 15
189 213
189 283
189 138
189 236
270 216
103 127
103 163
103 45
356 585979
102 213
213 272
213 219
272 250
219 38
250 40
250 274
38 203
38 196
38 253
38 183
40 48
40 334
274 224
274 73
274 300
274 201
274 346
274 106
274 251
274 112
274 327
203 341
203 231
196 208
253 15
183 329
183 13
48 173
48 234
48 85
48 1
48 178
48 260
334 75
334 154
334 181
334 296
334 147
224 277
73 214
300 113
300 32
201 86
201 165
201 316
346 326
346 325
346 240
346 270
346 180
346 157
106 150
106 311
251 57
251 28
251 10
112 167
112 130
112 336
112 171
112 347
327 49
327 338
341 205
341 64
341 153
341 221
341 342
341 82
231 91
231 294
231 273
231 88
208 229
208 176
208 317
208 72
15 216
15 94
329 257
13 69
13 3
13 344
173 47
234 232
234 320
234 140
85 19
85 354
85 2
85 323
85 228
85 278
1 276
1 247
1 108
178 288
260 287
75 59
154 156
154 324
154 188
154 41
154 330
181 143
181 236
296 279
147 220
277 87
277 120
214 177
113 27
113 210
113 127
113 170
32 104
32 335
86 312
86 132
86 159
86 7
86 318
86 14
86 307
165 109
316 194
316 125
316 115
316 189
326 239
326 166
325 62
325 4
325 35
325 264
240 117
240 351
240 68
270 5
180 22
180 337
157 350
157 33
150 93
150 308
311 195
57 29
28 269
10 304
10 291
10 259
10 53
10 44
167 164
130 175
336 30
336 297
336 184
336 192
336 149
336 267
171 245
171 235
171 172
171 162
347 9
49 121
49 110
49 211
49 65
49 119
49 289
49 191
49 246
49 241
338 97
338 136
338 286
338 100
205 295
205 54
205 107
205 145
205 36
205 148
64 126
64 55
153 263
153 284
153 161
153 67
153 238
221 285
342 58
342 116
342 11
342 160
342 135
342 74
342 215
342 242
342 63
82 244
82 331
82 190
82 81
82 141
82 223
82 249
91 283
294 202
294 299
273 275
273 262
273 21
273 80
273 96
273 187
88 66
229 103
176 98
176 152
317 322
317 301
317 124
317 226
317 292
317 266
72 298
72 137
72 18
72 118
216 230
216 46
94 71
257 255
69 77
3 353
3 76
3 37
344 133
344 155
47 25
47 174
232 186
232 6
320 209
320 24
320 131
320 179
140 50
140 352
19 78
19 233
19 340
354 56
354 105
354 303
354 52
2 144
323 12
323 281
228 134
228 212
228 193
228 43
228 252
278 290
276 349
247 248
247 328
247 293
247 34
108 151
108 101
108 254
108 333
288 99
287 310
59 31
59 348
59 23
156 51
156 198
156 61
156 345
156 185
156 138
156 142
156 16
156 83
324 256
188 42
41 306
41 261
41 8
41 204
41 70
330 168
143 271
236 197
279 339
220 218
87 321
87 315
87 92
87 356
120 309
120 222
177 199
177 163
27 313
27 314
27 265
27 17
27 332
27 343
210 122
127 258
127 90
127 280
127 128
127 89
170 123
104 45
104 146
104 139
104 206
335 169
335 225
335 114
312 268
312 227
312 39
132 217
132 355
159 305
159 237
7 84
7 60
7 182
7 200
7 158
7 95
7 20
318 243
318 282
318 302
318 207
14 319
307 26
109 111
194 79
194 129
