100
17 11
14 11
14 8
14 7
14 6
11 12
11 15
8 17
7 9
7 5
7 3
7 1
7 16
7 4
7 2
6 10
12 13
6 1000000000
4 1
4 6
3 5
3 2
5 1
18 12
10 16
10 2
10 13
10 1
10 14
16 8
16 15
16 4
16 17
16 6
16 7
16 11
2 18
2 3
2 12
2 5
2 9
17 133479
7 8
7 15
8 12
8 10
8 11
8 2
15 9
15 1
12 17
10 16
11 6
11 5
2 3
9 4
1 13
1 14
16 178799
6 13
6 12
6 7
6 15
6 14
6 8
6 2
6 11
13 5
13 9
13 3
13 1
13 4
13 10
12 16
16 999165753
11 16
11 1
11 3
11 12
11 6
11 2
11 9
11 15
16 14
1 5
1 10
1 13
3 7
12 8
12 4
16 678704
14 9
14 15
14 10
14 8
9 1
9 3
9 7
9 6
9 4
15 12
15 11
15 16
15 5
15 13
10 2
17 11
7 16
16 1
1 14
1 8
14 10
8 5
10 3
10 9
10 17
10 13
10 6
10 12
10 2
10 4
10 11
5 15
18 12
1 12
12 18
12 17
18 10
18 9
17 4
10 16
10 13
10 11
10 2
9 15
9 8
4 3
4 6
4 5
16 7
16 14
3 2
3 2
3 1
16 10
8 3
8 7
8 1
8 12
8 9
8 4
8 15
8 6
8 11
8 2
3 5
3 10
3 16
3 13
3 14
19 884356
10 17
10 1
10 19
17 18
1 15
19 8
18 14
18 5
18 4
18 2
15 11
15 13
15 16
15 9
15 6
8 12
8 3
8 7
5 3
5 1
5 2
3 1
3 4
17 402073
17 9
9 12
12 1
1 3
3 8
3 16
3 7
8 10
16 13
7 4
10 14
10 2
10 6
10 11
10 15
10 5
19 549147
16 11
16 13
16 9
16 15
16 8
16 18
11 14
11 2
11 10
11 5
11 7
11 17
13 3
13 4
13 12
13 1
13 19
9 6
6 4
5 1
5 3
5 6
4 1
4 2
20 999141501
13 20
13 9
13 6
13 3
13 4
20 1
20 7
20 14
20 8
20 10
9 16
9 19
9 17
9 11
9 5
9 12
6 15
6 2
6 18
16 65235
1 4
1 6
1 16
1 15
1 8
1 14
1 5
1 9
1 11
1 12
1 10
1 3
1 7
4 13
6 2
17 999664890
7 6
7 5
7 9
6 8
5 16
5 11
5 15
9 3
8 13
16 1
11 2
11 17
11 4
11 12
15 14
3 10
17 11
16 1
16 8
1 3
8 4
8 2
8 11
3 12
3 9
4 14
4 13
2 5
2 17
2 15
11 6
11 10
12 7
18 74476
8 17
8 7
8 5
17 2
17 14
17 11
17 10
17 9
7 15
5 3
5 6
5 1
2 12
2 18
14 16
14 4
11 13
5 3
4 2
4 1
4 5
2 3
5 3
3 1
3 5
3 4
3 2
16 10
6 7
6 15
6 10
6 1
6 12
6 13
6 3
6 4
6 14
6 11
6 16
6 9
7 2
7 8
15 5
16 943075
1 13
1 10
13 7
13 4
13 9
10 2
10 14
10 3
10 6
7 11
7 15
7 16
4 5
9 12
2 8
16 999030678
9 15
9 3
9 8
9 11
9 6
9 12
9 10
9 14
9 2
9 4
15 7
15 16
15 5
15 13
15 1
19 12
8 10
8 11
8 13
8 17
8 5
8 16
8 9
10 1
10 7
10 19
10 12
10 2
10 15
11 14
11 3
11 6
11 4
11 18
5 1000000000
3 4
3 2
3 5
4 1
6 4
1 2
1 3
1 5
2 4
3 6
2 1000000000
1 2
17 706824
13 9
13 10
13 17
13 3
13 14
9 4
9 1
9 5
9 6
10 2
17 16
17 12
17 8
17 7
17 15
3 11
4 1000000000
1 2
1 4
1 3
16 999718978
2 9
9 11
9 13
9 6
9 5
11 1
11 12
11 16
11 8
11 14
11 3
13 15
13 4
13 10
6 7
17 999953989
13 16
16 12
16 5
16 1
16 11
12 17
5 7
5 9
5 3
5 14
5 4
1 2
1 6
1 15
1 10
1 8
6 4
2 5
2 1
2 6
2 4
5 3
18 999709289
9 10
9 1
10 12
10 15
1 6
12 7
15 5
15 18
15 14
6 13
6 11
6 4
7 17
5 8
18 2
18 16
18 3
16 909915
3 12
3 5
3 8
12 1
12 9
12 6
12 13
12 11
5 15
5 2
8 16
1 4
1 14
1 10
1 7
19 308412
1 3
1 7
1 17
3 12
3 5
3 15
3 13
7 19
7 6
7 16
17 4
12 9
12 10
12 2
5 18
15 8
15 14
13 11
6 1000000000
1 4
1 3
1 5
4 6
3 2
17 947483
7 4
7 17
7 3
7 11
4 1
4 14
4 16
4 12
4 8
17 6
17 10
17 15
17 9
17 13
3 2
3 5
19 12
3 4
3 18
3 16
3 2
3 6
3 7
3 17
3 10
4 15
4 14
18 8
18 13
18 12
18 11
18 1
16 19
2 5
6 9
20 477861
5 16
16 9
16 3
9 6
3 19
6 18
6 10
19 2
18 13
18 1
18 11
10 7
2 12
2 20
13 4
1 17
1 8
1 14
1 15
6 1000000000
3 5
3 6
3 2
3 4
3 1
16 999467694
4 9
4 13
4 3
4 5
4 10
4 1
9 6
9 11
9 12
9 14
9 7
13 15
13 16
13 2
13 8
5 1000000000
2 4
2 3
5 4
5 1
6 1000000000
4 1
4 3
4 5
2 1
2 6
17 11
9 7
7 14
7 3
7 6
7 13
7 1
14 4
14 2
14 5
14 10
14 17
3 11
3 16
3 8
6 15
13 12
18 12
6 3
6 16
6 15
6 10
6 2
6 1
6 18
6 5
6 12
6 4
6 8
6 17
6 14
13 3
7 16
15 9
16 11
16 10
13 14
13 8
13 6
13 3
13 4
13 1
13 5
13 9
13 11
13 2
13 12
13 16
13 15
13 7
13 10
20 1000000000
4 11
4 6
4 2
4 16
4 5
4 18
11 9
11 13
11 15
11 19
11 1
11 12
11 20
11 14
6 8
6 3
6 10
6 17
6 7
20 13
1 14
1 19
1 13
1 11
14 10
14 12
14 3
14 2
19 7
19 9
19 16
13 5
13 20
13 6
11 8
11 4
11 17
11 18
11 15
20 999130607
13 8
8 17
8 16
17 19
16 9
16 6
19 12
19 5
9 4
6 2
6 10
12 7
5 14
5 11
4 15
4 3
2 1
10 18
10 20
16 10
1 13
1 11
13 10
11 8
11 6
11 7
10 15
10 9
10 3
8 16
6 2
6 14
6 5
6 12
6 4
20 999610925
10 14
10 17
10 3
10 9
10 1
10 16
14 13
14 7
14 6
14 19
14 12
17 2
17 11
17 18
3 20
3 5
3 8
3 15
3 4
16 402552
13 6
6 7
6 12
6 8
6 5
6 15
6 10
7 14
7 4
12 16
8 11
5 3
5 9
15 1
15 2
4 2
1 3
1 2
1 4
20 224986
8 10
8 7
8 1
8 2
8 6
8 16
8 12
8 15
8 4
10 19
10 9
10 5
10 20
10 17
7 3
7 11
7 14
1 13
1 18
17 999502230
1 16
1 4
16 14
16 17
16 9
16 13
4 2
4 3
4 12
4 6
4 11
4 10
4 5
14 8
17 7
17 15
16 999348504
8 9
8 1
9 11
9 6
1 4
1 14
1 3
11 7
6 15
4 13
4 12
4 2
14 5
14 10
3 16
6 4
6 5
6 2
6 3
6 4
6 1
18 999966322
16 13
16 18
16 8
16 6
16 15
16 17
16 14
16 3
16 11
16 7
16 12
16 2
16 1
16 5
16 10
16 9
13 4
17 4979
9 1
9 5
9 7
9 12
9 8
9 16
1 10
1 14
5 6
5 2
5 15
5 4
7 17
7 11
7 3
7 13
18 999589842
18 5
18 10
18 1
18 13
18 17
5 15
5 8
5 4
5 3
5 7
10 9
10 6
10 12
1 11
1 16
1 2
1 14
17 739099
10 5
10 8
10 1
10 2
10 15
10 3
10 6
10 17
10 12
10 7
10 14
10 4
10 13
5 16
8 9
8 11
17 11
8 14
14 3
14 7
14 15
14 9
14 17
14 12
3 2
3 11
3 16
3 5
3 4
7 10
7 6
7 13
7 1
20 631775
20 15
20 6
20 10
20 14
20 9
20 8
20 1
20 19
20 17
20 11
15 13
15 18
15 16
15 3
15 7
6 2
6 12
6 4
6 5
20 191995
7 10
7 11
10 15
10 9
10 6
10 16
10 13
10 12
10 4
10 3
10 1
10 2
10 8
10 20
10 14
10 19
10 5
10 17
11 18
19 12
19 3
19 8
19 2
19 18
19 9
19 5
19 12
19 11
19 1
19 16
19 4
19 6
19 14
19 7
19 17
19 15
19 10
3 13
20 479121
20 1
20 2
20 9
20 12
20 3
20 17
20 7
20 16
1 8
1 6
1 18
1 15
1 4
1 19
1 11
1 13
2 10
2 5
9 14
18 12
6 7
6 9
6 13
6 16
6 1
7 10
7 14
7 2
7 12
9 18
9 11
9 8
9 3
9 5
13 17
16 15
16 4
6 4
4 1
4 2
4 5
1 6
1 3
19 12
18 9
18 8
18 12
18 15
18 7
9 11
9 3
9 5
9 19
9 14
8 1
8 17
8 16
8 4
8 6
12 13
12 10
12 2
6 4
3 1
3 4
5 2
5 6
2 1
19 12
2 9
2 6
2 11
2 16
2 1
2 13
9 15
9 17
9 3
9 10
9 12
6 7
6 19
6 5
11 4
11 8
11 18
11 14
20 999538267
1 14
1 7
1 9
1 16
1 10
1 8
1 19
1 18
1 5
1 13
1 17
1 15
1 12
1 2
1 3
14 11
14 20
14 4
7 6
2 1
1 2
20 13
11 1
11 10
1 13
10 15
10 9
13 6
13 4
13 5
13 16
13 14
13 20
13 12
15 3
15 2
9 17
9 19
9 8
9 7
9 18
19 999217712
4 18
4 6
18 7
18 16
6 8
6 12
6 5
6 1
6 13
7 10
7 3
7 9
7 11
7 2
7 19
16 17
16 15
16 14
18 720445
10 14
10 2
10 17
10 16
10 18
14 13
14 8
14 1
14 9
14 4
14 5
14 15
14 6
14 7
2 3
17 12
17 11
18 12
2 5
2 9
2 3
5 10
5 11
5 18
5 6
9 12
9 16
9 14
9 17
9 8
3 7
3 13
3 4
3 1
3 15
19 12
10 7
10 9
7 2
9 3
9 19
9 16
9 11
2 12
3 13
3 14
19 4
19 18
19 1
19 15
19 6
16 17
11 5
11 8
4 1000000000
3 4
3 2
4 1
16 10
12 13
12 5
12 11
13 7
13 14
13 6
13 15
13 16
13 4
5 3
11 10
11 2
11 9
7 1
14 8
20 1000000000
7 11
11 4
11 18
11 14
11 16
4 8
18 5
18 2
14 12
14 13
16 9
16 3
16 19
8 15
8 20
5 6
5 1
2 10
2 17
16 181327
1 10
10 6
10 15
10 7
6 13
6 4
15 8
7 12
7 14
7 3
7 9
7 11
7 2
7 16
13 5
20 999975194
4 5
4 6
4 8
4 20
5 1
5 9
5 7
5 18
5 16
5 19
6 17
6 12
6 14
6 15
6 11
6 13
8 3
20 10
20 2
6 1000000000
2 4
2 6
2 5
2 3
4 1
3 1000000000
3 1
3 2
6 1000000000
1 2
1 5
1 4
2 6
2 3
20 999109264
20 19
20 16
20 2
19 3
16 8
16 10
2 14
2 11
2 18
3 15
3 6
3 12
3 7
3 4
3 9
3 17
8 5
8 13
10 1
5 1000000000
3 4
3 2
3 5
3 1
18 12
15 14
15 17
15 2
15 4
15 18
15 6
15 13
15 8
15 1
14 11
17 7
17 9
17 5
17 10
2 3
2 12
4 16
20 999935802
20 13
20 7
20 16
20 11
20 5
20 4
20 19
20 10
20 15
20 2
20 1
20 18
20 6
13 12
13 8
13 17
13 14
13 3
13 9
19 178924
4 14
4 16
4 9
4 18
4 7
4 1
4 11
4 19
4 17
4 5
4 15
4 6
4 3
4 8
4 10
4 2
4 13
4 12
4 2
1 3
1 2
3 4
18 916383
14 6
14 4
14 1
6 16
6 10
6 7
4 15
4 3
4 13
1 8
1 5
1 17
1 12
1 18
16 2
16 9
16 11
18 12
5 18
5 16
5 7
18 15
18 3
18 1
18 4
18 10
16 8
16 9
7 17
7 2
7 13
7 6
7 12
7 11
15 14
18 410056
16 9
16 15
16 5
9 1
9 17
15 11
15 4
15 6
5 10
5 8
5 7
5 18
5 13
5 3
5 12
5 2
1 14
19 413339
16 10
10 4
10 9
10 6
4 17
9 2
9 11
9 8
6 12
17 1
2 3
11 14
8 15
8 7
8 5
12 18
1 13
1 19
20 326196
8 11
8 12
8 3
8 9
8 15
11 1
11 20
11 4
11 17
11 18
12 7
12 19
12 14
12 6
12 13
12 5
3 16
3 10
3 2
