1

654329 4
81790 755459
1 588891
572631 1 72704 1

915447 2
1 1
219863374429 222355566321
91823 1 226166445170 988223

5401559338732941832723930752093576315558988715075164372302931362287291372447537755229174 3
197968809453871226769463224900486281508091704953173314470265928596027577661 8904448929937721536410776497536956393207393095140081089640396911842382013332058379677751893606900151
9094966952343 9828163431900599343358184004365840678931323504550886696016644428608421756226673671452275949503663405
2966932250713986449482777323431321086934192573403220877232953417314128285253396491682857 2 1080311867746588366544786150418715263111797743015032874460586272457458274493145537826772 2



142513 3
377 723167
63 525077
138485 2 40763 1

654329 4
81790 1
1 588891
572631 1 72704 1

100 100
12 1
3 100
50 50 4 100

1
142513 3
377 1
63 525077
138485 2 40763 1

999999 2
1 1
999989 999989
499999 1 -999998 4
499176 5
8 5
943578542518 553249868509
436321 3 792202877227 369037

915447 2
1 1
219863374429 222355566321
91823 1 226166445170 988223

12 3
1 3
3 1
1 1 2 4

915447 2
1 1
219863374429 222355566321
91823 1 226166445170 988223

11 10
1 1
10 10
5 5 1 10

6 4
1 2
3 1
5 1 4 8

915447 2
1 1
219863374429 222355566321
91823 1 226166445170 988223

654329 4
81790 755459
1 588891
572631 1 72704 1

142513 3
377 723167
63 525077
138485 2 40763 1



4
6 4
1 2
3 1
5 1 4 8
12 3
3 1
2 3
1 1 2 4

12 2
1 2
10 2
3 1 13 4
