100
3
2 1 3
1
1
3
3 2 1
300
290 289 288 287 300 299 298 297 296 295 294 293 292 291 286 285 284 283 282 281 280 279 278 277 276 275 274 273 272 271 270 269 268 267 266 265 264 263 262 261 260 259 258 257 256 255 254 253 252 251 250 249 248 247 246 245 244 243 242 241 240 239 238 237 236 235 234 233 232 231 230 229 228 227 226 225 224 223 222 221 220 219 218 217 216 215 214 213 212 211 210 209 208 207 206 205 204 203 202 201 200 199 198 197 196 195 194 193 192 191 190 189 188 187 186 185 184 183 182 181 180 179 178 177 176 175 174 173 172 171 170 169 168 167 166 165 164 163 162 161 160 159 158 157 156 155 154 153 152 151 150 149 148 147 146 145 144 143 142 141 140 139 138 137 136 135 134 133 132 131 130 129 128 127 126 125 124 123 122 121 120 119 118 117 116 115 114 113 112 111 110 109 108 107 106 105 104 103 102 101 100 99 98 97 96 95 94 93 92 91 90 89 88 87 86 85 84 83 82 81 80 79 78 77 76 75 74 73 72 71 70 69 68 67 66 65 64 63 62 61 60 59 58 57 56 55 54 53 52 51 50 49 48 1 46 45 44 43 42 41 40 39 38 37 36 35 34 33 32 31 30 29 28 27 26 25 24 23 22 21 20 19 18 17 16 15 14 13 12 11 10 9 8 7 6 5 4 3 2 47
300
299 298 297 296 295 294 293 292 291 290 289 288 287 286 285 284 283 282 281 280 279 278 277 276 275 274 273 272 271 270 269 268 267 266 265 264 263 262 261 260 259 258 257 256 255 254 253 252 251 250 249 248 247 246 245 244 243 242 241 240 239 238 237 300 236 235 233 232 231 228 225 221 220 230 229 227 226 224 223 222 219 218 217 216 215 214 234 213 212 211 210 209 199 207 206 205 204 203 202 208 201 200 198 197 196 195 191 194 193 192 190 189 188 187 186 185 184 183 182 180 179 178 177 176 181 175 174 172 171 173 170 169 168 167 166 165 164 163 162 161 159 158 157 160 156 155 154 153 152 150 149 151 148 147 146 145 144 143 142 141 140 139 138 137 136 135 134 133 132 130 129 128 127 126 131 125 124 123 122 121 120 119 118 117 115 114 113 112 111 110 109 108 107 104 116 106 105 103 102 101 100 99 98 97 96 94 95 93 92 91 90 89 88 87 86 85 83 82 81 80 79 78 77 84 76 75 74 73 72 71 70 69 67 66 65 64 63 62 61 60 59 58 57 51 49 56 46 55 54 53 52 50 68 48 47 45 44 43 42 40 39 41 38 37 36 35 34 33 32 30 29 28 27 26 25 31 24 23 22 20 19 18 17 16 15 21 14 13 12 11 10 9 8 7 6 5 4 3 2 1
300
262 204 242 155 233 56 230 131 221 133 229 22 13 269 140 257 287 189 162 61 27 290 248 216 193 116 84 31 275 154 250 252 112 280 206 195 9 118 180 8 240 270 187 21 19 92 261 89 3 245 205 18 222 52 51 166 279 30 2 253 6 145 259 45 267 81 225 273 234 274 109 68 214 218 144 42 223 23 129 35 198 208 176 69 53 163 63 90 10 28 5 17 16 87 114 152 243 86 278 209 241 74 188 12 235 82 142 62 40 57 213 300 150 247 104 128 147 265 73 139 78 237 196 251 26 178 111 231 36 1 119 105 298 50 185 186 190 227 115 76 294 121 37 120 44 153 256 136 7 39 299 297 296 295 293 292 291 4 288 286 285 284 283 282 281 277 276 272 271 268 266 264 263 260 258 255 254 249 246 244 239 238 236 232 228 226 224 220 219 217 215 212 211 210 207 203 202 201 200 199 197 194 192 191 184 183 182 181 179 177 175 174 173 172 171 170 169 168 167 165 164 161 160 159 158 157 156 151 149 148 146 143 141 138 137 135 134 132 130 127 126 125 124 123 122 117 113 110 108 107 106 103 102 101 100 99 98 97 96 95 94 93 91 88 85 83 80 79 77 75 72 71 70 67 66 65 64 60 59 58 55 54 49 48 47 46 43 41 38 34 33 32 29 25 24 20 15 14 11 289
300
299 298 297 296 295 294 293 292 291 290 289 288 287 286 285 284 283 282 281 280 279 278 277 276 275 274 273 272 271 270 269 268 267 266 265 264 263 262 261 260 259 258 257 256 255 254 253 252 251 250 249 248 247 246 245 244 243 242 241 240 239 238 237 236 235 234 233 232 231 230 229 228 227 226 225 224 223 222 221 220 219 218 217 216 215 214 213 212 211 210 209 208 207 206 205 204 203 202 201 200 199 198 197 196 195 194 193 192 191 190 189 188 187 186 185 184 183 182 181 180 179 178 177 176 175 174 173 172 171 170 169 168 167 166 165 164 163 162 161 160 159 158 157 156 155 154 153 152 151 150 149 148 147 146 145 144 143 142 141 140 139 138 137 136 135 134 133 132 131 130 129 128 127 126 125 124 123 122 121 120 119 118 117 116 115 114 113 112 111 110 109 108 107 106 105 104 103 102 101 100 99 98 97 96 95 94 93 92 91 90 89 88 87 86 85 84 83 82 81 80 79 78 77 76 75 74 73 72 71 70 69 68 67 66 65 64 63 62 61 60 59 58 57 56 55 54 53 52 51 50 49 48 47 46 45 44 43 42 41 40 39 38 37 36 35 34 33 32 31 30 29 28 27 26 25 24 23 22 21 20 19 18 17 16 15 14 13 12 11 10 9 8 7 6 5 4 3 2 300 1
300
103 150 99 207 271 291 219 90 258 289 101 275 148 277 285 232 195 44 2 168 198 262 144 194 179 57 177 269 31 187 166 102 213 3 238 217 127 29 119 153 67 264 201 266 278 211 20 265 233 43 297 212 218 128 299 51 173 298 6 33 94 249 135 248 220 21 138 78 118 106 111 24 190 112 146 107 41 121 36 189 183 32 16 15 85 205 120 295 49 229 30 170 263 276 209 208 114 282 175 113 152 98 137 184 110 171 260 19 1 283 160 59 251 93 274 95 63 253 105 224 287 69 257 181 165 130 84 261 62 66 22 132 68 174 79 109 172 246 70 58 65 122 157 280 75 46 250 53 38 215 300 296 294 293 292 290 288 286 284 281 279 273 272 270 268 267 259 256 255 254 252 247 245 244 243 242 241 240 239 237 236 235 234 231 230 228 227 226 225 223 222 221 216 214 210 206 204 203 202 200 199 197 196 193 192 191 188 186 185 182 180 178 176 169 167 164 163 162 161 159 158 156 155 154 151 149 147 145 143 142 141 140 139 136 134 133 131 129 126 125 124 123 117 116 115 108 104 100 97 96 92 91 89 88 87 86 83 82 81 80 77 76 74 73 72 71 64 61 60 56 55 54 52 50 48 47 45 42 40 39 37 35 34 28 27 26 4 23 18 17 14 13 12 11 10 9 8 7 5 25
300
299 298 297 296 295 294 293 292 291 300 290 289 288 287 286 285 283 282 281 280 279 278 277 276 275 274 273 284 272 271 269 268 267 266 265 263 264 262 261 260 259 258 257 256 255 254 253 252 251 250 249 270 247 246 245 244 243 242 241 240 239 238 248 237 236 235 234 233 232 231 230 228 227 226 225 224 223 222 221 220 219 229 218 217 216 215 214 213 212 211 210 209 208 207 206 204 205 203 202 201 199 198 197 196 195 194 193 192 200 191 190 189 188 187 186 185 184 182 181 183 180 171 178 177 176 175 174 173 172 170 169 168 167 166 165 164 163 162 161 160 179 159 158 157 156 155 154 153 152 151 150 149 147 146 145 144 143 142 141 140 139 138 137 136 135 134 133 132 131 148 130 128 127 126 129 125 124 123 122 121 120 119 118 117 116 115 114 113 112 111 110 109 108 107 106 105 104 98 102 101 100 99 97 96 95 94 103 93 92 91 90 89 87 86 85 84 83 82 81 80 79 78 77 76 75 74 73 72 71 70 69 68 67 66 65 64 63 62 61 60 59 58 57 56 55 54 53 88 52 51 50 49 47 46 45 44 43 42 41 40 39 38 37 36 35 34 33 32 31 30 48 29 28 27 25 24 23 22 21 20 19 18 17 16 15 14 26 13 12 11 10 9 8 7 6 5 4 3 2 1
300
299 298 297 296 295 294 293 292 291 290 289 288 287 286 285 284 283 282 281 280 279 278 277 276 275 274 273 272 271 270 269 268 267 266 265 264 263 262 261 260 259 258 257 256 255 254 253 252 251 250 249 248 247 246 245 244 243 242 241 240 239 238 237 236 235 234 233 232 231 230 229 228 227 226 225 224 223 222 221 220 219 218 217 216 215 214 213 212 211 210 209 208 207 206 205 204 203 202 201 200 199 198 197 196 195 194 193 192 191 190 189 188 187 186 185 184 183 182 181 180 179 178 177 176 175 174 173 172 171 170 169 168 167 166 165 164 163 162 161 160 159 158 157 156 155 154 153 152 300 151 150 149 148 147 145 144 143 142 135 141 140 139 138 137 136 134 133 132 131 130 129 128 127 126 125 124 146 123 122 121 120 119 118 117 116 115 114 113 112 111 110 109 108 107 106 105 104 103 102 101 100 99 98 97 96 95 94 93 92 91 90 89 88 87 86 84 83 82 85 81 80 78 77 76 75 74 73 72 71 70 69 68 67 66 65 64 63 60 62 61 79 58 57 59 56 55 54 52 51 50 49 48 47 46 45 44 43 42 41 40 39 53 38 37 36 34 33 32 31 30 29 28 27 26 25 24 35 23 22 21 20 18 17 16 15 14 13 19 12 11 10 9 7 6 5 4 3 2 1 8
300
116 300 298 297 299 296 295 294 293 292 291 290 289 288 287 286 285 284 283 281 280 271 279 278 277 276 275 274 273 272 282 269 268 267 266 265 264 263 262 261 260 259 270 258 257 256 255 254 253 252 251 250 249 248 247 245 244 243 242 241 240 239 238 237 236 235 234 233 232 231 230 229 228 227 219 226 246 225 224 223 222 221 215 220 218 217 216 214 213 212 211 210 209 208 207 205 204 203 202 201 200 199 198 197 196 206 195 194 185 192 193 191 190 189 180 178 187 186 184 183 188 182 181 179 177 176 175 167 143 174 173 172 171 170 169 161 168 166 165 163 162 160 159 158 157 156 155 154 153 152 151 150 149 148 145 147 146 144 164 142 141 140 139 138 137 136 135 134 133 132 131 130 129 128 127 126 125 124 122 121 120 119 118 123 117 107 114 113 112 111 110 109 108 106 105 104 103 102 101 115 100 99 98 97 95 94 93 92 91 90 89 96 88 87 86 85 84 83 82 81 80 78 77 79 76 75 74 73 72 71 70 69 68 66 65 64 63 62 61 60 59 67 58 57 56 55 54 53 52 51 50 49 48 47 46 45 36 44 42 41 40 39 38 37 35 34 31 33 32 30 29 28 27 26 25 24 23 22 17 43 21 20 19 18 16 15 14 13 12 11 10 9 7 6 5 4 3 2 1 8
300
300 299 298 297 296 295 294 293 292 291 290 289 288 287 286 285 284 283 282 281 280 279 278 277 276 275 274 273 272 271 270 269 268 267 266 265 264 263 262 261 260 259 258 257 256 255 254 253 252 251 250 249 248 247 246 245 244 243 242 241 240 239 238 237 236 235 234 233 232 231 230 229 228 227 226 225 224 223 222 221 220 219 218 217 216 215 214 213 212 211 210 209 208 207 206 205 204 203 202 201 200 199 198 197 196 195 194 193 192 191 190 189 188 187 186 185 184 183 182 181 180 179 178 177 176 175 174 173 172 171 170 169 168 167 166 165 164 163 162 161 160 159 158 157 156 155 154 153 152 151 150 149 148 147 146 145 144 143 142 141 140 139 138 137 136 135 134 133 132 131 130 129 128 127 126 125 124 123 122 121 120 119 118 117 116 115 114 113 112 111 110 109 108 107 106 105 104 103 102 101 100 99 98 97 96 95 94 93 92 91 90 89 88 87 86 85 84 83 82 81 80 79 78 77 76 75 74 73 72 71 70 69 68 67 66 65 64 63 62 61 60 59 58 57 56 55 54 53 52 51 50 49 48 47 46 45 44 43 42 41 40 39 38 37 36 35 34 33 32 31 30 29 28 27 26 25 24 23 22 21 20 19 18 17 16 15 14 13 12 11 10 9 8 7 6 5 4 3 1 2
300
299 298 297 296 295 294 293 292 291 290 289 288 287 286 285 284 283 282 281 280 279 278 277 276 275 274 273 272 271 270 269 268 267 266 265 264 263 262 261 260 259 258 257 256 255 254 253 252 251 250 249 248 247 246 245 244 243 242 241 240 239 238 237 236 235 234 233 232 231 230 229 228 227 226 225 224 223 222 221 220 219 218 217 216 215 214 213 212 211 210 209 208 207 206 205 204 203 202 201 200 199 198 197 196 195 194 193 192 191 190 189 188 187 186 185 184 183 182 181 180 179 178 177 176 175 174 173 172 171 170 169 168 167 166 165 164 163 162 161 160 159 158 157 156 155 154 153 152 151 150 149 148 147 146 145 144 143 142 141 140 139 138 137 136 135 134 133 132 131 130 129 128 127 126 125 124 123 122 121 120 119 118 117 116 115 114 113 112 111 110 109 108 107 106 105 104 103 102 101 100 99 98 97 96 95 94 93 92 91 90 89 88 87 86 85 84 83 82 81 80 79 78 77 76 75 74 72 71 70 69 68 67 66 65 64 63 62 61 60 59 58 57 56 55 54 53 52 51 50 49 48 47 46 45 44 43 42 41 40 39 38 37 36 35 34 33 32 31 30 29 28 27 26 25 24 23 22 21 20 19 18 17 16 15 14 13 12 11 10 9 8 7 6 5 4 3 2 1 300 73
300
299 298 297 296 295 294 293 292 291 290 289 288 287 286 285 284 283 282 281 280 279 278 277 276 275 274 273 272 271 270 269 268 267 266 265 264 263 262 261 260 259 258 257 256 255 254 253 252 251 250 249 248 247 246 245 244 243 242 241 240 239 238 237 236 235 234 233 232 231 230 229 228 227 226 225 224 223 222 221 220 219 218 217 216 215 214 213 212 211 210 209 208 207 206 205 204 203 202 201 200 199 198 197 196 195 194 193 192 191 190 189 188 187 186 185 184 183 182 181 180 179 178 177 176 175 174 173 172 171 170 169 168 167 166 165 164 163 162 161 160 159 158 157 156 155 154 153 152 151 150 149 148 147 146 145 144 143 142 141 140 139 138 137 136 135 134 133 132 131 130 129 128 127 126 125 124 123 122 121 120 119 117 116 115 114 113 112 111 110 109 108 107 106 105 104 103 102 101 100 99 98 97 96 95 94 93 92 91 300 90 89 88 87 86 85 84 83 82 81 75 80 72 79 78 77 76 74 73 70 69 71 68 67 66 65 64 63 62 61 60 59 58 57 56 55 54 52 53 51 50 49 47 46 45 44 43 42 48 41 32 39 38 37 29 40 36 35 33 31 30 34 28 27 26 25 24 23 22 21 20 19 18 17 16 15 14 13 12 11 10 9 8 7 6 5 3 2 1 4 118
300
297 129 300 299 298 295 294 293 296 292 291 290 289 287 286 285 284 283 282 288 281 280 279 278 277 276 275 274 273 272 271 270 269 268 267 265 264 263 262 261 260 259 258 257 266 256 255 254 253 252 251 250 249 248 247 245 244 243 242 241 240 239 238 246 237 236 235 234 233 232 230 229 228 227 226 225 224 223 222 221 220 219 231 211 217 216 215 214 213 212 203 218 210 209 208 207 206 205 204 201 200 199 198 197 196 195 194 193 192 191 190 202 188 187 189 186 184 183 182 185 181 179 178 177 176 175 174 173 172 171 170 169 168 167 180 166 165 164 154 162 163 161 160 159 158 157 156 155 153 152 151 150 148 147 146 145 144 143 142 149 141 137 139 138 136 140 135 134 133 132 131 130 128 127 126 125 124 123 122 121 120 118 117 116 115 114 113 112 111 110 109 119 108 107 106 105 104 103 102 101 100 98 97 96 93 95 94 92 91 90 89 88 87 80 26 99 86 85 84 83 82 81 79 78 77 76 75 74 73 72 71 70 69 67 63 66 65 64 59 62 61 60 58 57 56 55 54 53 52 51 50 45 68 49 48 47 46 44 43 42 41 40 38 37 36 35 34 33 32 31 30 29 39 28 27 25 24 23 22 21 20 19 18 15 17 14 13 12 8 16 10 9 7 6 5 2 11 3 1 4
300
299 298 297 296 295 294 293 292 291 290 289 288 287 286 285 284 283 282 281 280 279 278 277 276 275 274 273 272 271 270 269 268 267 266 265 264 263 262 261 260 259 258 257 256 255 254 253 252 251 250 249 248 247 246 245 244 243 300 241 240 239 236 238 237 235 234 233 232 231 230 229 228 227 226 225 224 223 222 221 220 219 218 217 216 211 215 214 213 212 210 209 208 207 206 242 204 203 202 201 200 199 198 197 205 196 195 194 193 192 191 190 189 188 187 186 185 180 183 182 181 179 178 177 176 175 174 173 172 171 170 169 168 167 166 184 165 164 163 161 160 159 158 157 156 155 162 154 153 152 151 150 149 147 146 145 144 143 142 141 140 148 138 137 136 135 134 133 132 131 130 129 139 127 126 125 124 123 122 121 120 119 118 117 116 115 114 113 112 128 111 110 109 108 107 106 105 104 103 102 101 100 99 98 97 95 94 93 96 92 91 90 89 88 87 86 85 84 75 82 81 80 83 79 78 77 76 74 73 72 71 70 69 68 67 65 64 66 63 62 61 60 59 58 52 56 55 54 53 51 50 49 48 47 46 57 45 44 42 43 41 40 39 38 37 36 35 34 33 32 31 30 29 28 27 26 24 23 22 21 20 19 18 17 16 25 14 13 12 11 10 9 8 7 6 5 15 4 3 2 1
6
2 1 4 3 5 6
300
299 298 297 296 295 294 293 292 291 290 289 288 287 286 285 284 283 282 281 280 279 278 277 276 275 274 273 272 271 270 269 268 267 266 265 264 263 262 261 260 259 258 257 256 255 254 253 252 251 250 249 248 247 246 245 244 243 242 241 240 239 238 237 236 235 234 233 232 231 230 229 228 227 226 225 224 223 222 221 220 219 218 217 216 215 214 213 212 211 210 209 208 207 206 205 204 203 202 201 200 199 198 197 196 195 194 193 192 191 190 189 188 187 186 185 184 183 182 181 180 179 178 177 176 175 174 173 172 171 170 169 168 167 166 165 164 163 162 161 160 159 158 157 156 155 154 153 152 151 150 149 148 147 146 145 144 300 142 141 140 139 138 137 136 135 134 133 130 131 129 85 143 132 128 127 126 125 124 123 122 121 120 119 110 117 116 118 115 114 113 112 111 109 108 107 103 106 105 101 102 100 99 98 97 96 95 94 93 92 91 90 89 88 87 86 84 83 82 104 81 80 79 78 77 75 74 73 65 42 72 76 71 70 69 68 57 67 66 64 63 61 60 59 58 56 55 54 53 52 51 47 62 50 49 48 46 45 44 43 41 40 39 37 36 35 34 38 32 31 33 30 28 27 26 25 29 24 23 22 21 20 19 18 17 13 15 14 12 11 10 16 9 6 5 4 3 2 1 7 8
300
259 237 256 78 192 29 244 98 279 138 10 263 181 83 11 108 45 156 42 50 258 179 68 294 173 261 133 243 185 12 65 76 46 64 61 233 123 231 37 148 4 241 2 101 206 255 5 209 129 290 195 28 152 193 166 94 7 107 222 81 60 33 122 127 18 96 155 226 257 232 109 52 91 147 90 131 188 223 197 287 254 134 104 229 9 70 171 298 23 186 286 150 6 88 180 300 189 145 264 239 69 82 117 242 56 99 182 67 121 227 120 143 262 213 201 285 55 198 53 79 202 49 130 62 24 272 295 75 200 14 296 116 225 92 167 249 35 38 86 132 58 141 183 113 194 19 149 168 63 153 299 297 293 292 291 289 288 284 283 282 281 280 278 277 276 275 274 273 271 270 269 268 267 266 265 260 253 252 251 250 248 247 246 245 240 238 236 235 234 230 228 224 221 220 219 218 217 216 215 214 212 211 210 208 207 205 204 203 199 196 191 190 187 184 178 177 176 175 174 172 170 169 165 164 163 162 161 160 159 158 157 154 151 146 144 142 140 139 137 136 135 128 126 125 124 119 118 115 114 112 111 110 106 105 103 102 100 97 95 93 89 87 85 84 80 77 74 73 72 1 66 59 57 54 51 48 47 44 43 41 40 39 36 34 32 31 30 27 26 25 22 21 20 17 16 15 13 8 3 71
300
42 260 154 218 44 98 248 241 73 7 234 49 227 197 289 23 264 170 175 129 43 168 71 224 203 8 256 10 25 80 41 64 96 287 108 72 130 104 82 236 144 254 200 147 68 176 116 183 102 125 6 185 9 169 299 191 278 167 51 128 262 290 232 50 134 78 288 216 136 243 157 81 209 205 75 247 3 253 126 211 271 138 244 283 284 213 1 30 273 27 196 199 100 210 225 160 153 39 111 86 190 35 34 233 31 22 295 298 117 145 242 54 229 186 261 255 99 252 181 228 141 142 151 133 28 259 161 194 63 163 268 70 263 135 38 277 87 193 202 223 101 220 282 40 140 280 146 179 12 274 300 297 296 294 293 292 291 286 285 281 279 276 275 272 270 269 267 266 265 258 257 251 250 249 246 245 240 239 238 237 235 231 230 226 222 221 219 217 215 214 212 208 207 206 204 201 198 195 192 189 188 187 184 182 180 178 177 174 173 172 171 166 165 164 162 159 158 156 155 152 150 149 148 2 139 137 132 131 127 124 123 122 121 120 119 118 115 114 113 112 110 109 107 106 105 103 97 95 94 93 92 91 90 89 88 85 84 83 79 77 76 74 69 67 66 65 62 61 60 59 58 57 56 55 53 52 48 47 46 45 37 36 33 32 29 26 24 21 20 19 18 17 16 15 14 13 11 5 4 143
300
1 2 3 4 5 6 7 8 9 10 11 12 13 14 15 16 17 18 19 20 21 22 23 24 25 26 27 28 29 30 31 32 33 34 35 36 37 38 39 40 41 42 43 44 45 46 47 48 49 50 51 52 53 54 55 56 57 58 59 60 61 62 63 64 65 66 67 68 69 70 71 72 73 74 75 76 77 78 79 80 81 82 83 84 85 86 87 88 89 90 91 92 93 94 95 96 97 98 99 100 101 102 103 104 105 106 107 108 109 110 111 112 113 114 115 116 117 118 119 120 121 122 123 124 125 126 127 128 129 130 131 132 133 134 135 136 137 138 139 140 141 142 143 144 145 146 147 148 149 150 151 152 153 154 155 156 157 158 159 160 161 162 163 164 165 166 167 168 169 170 171 172 173 174 175 176 177 178 179 180 181 182 183 184 185 186 187 188 189 190 191 192 193 194 195 196 197 198 199 200 201 202 203 204 205 206 207 208 209 210 211 212 213 214 215 216 217 218 219 220 221 222 223 224 225 226 227 228 229 230 231 232 233 234 235 236 237 238 239 240 241 242 243 244 245 246 247 248 249 250 251 252 253 254 255 256 257 258 259 260 261 262 263 264 265 266 267 268 269 270 271 272 273 274 275 276 277 278 279 280 281 282 283 284 285 286 287 288 289 290 291 292 293 294 295 296 297 298 299 300
300
300 299 297 296 295 294 293 292 291 290 289 288 287 286 285 284 283 298 282 281 280 279 278 277 275 274 273 272 271 270 269 268 267 266 265 264 263 262 261 260 259 258 257 256 276 255 254 253 252 251 249 248 247 246 245 244 243 242 250 241 240 239 237 236 235 238 234 233 232 231 230 229 228 227 226 225 224 223 221 220 219 218 217 216 222 215 214 212 211 210 209 208 207 206 205 204 203 202 201 200 199 198 197 196 213 195 194 193 192 191 190 189 187 186 185 188 183 182 181 180 179 178 177 176 175 174 173 172 171 170 169 168 167 164 158 159 184 166 163 162 161 160 157 156 155 154 153 152 151 150 149 148 147 146 145 144 143 142 165 141 140 139 138 137 136 135 134 133 132 131 130 129 128 126 58 125 127 124 123 121 122 120 119 118 117 116 115 114 113 112 111 110 109 108 107 106 105 104 103 102 101 100 99 98 97 96 95 94 93 92 91 90 89 88 87 86 85 83 82 84 81 80 79 78 77 75 76 74 73 72 71 70 69 68 67 66 65 64 63 62 61 60 57 56 55 54 53 52 50 51 49 48 47 46 44 43 42 41 40 39 38 37 36 35 34 45 33 32 30 29 28 27 26 25 24 23 22 21 20 19 18 17 16 15 31 13 12 11 10 9 8 7 6 5 4 3 2 1 14 59
300
300 299 298 296 295 294 293 292 291 290 289 297 288 287 286 285 284 283 282 280 279 278 277 276 275 274 273 272 271 281 270 268 264 269 267 257 265 263 262 261 260 259 258 256 255 254 253 252 251 250 249 248 247 246 245 244 243 242 266 241 240 239 238 237 236 235 234 233 231 230 229 228 227 220 226 225 215 222 232 224 221 219 218 217 216 150 214 213 212 211 210 209 208 207 223 206 205 204 203 202 201 200 199 198 197 196 195 193 192 191 190 189 188 187 186 185 184 183 182 181 172 38 180 179 178 177 194 176 175 174 173 170 169 168 97 171 167 166 165 164 162 161 160 159 158 157 156 155 154 153 152 151 149 163 148 146 145 144 143 142 141 140 139 138 147 137 136 135 134 132 131 130 129 128 133 122 127 126 125 124 123 121 120 119 118 117 116 115 114 113 112 111 110 109 108 107 106 105 104 103 102 101 99 98 96 100 95 94 92 91 90 89 88 87 86 85 84 83 82 81 93 80 79 78 77 76 75 74 73 72 71 70 69 68 67 66 65 64 63 62 61 60 59 58 57 56 55 54 53 52 51 50 49 47 48 46 44 43 42 41 40 39 37 36 35 34 30 33 32 31 29 28 19 45 27 26 25 24 22 21 20 23 17 16 15 14 13 12 11 10 9 8 7 6 18 4 3 2 1 5
6
2 1 4 6 3 5
300
300 299 298 297 296 295 294 293 292 291 289 288 287 286 285 284 290 283 282 281 280 279 277 276 278 274 273 272 266 275 267 271 270 269 268 265 264 262 263 261 260 259 258 257 255 254 253 252 251 250 249 248 247 246 245 244 243 242 256 240 241 239 238 236 235 234 233 232 231 230 229 228 227 226 225 237 224 223 221 220 219 218 217 216 215 214 213 212 211 210 209 208 207 206 205 204 203 202 201 200 199 198 197 196 195 194 193 192 191 186 222 190 189 188 187 185 184 183 182 181 180 179 178 177 176 168 175 174 173 172 171 170 169 167 166 165 164 163 162 161 160 159 158 151 157 156 155 154 153 152 150 148 147 149 146 145 144 143 142 141 140 139 138 137 136 135 134 133 132 131 130 129 128 127 126 125 124 123 122 121 120 118 117 116 115 114 113 112 119 111 109 108 107 106 110 105 103 102 101 100 99 98 97 96 95 94 93 104 92 91 90 88 87 89 85 84 83 86 81 80 79 78 77 82 76 75 74 73 72 71 70 69 61 3 68 67 66 65 64 63 62 60 59 58 57 56 55 54 53 52 51 50 49 48 47 46 45 44 42 41 40 39 30 43 38 37 36 34 33 32 31 29 28 27 26 18 25 24 23 35 22 20 19 17 16 15 14 13 21 11 10 9 8 7 6 5 4 12 2 1
300
299 298 297 296 295 294 293 292 291 290 289 288 287 286 285 284 283 282 281 280 279 278 277 276 275 274 273 272 271 270 269 268 267 266 265 264 263 262 261 260 259 255 84 258 257 256 300 253 252 251 250 249 248 247 246 245 244 243 254 241 240 239 238 237 236 235 234 233 232 231 230 229 228 227 226 225 224 223 222 215 221 220 219 218 242 217 216 214 213 212 211 210 209 208 207 205 206 204 203 202 201 199 198 197 196 195 194 193 192 191 190 200 189 188 187 186 185 184 182 181 180 183 179 178 177 176 175 173 172 171 170 169 168 167 166 165 164 163 162 161 160 174 158 157 156 155 159 154 153 152 151 150 149 147 146 145 144 143 142 141 140 139 138 137 136 135 148 134 133 132 131 130 129 128 127 126 124 123 122 121 120 119 118 117 116 115 107 114 113 112 111 110 109 108 106 104 105 103 102 101 100 99 98 97 96 95 94 93 92 125 91 90 89 88 87 86 85 83 82 81 80 78 13 77 76 75 79 74 73 69 50 71 70 68 63 67 66 65 64 62 61 72 60 58 57 56 55 54 53 52 51 59 49 48 47 46 43 44 45 41 40 39 38 37 42 36 35 34 33 32 31 30 29 28 27 26 25 24 23 22 21 20 19 18 16 12 15 14 11 10 9 8 7 6 5 4 3 2 1 17
300
83 300 299 298 297 296 288 10 294 293 292 291 290 289 287 286 285 284 283 282 295 281 280 279 278 277 276 275 274 273 271 270 269 268 267 266 265 272 264 263 262 261 260 259 258 257 256 255 249 254 253 242 251 252 247 248 246 245 244 243 241 240 239 238 237 236 235 234 233 232 250 231 230 229 227 226 225 224 223 222 221 220 219 218 217 216 215 214 213 212 211 210 209 228 208 207 206 205 196 204 203 202 201 200 199 198 195 194 193 192 191 190 189 188 187 186 185 197 184 183 182 181 180 179 178 177 175 174 173 172 171 170 169 168 167 176 166 162 165 164 163 161 160 158 157 156 155 154 153 152 151 150 149 148 147 146 145 144 143 142 141 140 139 130 159 138 137 136 135 134 133 131 129 128 127 132 126 125 124 123 122 121 120 119 118 117 116 115 114 112 111 110 109 108 113 107 100 91 105 104 103 102 101 99 98 97 96 95 94 93 92 90 89 88 87 86 85 84 82 81 80 79 75 78 106 77 76 74 64 72 71 70 69 68 67 66 65 63 62 73 60 59 58 57 56 55 54 53 52 51 50 49 48 47 46 45 61 44 43 42 41 40 39 38 37 36 35 34 33 32 30 29 28 27 26 25 24 23 22 21 20 19 18 17 16 15 14 13 12 11 9 8 7 6 5 4 3 2 1 31
300
299 298 297 296 295 294 293 292 291 290 289 288 287 286 300 284 283 285 282 281 280 279 277 276 275 274 273 272 271 270 269 268 267 266 265 261 278 264 263 262 260 259 258 257 256 255 254 253 251 247 250 252 249 248 245 244 243 242 241 240 239 238 237 236 246 234 233 232 235 231 230 229 228 227 226 225 224 223 222 221 220 219 218 217 210 216 215 214 213 211 209 208 207 206 205 212 204 203 202 201 200 199 198 197 196 195 194 193 192 191 190 185 188 187 186 184 183 182 181 180 179 178 189 177 175 174 173 172 171 170 169 168 167 166 165 164 163 176 155 162 161 159 158 157 156 154 153 152 151 150 144 149 148 147 146 145 143 142 141 140 139 138 160 137 136 134 133 132 131 130 129 128 127 126 125 124 123 122 121 120 119 118 117 116 114 135 115 113 112 111 110 109 108 107 106 96 95 104 103 102 105 100 99 98 94 97 93 92 91 90 89 88 101 87 86 85 84 82 81 80 79 75 78 77 76 74 83 73 72 71 69 68 67 66 65 64 70 63 62 61 60 59 58 57 56 55 54 53 52 50 49 48 47 46 45 44 43 42 41 40 51 39 38 37 36 35 34 33 32 30 29 28 27 26 25 24 31 23 22 21 20 19 18 17 15 14 13 12 5 11 10 9 8 7 6 4 3 2 1 16
300
299 298 295 300 297 296 294 292 293 290 289 288 287 286 291 285 284 283 282 281 280 279 278 277 276 275 274 272 271 270 269 263 268 267 266 265 264 262 261 260 259 258 257 256 255 254 253 273 252 251 250 249 248 247 243 240 246 245 244 242 241 239 238 237 236 235 234 233 232 231 230 229 228 227 226 225 224 223 222 220 219 218 217 221 216 215 214 213 212 211 210 209 208 207 206 205 204 203 202 200 199 198 197 196 195 194 193 192 191 190 189 188 187 186 185 184 183 201 182 181 175 180 179 178 176 177 173 172 174 171 170 169 168 167 166 165 164 163 162 161 160 159 158 157 156 155 154 153 152 151 150 149 148 147 146 145 144 142 141 140 139 138 137 136 135 143 134 133 132 131 130 129 127 128 125 124 123 122 121 120 119 118 117 116 115 114 113 112 111 126 110 109 107 106 105 104 108 103 101 100 99 98 97 96 95 94 93 92 91 90 89 88 87 86 85 84 83 82 81 80 79 78 77 76 75 74 73 72 71 70 69 68 67 66 65 64 63 62 61 60 59 58 57 102 56 55 54 53 52 50 49 48 47 46 51 45 44 42 41 40 39 38 37 36 35 43 33 32 31 30 29 28 27 26 25 24 23 22 34 21 19 18 17 16 15 14 13 12 11 20 10 5 1 6 7 3 8 4 2 9
300
156 64 3 71 140 179 246 85 97 210 193 207 253 26 36 142 174 186 65 39 259 67 5 79 143 175 203 40 139 87 196 292 218 52 265 272 112 191 100 10 115 75 171 136 213 125 273 38 145 279 53 235 35 227 132 230 205 73 114 21 89 222 25 59 11 274 160 138 109 61 135 161 181 37 285 153 131 163 260 211 144 233 298 32 130 165 31 257 33 162 173 216 15 58 56 96 234 118 201 276 29 195 12 66 255 77 278 289 47 149 113 28 215 254 60 221 141 78 95 178 128 129 117 275 223 250 183 110 41 111 154 267 62 76 282 107 9 127 192 101 68 98 90 82 287 2 17 237 187 74 297 199 20 151 266 238 268 49 229 122 16 194 43 86 126 45 105 170 293 212 99 249 57 88 245 188 51 72 121 204 55 198 190 168 157 167 189 123 236 7 93 197 224 180 283 295 1 208 261 263 46 148 247 166 256 169 240 288 102 92 232 242 264 184 226 164 182 228 241 271 120 286 13 209 299 284 177 42 172 155 294 22 219 300 133 252 30 291 248 23 251 48 83 206 34 296 94 106 244 63 84 277 280 225 8 152 50 14 104 137 217 54 147 243 4 124 281 258 27 239 19 80 159 119 185 24 176 270 290 150 134 69 214 44 200 108 202 116 231 6 262 103 158 146 70 269 81 18 220 91
300
299 298 297 296 295 294 293 292 291 290 289 288 287 286 285 284 283 282 281 280 279 278 277 276 275 274 273 272 271 270 269 268 267 266 265 264 263 262 261 260 300 258 257 256 255 259 254 253 252 251 249 248 247 246 250 245 244 243 237 242 241 240 239 238 235 234 233 231 230 229 228 227 226 232 225 224 223 222 221 220 219 217 216 215 214 213 212 211 210 209 208 207 206 205 204 203 218 202 201 191 199 198 197 196 195 194 193 192 190 189 188 187 186 185 200 184 183 182 180 181 179 169 178 177 176 175 174 173 172 171 170 168 167 166 163 162 165 164 161 160 159 158 157 156 155 154 153 152 151 150 149 148 147 146 145 143 142 141 140 139 138 144 137 136 135 134 133 132 131 130 128 129 127 126 125 124 123 121 120 122 119 118 117 116 115 114 113 112 111 110 109 108 107 106 105 104 97 103 102 101 100 99 98 96 95 92 94 91 90 89 88 87 86 93 85 83 84 82 80 79 78 77 76 75 74 73 72 71 70 69 68 67 66 65 64 63 62 61 59 81 60 58 57 56 55 54 53 52 51 50 49 48 47 46 44 43 42 41 40 45 39 38 37 36 35 34 33 32 31 30 29 28 27 21 26 25 24 23 12 22 20 19 18 17 16 15 13 11 10 14 9 8 7 6 4 3 2 1 5 236
300
298 299 297 296 295 294 293 292 291 290 289 288 287 286 285 284 283 282 276 300 281 280 279 278 277 275 274 273 272 271 270 269 268 267 266 265 264 263 262 260 259 258 257 256 255 254 253 252 251 250 249 248 247 246 245 244 261 243 242 241 240 239 238 237 236 235 233 232 234 231 230 229 228 227 226 224 223 222 221 220 219 218 213 225 217 216 215 214 212 211 210 208 207 206 205 204 203 202 209 201 200 199 198 197 196 195 194 193 192 191 190 189 188 187 186 185 184 183 182 180 179 178 177 181 176 175 174 173 172 171 170 169 168 167 166 165 164 163 162 155 151 161 160 159 158 157 154 153 152 150 149 148 147 146 145 144 143 142 141 140 139 138 137 136 135 134 133 132 131 130 129 128 127 126 125 124 123 122 121 120 156 119 118 117 116 115 114 113 112 111 110 109 108 106 105 104 100 107 102 101 99 98 94 61 96 74 93 97 95 92 83 91 90 89 88 87 86 85 84 82 103 81 80 79 78 69 76 75 73 72 71 70 68 67 66 65 77 64 63 60 59 58 57 56 62 54 53 55 52 50 49 51 48 47 46 45 44 43 42 41 40 39 38 37 36 33 34 32 31 30 29 28 27 26 25 24 23 22 21 20 19 18 17 16 35 15 14 13 12 11 9 8 7 6 5 4 10 3 2 1
300
20 12 104 192 113 191 224 227 83 283 161 182 183 194 45 193 123 275 202 274 278 233 163 167 130 102 115 250 176 47 11 119 269 18 61 88 100 165 41 215 276 267 26 243 9 166 46 255 249 231 110 108 72 109 236 10 117 218 258 29 196 68 190 248 8 285 78 252 14 151 295 51 213 144 124 271 197 95 245 205 82 65 13 246 222 189 186 101 259 30 199 118 253 16 232 160 24 277 261 87 204 143 89 99 175 106 27 237 164 98 207 96 7 263 225 135 184 187 97 59 126 230 162 43 284 287 71 185 63 49 60 64 2 200 272 281 279 23 19 79 234 21 153 129 137 240 291 125 50 149 15 268 22 37 28 17 289 35 114 247 173 297 156 77 5 286 53 157 56 36 298 251 6 158 92 127 81 1 292 146 133 111 154 122 211 107 94 235 300 280 172 219 140 265 296 121 4 273 34 90 203 55 112 142 62 195 84 177 229 262 132 116 73 32 67 168 31 40 74 181 226 180 174 228 48 70 57 85 103 206 134 241 155 270 69 141 75 214 244 221 260 138 169 208 52 42 128 256 216 266 254 159 242 179 148 299 290 86 139 25 220 147 223 178 238 76 210 264 293 257 3 33 38 282 201 171 120 58 93 80 150 44 66 170 91 239 136 39 105 288 217 209 152 188 131 198 212 294 54 145
300
299 298 297 296 295 294 293 292 291 290 289 288 287 286 285 284 283 282 281 280 279 278 277 276 275 274 273 272 271 270 269 268 267 266 265 264 263 262 261 260 259 258 257 256 255 254 253 252 251 250 249 248 247 246 245 244 243 242 241 240 239 238 237 236 235 234 233 232 231 230 229 228 227 226 225 224 223 222 221 220 219 218 217 216 215 214 213 212 211 210 209 208 207 206 205 204 203 202 201 200 199 198 197 196 195 194 193 192 191 190 189 188 187 186 185 184 183 182 300 181 180 179 178 177 176 175 173 174 172 171 170 169 167 166 165 164 162 161 160 163 159 158 157 156 155 154 152 153 151 150 149 148 147 146 141 145 144 143 140 142 139 137 136 135 134 133 132 131 130 129 128 127 126 125 124 123 122 121 120 119 118 117 116 115 138 114 113 112 111 110 108 107 106 105 109 104 103 102 101 100 99 98 97 95 94 96 93 92 91 90 88 87 86 85 84 89 83 82 80 79 78 81 77 76 75 74 73 72 71 70 69 68 67 66 65 64 63 61 60 59 58 57 56 55 54 53 52 51 50 49 40 48 47 46 45 44 62 43 42 41 39 38 37 36 35 34 33 32 31 30 28 29 27 26 25 24 23 22 21 20 18 17 16 15 14 13 12 11 10 9 8 7 6 5 4 3 2 1 19 168
300
294 300 292 84 288 299 298 297 296 295 293 291 290 289 286 285 284 287 283 282 281 280 279 278 277 276 275 274 273 272 271 270 269 268 267 265 264 263 262 261 260 259 258 257 256 255 254 253 252 251 250 249 266 247 246 248 237 245 244 243 242 241 240 239 238 236 235 234 233 232 231 229 228 227 226 225 224 223 222 230 221 220 219 218 217 216 215 214 213 211 210 209 208 207 206 203 212 205 204 201 200 199 198 197 196 195 194 193 192 191 190 202 189 188 187 186 185 184 183 182 180 181 179 178 177 176 175 174 172 171 173 170 169 168 167 166 165 164 163 162 161 160 159 158 156 147 155 157 154 153 152 151 150 149 148 145 142 146 144 143 141 140 139 138 137 136 135 134 133 132 131 130 129 128 127 126 125 118 123 124 122 121 120 119 116 115 114 113 117 111 110 109 108 107 106 112 105 104 103 102 101 99 98 97 100 96 95 94 93 92 91 90 89 88 87 86 85 81 83 82 80 79 78 77 76 75 74 73 72 71 70 69 68 67 66 65 64 63 62 61 60 59 58 57 56 55 54 53 51 50 49 48 47 46 45 44 43 42 41 40 39 38 37 36 35 34 33 32 31 30 26 29 28 52 27 25 24 23 22 21 19 18 17 16 15 14 13 12 11 10 9 8 7 6 5 4 20 3 2 1
300
299 298 297 296 295 294 293 292 291 290 289 288 287 286 285 284 283 282 281 280 279 278 277 300 276 275 274 273 272 271 270 269 268 267 266 265 264 263 262 261 259 260 258 257 256 255 254 253 252 251 250 249 247 246 245 248 244 243 242 241 239 240 238 237 236 235 233 232 231 230 229 228 227 226 225 224 218 234 223 222 221 220 219 217 216 215 214 213 212 211 210 209 208 207 206 205 204 202 201 200 199 203 198 197 196 195 194 193 192 191 190 189 188 187 185 184 183 182 181 180 179 178 177 186 175 174 173 172 176 171 170 169 168 167 166 164 165 163 162 161 151 160 159 158 157 156 155 154 153 150 149 148 147 146 152 145 144 143 142 141 140 138 137 136 135 134 133 132 131 130 139 129 128 127 125 124 123 122 121 117 120 119 126 118 116 115 114 112 111 113 110 109 108 107 106 105 104 103 102 101 100 98 97 96 95 94 99 93 91 90 89 92 87 88 86 85 84 83 82 81 80 79 78 77 69 75 74 73 72 76 71 70 68 66 65 64 63 62 67 61 59 58 57 56 55 54 53 52 47 60 51 50 49 48 46 45 44 43 42 41 40 38 39 37 36 34 33 32 31 30 29 28 27 26 25 24 23 22 21 20 35 19 18 17 16 15 14 13 11 10 9 8 7 6 12 5 4 3 2 1
300
299 298 297 296 295 294 293 292 291 290 289 288 287 286 285 284 283 282 281 280 279 278 277 276 275 274 273 272 271 270 269 268 267 266 265 264 263 262 261 260 259 258 257 256 255 254 253 252 251 250 249 248 247 246 245 244 243 242 241 240 239 238 237 236 235 234 233 232 231 230 229 228 227 226 225 300 223 222 221 220 219 224 218 217 216 215 211 213 212 210 209 208 207 206 205 204 203 202 214 201 200 199 198 197 196 186 195 194 193 191 190 189 188 187 185 192 184 183 181 180 179 178 177 176 175 174 173 172 182 171 170 169 168 167 166 165 164 163 162 161 160 159 158 157 156 155 154 153 152 151 150 149 148 146 145 144 143 142 141 140 139 138 137 136 135 147 134 133 132 131 130 129 128 127 126 125 124 121 122 120 119 118 117 116 115 114 113 112 111 110 109 108 107 106 105 104 103 123 102 101 100 99 98 97 96 95 94 93 92 91 90 89 88 87 86 85 84 83 82 81 80 79 75 78 77 76 74 73 72 71 70 69 68 66 65 67 64 63 62 61 60 59 58 57 55 54 53 52 51 50 49 48 47 46 45 44 43 42 41 40 56 39 38 37 36 34 33 28 32 31 35 30 29 27 26 25 24 23 22 21 20 19 18 17 16 15 13 12 11 10 9 8 7 6 5 4 3 2 1 14
6
2 3 4 1 6 5
300
113 292 191 20 26 222 18 3 115 152 131 142 169 195 121 105 281 74 220 122 101 294 241 287 250 125 186 33 109 57 12 256 58 40 53 280 145 267 260 257 39 106 176 226 127 234 82 269 126 288 51 291 55 85 237 221 200 9 36 62 189 202 139 171 298 16 297 203 10 52 232 4 193 76 37 34 147 216 300 244 111 252 148 175 164 213 160 228 44 295 219 173 265 223 81 286 174 163 133 1 261 208 276 13 251 184 59 79 156 270 284 25 54 192 11 7 77 91 158 130 190 28 258 73 108 68 243 254 27 6 285 107 279 92 268 64 128 80 143 99 75 199 188 255 196 97 180 157 238 205 299 296 293 290 289 283 282 278 277 275 274 273 272 271 266 264 263 262 259 253 249 248 247 246 245 242 240 239 236 235 233 231 230 229 227 225 224 218 217 215 214 212 211 210 209 207 206 204 201 198 197 194 187 185 183 182 181 179 178 177 172 170 168 167 166 165 162 161 159 155 154 153 151 150 149 146 144 141 140 138 137 136 135 134 132 129 124 123 120 119 118 117 116 114 112 110 104 103 102 100 98 96 95 94 93 90 89 88 87 86 84 83 78 72 71 70 69 67 66 65 63 61 60 56 50 2 48 47 46 45 43 42 41 38 35 32 31 30 29 24 23 22 21 19 17 15 14 8 5 49
300
299 298 297 296 295 294 293 292 291 290 289 288 287 286 285 284 283 282 281 280 279 278 277 276 275 274 273 272 271 270 269 268 267 266 265 264 263 262 261 260 259 258 257 256 255 254 253 252 251 250 249 248 247 246 245 244 243 242 241 240 239 238 237 236 235 234 233 232 231 230 229 228 227 226 225 224 223 222 221 220 219 218 217 216 215 214 213 212 211 210 209 208 207 206 205 204 203 202 201 200 199 198 197 196 195 194 193 192 191 190 189 188 187 186 185 184 183 182 181 180 179 178 177 176 175 174 173 172 171 170 169 168 167 166 165 164 163 162 161 160 159 158 157 156 155 154 153 152 151 150 149 148 147 146 145 144 143 142 141 140 139 138 137 136 135 134 133 132 131 130 129 128 127 126 125 124 123 122 121 120 119 118 117 116 115 114 113 112 111 110 109 108 107 106 105 104 103 102 101 100 99 98 97 96 95 94 93 92 90 89 88 87 86 85 84 83 82 81 80 79 78 77 76 75 74 73 72 71 70 69 68 67 66 65 64 63 62 61 60 56 59 58 300 57 55 54 53 52 51 50 49 48 47 46 45 44 43 42 41 40 39 38 37 36 35 34 33 32 31 30 29 28 27 26 25 24 23 22 21 19 18 20 17 16 15 14 13 12 11 10 9 8 7 6 5 1 3 2 4 91
300
298 195 294 299 297 296 295 293 300 291 292 290 289 280 288 287 286 285 284 283 282 281 279 278 277 276 275 274 273 271 270 272 269 267 266 265 264 263 262 261 260 268 259 258 257 255 254 253 252 251 250 249 248 247 256 246 245 244 243 241 240 239 238 237 236 235 234 233 232 231 230 229 228 242 227 226 224 223 222 221 225 220 219 218 217 216 215 214 213 212 211 210 209 208 207 205 204 203 202 206 201 200 199 198 197 196 194 193 192 191 190 189 188 187 186 185 184 182 181 180 179 178 177 183 176 175 174 173 172 171 170 169 168 167 166 165 164 163 162 161 160 159 158 157 156 155 154 152 151 153 150 149 148 147 146 145 144 143 142 141 139 138 137 136 135 134 133 132 131 130 140 129 127 126 125 124 123 122 121 120 119 118 117 116 115 114 113 112 128 111 110 109 108 106 105 104 102 101 100 103 99 98 97 96 94 93 92 91 90 89 95 87 86 85 84 83 82 81 80 79 78 77 76 75 68 67 88 74 73 72 71 70 69 66 65 64 62 61 60 59 58 57 56 55 63 54 53 52 51 49 48 47 46 45 44 43 42 41 40 39 38 50 37 36 32 35 33 31 30 29 28 27 26 34 25 24 23 22 21 20 19 18 17 15 14 13 12 11 10 9 8 7 6 5 4 3 2 1 16 107
6
3 6 5 4 1 2
300
299 298 297 296 295 294 293 292 291 290 289 288 287 286 285 284 283 282 281 280 279 278 277 276 275 274 273 272 271 270 269 268 267 266 265 264 263 262 261 260 259 258 257 256 255 254 253 252 251 250 249 248 247 246 245 244 243 242 241 240 239 238 237 236 235 234 233 232 231 230 229 228 227 300 225 224 223 222 221 226 220 219 218 217 216 215 214 213 211 210 209 208 204 207 206 205 203 202 201 200 199 198 197 196 195 194 193 192 191 182 190 212 189 188 187 186 184 183 181 180 179 178 177 176 175 174 173 172 171 170 169 168 166 167 165 164 163 162 161 160 159 158 157 156 155 154 153 152 151 150 149 148 147 146 142 145 135 185 144 143 141 140 139 138 137 136 134 133 132 131 130 129 128 127 126 125 124 123 122 121 120 119 118 117 116 115 114 113 112 111 110 108 107 106 105 104 103 101 102 100 99 98 97 96 95 94 93 92 91 86 109 90 89 88 87 85 84 83 82 81 80 79 78 77 75 74 76 64 73 72 71 70 69 68 67 66 65 63 62 61 60 59 58 57 56 55 54 53 49 51 50 48 47 46 45 44 43 39 42 41 40 38 37 36 35 34 33 32 31 30 29 28 27 52 25 24 26 23 22 21 20 18 17 16 15 14 13 4 19 11 10 9 8 7 6 5 3 2 1 12
300
295 299 300 298 297 296 294 293 292 291 289 290 288 287 286 285 284 283 282 281 280 279 278 277 276 275 273 272 271 270 269 268 267 266 265 264 263 262 261 260 259 274 258 257 256 255 254 253 252 251 250 243 248 245 247 246 244 242 241 240 239 238 237 236 235 234 233 249 231 230 229 228 227 226 225 224 223 222 221 220 219 218 217 216 232 209 215 214 213 212 211 210 208 206 207 205 204 203 202 201 200 199 198 197 195 194 193 192 196 191 189 188 187 186 185 184 183 190 182 181 180 179 178 177 176 175 174 173 167 170 171 169 168 166 165 164 163 162 172 161 160 159 158 157 156 155 154 153 152 151 150 148 147 146 145 144 143 137 149 141 140 139 138 136 142 135 134 133 132 131 130 129 128 127 126 125 124 123 122 120 121 119 113 117 116 115 118 112 111 110 109 108 107 106 105 114 104 103 101 100 99 98 97 96 95 94 102 93 92 91 89 88 87 86 85 84 83 82 81 90 80 79 77 76 75 74 73 72 71 70 69 68 67 66 65 64 63 62 61 60 59 58 57 56 55 54 53 52 51 78 50 49 48 47 46 45 44 43 41 40 39 38 37 36 35 34 33 32 31 30 29 28 27 42 26 25 24 23 22 21 20 19 18 17 16 15 14 13 12 2 6 11 10 9 8 7 5 4 3 1
300
299 298 297 296 300 295 294 288 292 291 290 289 293 287 286 285 284 283 282 281 279 278 277 276 275 274 273 272 280 271 269 268 267 266 270 265 264 263 262 261 260 259 257 256 255 258 254 253 252 250 251 249 247 246 248 245 244 243 242 241 240 239 238 237 236 235 234 233 231 230 232 229 228 227 224 225 223 222 221 220 219 218 217 226 216 214 213 212 211 210 209 208 207 215 205 206 204 203 202 201 200 199 198 197 196 195 194 193 191 182 192 190 189 188 187 185 184 180 186 183 181 179 178 176 177 175 173 172 171 170 169 168 167 166 165 174 164 163 162 161 159 158 157 160 156 155 154 152 151 150 149 148 147 146 145 144 143 142 141 140 139 138 137 136 135 134 133 132 131 130 129 128 127 126 125 124 153 123 122 121 120 119 118 117 116 115 114 113 112 111 110 109 108 106 105 104 103 102 101 100 94 107 98 97 96 95 93 92 91 90 99 89 88 87 86 85 84 83 82 81 80 79 78 77 76 75 74 73 72 71 70 69 68 67 66 65 64 63 62 61 60 59 58 56 55 54 53 57 52 51 50 49 48 47 46 45 43 42 41 40 39 38 44 37 35 34 33 32 31 30 29 28 36 27 26 25 24 23 22 21 20 10 15 19 18 17 16 13 11 8 12 9 7 6 5 4 1 14 3 2
6
5 2 1 6 3 4
300
299 298 297 296 295 294 293 292 291 290 289 288 287 300 286 285 284 283 282 281 280 279 278 276 275 274 277 273 272 271 270 268 267 266 265 264 263 262 261 260 259 258 257 256 255 254 269 253 252 251 249 248 247 246 245 244 243 242 241 250 239 238 237 236 235 234 240 233 231 230 229 228 227 226 232 224 223 222 221 220 219 218 217 216 215 214 213 212 211 225 210 209 208 207 206 205 204 203 202 201 200 199 198 197 196 195 193 192 191 190 194 189 187 186 185 184 183 174 188 182 180 173 179 178 177 168 176 175 172 171 170 169 167 166 181 165 164 163 162 161 160 151 149 158 157 156 155 154 159 153 148 152 147 146 145 142 150 144 143 141 140 139 138 137 136 135 134 133 132 130 129 125 131 128 127 124 123 122 121 120 119 118 117 116 115 114 113 112 111 110 109 108 107 106 105 104 103 126 102 101 99 98 97 96 95 94 93 92 100 91 90 89 88 87 86 85 84 83 77 81 80 79 78 76 82 75 74 73 72 70 69 68 67 66 65 64 63 71 62 61 60 59 58 57 56 55 53 52 54 51 50 48 47 46 45 44 43 42 41 40 31 49 39 38 36 35 34 33 37 32 30 29 28 27 26 25 24 23 22 21 20 19 18 16 15 14 13 12 11 10 9 8 17 7 6 5 4 3 2 1
300
1 217 15 241 290 136 35 24 29 223 121 266 127 23 123 216 236 12 51 138 36 244 260 89 296 154 79 148 55 81 120 163 144 70 62 32 207 27 193 65 74 191 171 259 132 220 31 164 30 186 90 169 175 253 272 204 59 126 247 57 151 69 41 192 131 78 137 6 254 92 225 117 18 174 177 248 128 156 48 162 180 167 235 129 295 194 293 178 112 76 96 3 46 285 234 102 195 98 64 258 52 276 140 221 275 75 283 8 198 184 66 84 206 124 49 125 297 190 99 133 28 4 212 5 262 40 114 215 11 219 72 240 37 73 60 252 54 161 122 289 183 42 189 116 108 170 7 141 63 279 300 299 298 294 292 291 288 287 286 284 282 281 280 278 277 274 273 271 270 269 268 267 265 264 263 261 257 256 255 251 250 249 246 245 243 242 239 238 237 233 232 231 230 229 228 227 226 224 222 218 214 213 211 210 209 208 205 203 202 201 200 199 197 196 188 187 185 182 181 179 176 173 172 168 166 165 160 159 158 157 155 153 152 150 149 147 146 145 143 142 135 134 130 119 118 115 113 111 110 109 107 106 105 104 103 101 100 97 95 94 93 91 88 87 86 85 83 82 80 77 71 68 67 61 58 56 53 50 47 45 44 43 39 38 34 33 26 25 22 21 20 19 17 16 14 13 10 9 2 139
300
230 300 299 298 297 296 295 294 293 291 290 288 289 287 286 292 285 284 283 281 280 279 278 277 276 275 282 274 273 272 270 269 268 267 266 271 265 264 263 261 260 259 258 252 257 256 247 262 255 254 253 251 250 249 244 246 245 243 242 248 241 240 239 238 229 236 235 233 237 234 232 228 227 226 225 224 223 222 221 220 219 218 217 216 215 214 213 212 211 210 206 231 209 208 207 205 204 203 202 201 200 199 197 196 195 194 193 198 192 191 190 189 188 187 186 185 184 183 182 181 180 179 178 177 176 175 174 173 171 172 170 169 168 167 166 165 164 163 162 161 160 159 157 156 155 154 153 152 151 150 149 148 147 146 145 144 138 158 135 142 141 140 139 137 136 131 143 134 133 132 130 128 127 126 125 124 123 122 121 120 119 118 117 129 116 115 114 113 112 111 110 109 108 107 106 105 104 99 103 102 101 100 98 97 95 94 93 92 91 96 90 89 88 87 86 85 84 82 83 81 80 79 78 77 76 75 74 73 72 71 70 69 67 66 65 64 63 62 61 60 59 58 57 56 55 54 53 52 51 50 49 48 47 42 46 68 45 44 43 41 32 39 40 38 37 36 35 33 31 30 29 28 27 26 25 24 23 22 21 20 19 18 17 16 15 34 14 12 13 11 10 9 8 7 6 5 4 3 2 1
300
299 298 297 296 295 294 293 292 291 290 289 288 287 286 285 284 283 282 281 280 279 278 277 276 275 274 273 272 271 270 269 268 267 266 265 264 263 262 261 260 259 251 258 257 253 300 255 254 252 250 249 248 247 246 245 244 243 242 241 240 239 238 237 236 235 234 233 232 229 226 256 231 230 228 227 225 215 223 222 221 220 219 218 217 216 214 213 212 211 210 209 208 224 207 206 201 204 203 202 200 199 198 197 196 195 194 193 192 191 190 189 188 205 187 186 184 183 182 181 180 179 185 178 177 176 175 174 173 172 171 170 169 168 167 166 165 164 163 162 161 160 159 158 157 156 155 154 152 153 151 149 148 147 150 146 145 144 142 141 140 139 138 137 136 135 134 133 132 131 130 129 128 127 126 125 143 124 122 121 120 119 118 123 117 116 115 114 113 112 110 109 108 107 106 111 104 103 102 101 100 99 98 97 96 95 94 93 92 91 90 89 88 87 86 85 105 84 83 82 81 80 79 78 77 75 74 71 76 73 72 70 69 68 67 66 65 64 63 62 61 60 59 58 57 56 55 54 53 51 50 49 48 47 46 52 45 44 43 42 41 40 39 38 37 36 35 34 33 32 31 30 28 27 26 25 24 23 22 21 20 19 18 17 29 15 16 14 13 12 11 10 9 8 7 6 5 4 3 1 2
6
6 2 5 1 3 4
300
299 298 297 296 295 294 293 292 300 291 290 289 288 287 285 284 286 283 281 280 279 278 277 276 275 274 273 282 272 271 270 269 268 264 266 265 263 262 253 267 261 260 259 258 257 256 255 252 251 250 249 248 247 246 245 244 243 235 242 241 240 239 233 238 237 236 234 232 231 230 229 228 227 226 225 224 223 222 221 220 219 218 217 216 215 214 254 213 212 211 210 209 208 207 205 204 203 202 201 206 200 199 198 197 196 195 194 193 192 191 190 189 188 187 186 185 184 183 182 181 180 179 178 177 176 175 174 173 172 170 169 168 167 166 171 165 164 163 162 161 160 159 158 157 156 155 154 153 152 150 151 149 148 147 146 145 144 142 141 140 139 143 138 137 136 135 134 133 132 131 130 129 128 127 126 125 123 122 121 120 119 118 117 116 115 114 113 112 111 110 109 108 104 107 106 105 103 124 102 101 100 99 98 97 96 95 94 93 92 91 90 89 88 87 86 85 84 82 81 80 79 78 83 77 71 76 75 74 72 70 69 68 67 73 66 65 64 63 62 60 59 58 51 57 56 55 54 53 52 61 50 48 49 47 46 45 44 43 42 41 40 39 38 37 35 34 33 32 31 30 36 29 28 27 26 25 23 22 21 20 19 18 17 16 15 14 13 12 11 10 9 8 7 6 5 4 1 3 2 24
300
299 298 297 296 295 294 293 292 291 290 289 288 287 286 285 284 283 282 281 280 279 278 277 276 275 274 273 272 271 270 269 268 267 266 265 264 263 262 261 260 259 258 257 256 255 254 253 300 252 251 249 248 247 246 245 244 250 238 242 241 240 239 237 236 235 234 233 232 231 230 229 228 243 227 226 225 224 223 222 221 220 219 218 217 216 215 214 213 212 211 210 209 208 207 206 205 204 203 202 201 200 199 197 196 195 194 193 192 198 191 189 188 187 186 185 184 183 182 181 177 190 179 178 176 175 174 173 167 172 180 170 169 168 166 171 165 163 164 162 161 160 159 158 157 156 155 154 153 152 151 149 148 145 110 147 146 144 143 150 140 142 141 139 138 137 136 135 134 133 132 131 129 128 127 126 125 124 123 122 121 130 120 119 118 117 116 115 114 113 112 109 108 107 106 105 104 103 102 101 100 99 98 111 97 96 95 94 93 92 90 89 88 87 86 85 84 83 82 81 80 79 78 77 76 75 74 73 91 72 71 70 69 68 67 65 64 63 62 61 60 59 58 57 56 55 54 53 45 42 52 51 66 50 49 48 47 46 44 43 41 39 38 37 36 35 34 33 32 31 40 30 29 28 27 26 25 24 22 21 20 19 18 17 16 15 14 13 12 11 10 5 4 23 9 8 7 6 3 2 1
300
299 298 297 296 295 294 293 292 291 290 289 288 287 286 285 284 283 282 281 280 279 278 277 276 275 274 273 272 271 270 269 268 267 266 265 264 263 262 261 260 259 258 257 256 255 254 253 252 251 250 249 248 247 246 245 244 243 242 241 240 239 238 237 236 235 234 233 232 231 230 229 228 227 226 225 224 223 222 221 220 219 218 217 216 215 214 213 212 211 210 209 208 207 206 205 204 203 202 201 200 199 198 197 196 195 194 193 192 191 190 189 188 187 186 185 184 183 182 181 180 179 178 177 176 175 174 173 172 171 170 169 168 167 166 165 164 163 162 161 160 159 158 157 156 155 154 153 152 151 150 149 148 147 146 300 145 144 143 142 141 140 139 138 137 136 135 134 133 132 130 129 128 127 126 131 125 124 123 122 121 120 119 118 117 116 115 111 82 108 114 113 112 110 109 98 107 106 105 104 102 101 100 99 97 96 95 94 93 92 91 90 89 88 87 86 85 84 83 81 80 79 78 77 103 75 74 76 73 72 71 70 69 68 67 66 64 65 63 62 61 59 58 57 56 55 54 60 53 52 51 50 49 48 47 46 45 44 43 42 41 40 39 38 37 36 35 34 33 32 31 30 29 28 26 25 24 22 21 20 19 18 17 16 15 14 13 12 27 11 10 9 8 7 6 5 4 3 2 1 23
300
299 298 297 296 295 294 293 292 291 290 289 288 287 286 285 284 300 282 281 280 283 279 278 277 275 274 273 272 271 270 269 268 267 266 265 264 263 262 261 260 259 258 257 256 255 254 253 252 251 250 244 276 249 248 247 246 243 242 241 240 233 239 238 237 236 235 234 232 231 230 245 228 227 226 225 224 223 229 222 221 218 220 219 217 216 215 214 213 212 211 210 209 208 207 206 205 204 203 202 200 199 198 197 196 195 194 193 192 191 190 189 188 187 186 185 184 183 182 181 180 179 178 177 176 201 175 173 172 171 170 169 168 167 166 165 164 163 162 161 160 159 158 157 156 155 154 153 152 151 150 149 148 147 146 145 144 143 142 141 140 139 138 137 136 135 134 133 132 131 130 129 128 127 126 125 174 124 123 121 120 122 119 118 116 115 114 113 112 111 110 109 108 107 106 105 104 103 102 117 100 99 98 97 96 95 94 93 101 92 91 90 89 88 87 86 82 85 83 81 80 79 78 84 77 76 75 74 73 72 71 69 68 70 67 66 64 63 62 61 60 56 6 53 52 59 58 57 55 54 51 50 49 48 47 38 46 45 39 65 44 43 42 41 40 37 36 34 35 33 31 30 29 28 32 27 26 25 24 23 22 21 20 19 18 17 15 14 13 12 11 16 10 9 7 8 5 3 2 1 4
300
299 298 297 296 295 294 293 292 291 290 289 288 287 286 285 284 283 282 281 280 279 278 277 276 275 274 273 272 271 270 269 268 267 266 265 264 263 262 261 260 259 258 257 256 255 254 253 252 251 250 249 248 247 246 245 244 243 242 241 240 239 238 237 236 235 234 233 232 231 230 229 228 227 226 225 224 223 222 221 220 219 218 217 216 215 214 213 212 211 210 209 208 207 206 205 204 203 202 201 200 199 198 197 196 195 194 193 192 191 190 189 188 187 186 185 184 183 182 181 180 179 178 177 176 175 174 173 172 171 170 169 168 167 166 165 164 163 162 161 160 159 158 157 156 155 154 153 152 151 150 149 148 147 146 145 144 143 142 141 140 139 138 137 136 135 134 133 132 131 130 129 128 127 126 125 124 123 122 121 120 119 118 117 116 115 114 113 112 111 110 109 108 107 106 105 104 103 102 101 100 99 98 97 96 95 94 93 92 91 90 89 88 87 86 85 84 83 82 81 80 79 78 77 76 75 74 73 72 71 70 69 68 67 66 65 64 63 62 61 60 59 58 57 56 55 54 53 52 51 50 49 48 47 46 45 44 43 42 41 40 39 38 37 36 35 34 33 32 31 30 29 28 27 26 25 24 23 22 21 20 19 18 17 16 15 14 13 12 11 10 9 8 7 6 5 4 3 2 1 300
300
300 299 298 297 296 295 294 293 292 291 290 289 288 287 286 285 284 283 282 281 280 279 278 277 276 275 273 272 271 270 269 267 274 268 266 265 263 262 261 260 259 258 257 256 255 254 253 252 251 250 249 248 247 264 246 245 244 238 242 243 241 240 239 237 236 234 233 235 232 231 230 229 228 227 226 225 224 223 222 220 219 218 217 221 216 215 214 213 212 211 210 209 207 206 208 205 204 203 202 201 199 198 197 196 195 194 193 192 191 190 189 186 200 180 188 187 185 183 182 181 179 178 174 177 176 184 175 173 172 171 170 169 168 167 166 165 164 163 162 161 160 159 158 157 155 154 153 156 152 151 150 149 148 147 146 144 143 142 141 140 145 139 138 136 129 137 135 134 133 131 130 128 127 126 125 132 124 123 122 121 120 119 118 117 116 115 114 112 111 110 109 108 107 113 106 105 103 100 104 102 101 99 98 97 96 95 94 93 92 91 90 89 88 87 86 85 84 83 81 80 79 78 82 76 75 74 73 72 71 70 69 68 67 66 65 64 63 62 61 60 59 58 57 52 77 56 55 54 53 51 50 49 48 47 46 45 44 43 42 41 40 38 37 36 35 34 33 32 31 30 29 28 27 26 25 24 23 22 39 21 20 19 18 17 16 15 14 13 12 11 10 9 8 7 6 5 4 3 2 1
300
299 298 297 296 295 294 293 292 291 290 289 288 287 286 285 284 283 282 281 280 279 278 277 276 275 274 273 272 271 270 269 268 267 266 265 264 263 262 261 260 259 258 257 256 255 254 253 252 251 250 249 248 247 246 245 244 243 242 241 240 239 238 237 236 235 234 233 232 231 230 229 228 227 226 225 224 223 222 221 220 219 218 217 216 215 214 213 212 211 210 209 208 207 206 205 204 203 202 201 200 199 198 197 196 195 194 193 192 191 190 189 188 187 186 185 184 183 182 181 180 179 178 177 176 175 174 173 172 171 170 169 168 167 166 165 164 163 162 161 160 159 158 157 156 155 154 153 152 151 150 149 148 147 146 145 144 143 142 141 140 139 138 137 136 135 134 133 132 131 130 129 128 127 126 125 124 123 122 121 120 119 118 117 116 115 114 113 112 111 110 109 108 107 106 105 104 103 102 101 100 99 98 97 96 95 94 93 92 91 90 89 88 87 86 85 84 83 82 81 80 79 78 76 75 74 73 72 71 70 69 68 67 66 65 64 63 62 61 60 59 58 57 56 55 54 53 52 51 50 49 48 47 46 45 44 43 42 41 40 39 38 37 36 35 34 33 32 31 30 29 28 27 26 25 24 23 22 21 20 19 18 17 16 15 14 13 12 11 10 9 8 7 6 5 4 3 2 1 300 77
6
3 6 5 4 1 2
300
293 300 299 298 297 295 294 292 291 296 290 289 288 287 286 284 283 282 285 281 280 279 278 277 276 274 273 272 271 270 269 268 267 275 266 258 261 264 263 262 260 259 257 256 255 254 253 252 251 250 249 248 247 246 265 245 243 242 241 240 239 244 238 237 236 235 234 232 231 230 229 228 227 226 224 233 223 225 222 221 220 219 218 217 216 215 214 213 212 211 210 208 207 206 205 204 203 202 201 209 200 199 198 197 196 195 194 193 192 190 189 188 187 186 185 184 183 182 191 181 180 179 178 177 176 175 173 172 170 167 171 169 168 166 165 164 174 163 162 161 160 159 158 157 155 154 153 152 151 156 150 149 148 147 145 146 144 143 142 141 140 139 138 136 135 134 133 132 131 130 137 129 128 127 126 122 124 123 121 120 119 118 125 117 116 115 111 113 112 110 114 109 108 106 105 104 103 102 101 100 99 98 97 96 95 94 93 92 91 90 89 88 87 86 85 84 83 82 81 80 79 78 73 76 70 77 75 74 72 71 69 68 67 66 65 64 63 62 107 61 60 59 58 57 56 55 54 53 52 50 49 48 47 46 45 44 43 42 41 40 39 38 51 37 36 35 34 33 32 31 30 29 28 27 26 25 24 23 21 20 19 22 18 17 15 14 13 12 11 10 9 8 7 6 5 4 3 2 1 16
300
299 298 297 296 295 294 293 292 291 290 289 288 287 286 285 284 283 281 280 279 278 300 276 275 274 273 272 277 270 269 271 268 266 261 267 265 264 263 260 259 258 257 256 255 254 253 252 251 250 249 248 247 246 245 244 240 230 262 243 242 241 239 238 237 236 225 235 234 232 231 229 228 227 226 224 223 233 222 221 219 218 217 216 220 215 214 213 212 211 210 209 208 207 206 205 204 203 202 201 199 198 197 196 195 194 193 192 188 200 191 190 189 187 185 184 183 182 181 186 180 179 178 177 175 167 174 176 173 172 162 165 171 170 169 168 164 163 161 160 159 158 157 166 156 155 153 152 151 150 149 148 147 146 145 144 143 138 142 141 154 140 139 137 136 135 133 132 131 130 129 128 127 134 126 125 124 123 122 121 120 119 118 117 116 115 113 114 112 111 110 109 108 107 106 105 104 103 102 101 100 99 98 90 96 97 95 94 93 92 91 81 88 87 86 89 85 84 83 82 80 79 78 77 75 74 73 72 76 71 70 69 67 66 68 65 64 62 61 60 59 58 57 56 55 63 54 53 52 42 51 50 49 48 47 46 45 44 43 41 40 39 38 37 35 36 34 33 32 25 30 29 28 27 31 26 24 22 21 20 19 18 17 16 15 14 13 12 11 10 9 8 7 6 5 4 3 2 23 1 282
300
228 126 78 152 120 232 90 140 171 265 147 82 218 178 72 260 280 230 255 88 205 251 191 131 28 296 168 250 263 130 234 71 216 290 4 278 106 217 176 1 129 225 63 84 223 49 145 61 244 202 112 21 80 299 283 27 135 172 133 197 271 231 144 293 264 141 91 252 68 44 43 235 150 109 249 292 241 206 188 199 204 119 86 154 60 175 182 291 247 201 122 95 138 207 189 163 17 125 99 127 170 282 254 24 239 155 65 158 20 276 242 9 108 259 100 212 5 117 111 105 269 67 215 7 266 169 33 22 37 137 160 262 286 220 196 243 107 58 30 289 177 167 157 32 56 114 240 229 26 102 300 298 297 295 294 288 287 285 284 281 279 277 275 274 273 272 270 268 267 261 258 257 256 253 248 246 245 238 237 236 233 227 226 224 222 221 219 214 213 211 210 209 208 203 200 198 195 194 193 192 190 187 186 185 184 183 181 180 179 174 173 166 165 164 162 161 159 156 153 151 149 148 146 143 142 139 136 134 132 128 124 123 121 118 116 115 113 110 104 103 101 98 97 96 94 93 92 89 87 85 83 81 79 77 76 75 74 73 70 69 66 64 62 59 57 55 54 53 52 51 50 48 47 46 45 42 41 40 39 38 36 35 34 31 29 25 23 19 18 2 15 14 13 12 11 10 8 6 3 16
6
2 1 4 3 6 5
300
299 300 297 296 295 287 298 294 293 292 290 289 288 286 285 284 283 282 281 280 279 291 278 276 275 274 277 273 272 271 270 269 268 267 266 265 264 263 261 262 260 259 258 257 256 255 254 253 252 251 250 249 248 246 245 244 243 242 241 240 239 238 237 236 235 234 233 232 231 230 229 228 247 227 226 225 224 223 222 221 220 218 217 216 215 214 213 212 211 210 219 209 208 207 206 205 204 203 202 200 199 198 201 197 196 195 194 193 192 191 190 189 188 187 186 185 184 183 182 180 179 178 177 176 175 181 174 173 172 171 169 170 168 167 162 165 164 163 161 160 159 166 158 157 156 155 147 153 152 151 145 154 150 149 148 146 143 135 142 141 140 139 138 137 133 144 136 134 132 131 130 124 128 127 126 125 123 122 129 121 120 119 118 117 116 115 114 111 78 112 110 109 108 107 106 105 104 103 102 101 100 99 98 97 96 95 94 93 92 91 90 89 88 87 86 113 85 84 83 82 81 80 79 77 76 75 74 73 72 70 69 68 67 66 65 64 63 62 61 60 59 58 57 56 55 54 53 52 51 50 49 71 48 47 46 45 44 42 41 40 39 38 37 43 36 27 35 34 33 32 30 29 28 26 25 24 23 22 21 20 19 18 17 16 15 14 13 12 11 10 31 9 8 7 6 5 4 3 2 1
300
299 298 297 296 295 294 293 292 291 290 289 288 287 286 285 284 283 282 281 280 279 278 277 276 275 274 273 272 271 270 269 268 267 266 265 264 263 262 261 260 259 258 257 256 255 254 253 252 251 250 249 248 247 246 245 244 243 242 241 240 239 238 237 236 235 234 233 232 231 230 229 228 227 226 225 224 223 222 221 220 219 218 217 216 215 300 214 213 212 211 210 209 208 207 203 205 204 202 201 206 200 199 198 197 196 195 194 193 192 191 190 189 188 187 186 184 183 182 181 180 179 178 177 176 175 174 173 172 171 170 169 168 167 166 165 164 163 162 161 160 159 158 157 150 156 155 154 153 152 185 151 149 148 146 145 144 143 142 141 140 139 138 137 136 135 134 133 132 131 130 129 147 128 127 126 125 124 123 122 121 119 118 117 120 116 115 114 113 111 110 112 109 108 107 106 105 104 102 101 100 103 99 98 97 96 95 93 92 91 94 90 89 88 86 87 85 84 83 82 81 80 79 78 77 76 75 74 73 72 71 70 69 68 67 66 65 64 63 62 61 60 59 58 57 56 55 46 53 52 54 51 41 49 48 47 45 44 43 42 40 39 38 37 36 50 35 34 32 31 24 30 33 29 27 26 25 23 22 21 28 20 19 18 17 15 14 13 12 9 16 11 10 7 6 5 4 3 2 1 8
5
1 5 4 3 2
300
299 298 297 296 295 294 293 292 291 290 289 288 287 286 285 284 283 282 281 280 279 278 277 276 275 274 273 272 271 270 269 268 267 266 265 264 263 262 261 260 259 258 257 256 255 254 253 252 251 250 249 248 247 246 245 244 243 242 241 240 239 238 237 236 235 234 233 232 231 230 229 228 227 226 225 224 223 222 221 220 219 218 217 216 215 214 213 212 211 210 209 208 207 206 205 204 203 202 201 200 199 198 197 196 195 194 193 192 191 190 189 188 187 186 185 184 183 182 181 180 179 178 177 176 175 174 173 172 171 170 300 169 167 166 165 164 163 155 168 162 161 160 159 158 157 154 153 152 156 151 150 148 147 146 145 144 143 142 141 140 139 138 137 149 136 135 133 132 131 130 129 124 125 134 128 127 126 123 122 121 115 119 118 120 117 114 113 112 111 116 110 109 107 106 105 104 103 102 108 101 100 99 98 97 96 95 94 93 92 91 90 88 87 86 85 84 89 83 81 80 82 79 77 76 75 74 73 72 71 70 69 68 67 66 57 78 65 64 63 62 61 60 59 58 56 55 54 53 52 51 50 49 48 47 46 45 44 43 42 41 40 39 38 37 36 35 34 33 31 30 32 29 28 27 25 24 26 23 22 20 19 18 17 21 16 15 14 13 12 11 10 8 7 6 9 5 4 3 2 1
300
48 299 298 297 296 295 294 293 292 291 290 289 288 287 286 285 284 280 283 282 281 279 278 300 277 276 275 274 273 272 271 270 262 266 268 267 265 264 263 261 269 260 259 258 257 256 255 254 253 251 252 250 249 248 247 246 245 243 242 241 240 244 239 234 238 237 236 235 233 231 230 229 228 227 226 225 224 223 232 221 220 219 218 217 216 215 206 214 213 212 211 210 209 208 222 207 205 204 203 202 201 200 199 198 197 195 194 193 186 190 196 192 191 189 187 185 184 183 182 181 188 180 179 178 177 176 175 174 173 172 171 170 169 168 167 166 165 164 163 162 161 160 159 156 158 157 155 154 153 152 145 150 151 149 148 147 146 144 143 142 141 140 136 138 137 135 134 133 132 131 130 129 128 139 127 126 125 124 123 122 121 120 119 118 116 115 114 109 113 112 111 110 108 107 106 105 104 103 102 101 100 99 98 97 96 95 94 93 92 91 90 89 88 87 86 85 84 117 83 82 81 80 79 78 77 76 74 73 75 71 70 72 68 67 69 66 65 64 63 61 60 62 59 58 57 55 54 53 52 51 50 49 47 46 45 44 56 43 42 41 40 39 38 37 36 35 34 32 31 30 29 28 27 26 20 15 21 33 25 24 22 19 18 23 16 14 17 13 11 10 9 8 7 6 5 4 3 2 1 12
6
1 5 2 4 3 6
300
135 153 241 210 284 49 272 294 186 274 74 255 223 175 26 1 4 71 215 109 218 287 281 244 11 128 228 35 194 89 7 275 140 12 151 93 2 51 30 142 267 298 219 243 81 231 251 293 70 169 149 101 76 15 31 33 118 156 185 260 198 276 133 177 250 224 256 137 20 130 188 47 60 159 58 59 297 288 273 199 122 285 269 268 8 163 176 16 138 97 263 96 34 252 300 98 114 111 166 207 282 213 85 201 271 200 100 191 202 23 61 5 212 296 165 36 77 259 57 283 10 230 127 64 147 14 180 62 257 289 115 209 136 69 6 238 32 237 226 232 182 29 205 103 3 181 86 134 248 13 299 295 292 291 290 286 280 279 278 277 270 266 265 264 262 261 258 254 253 249 247 246 245 242 240 239 236 235 234 233 229 227 225 222 221 220 217 216 214 211 208 206 204 203 197 196 195 193 192 190 189 187 184 183 179 178 174 173 172 171 170 168 167 164 162 161 160 158 157 155 154 152 150 148 146 145 144 143 141 139 132 131 129 126 125 124 123 121 120 119 117 116 113 112 110 108 107 106 105 104 102 99 95 94 92 91 90 88 87 84 83 82 80 79 78 75 73 72 68 67 66 65 63 56 55 54 53 52 50 48 46 45 44 43 42 41 40 39 38 37 28 27 25 24 22 21 19 18 17 9
300
18 203 252 102 75 177 131 52 138 120 166 147 90 103 240 72 160 4 210 95 13 79 67 265 98 80 99 259 173 169 194 105 112 174 1 51 89 63 167 274 228 148 107 104 180 258 271 12 113 66 40 132 121 139 186 217 248 76 298 195 211 241 45 237 150 20 170 230 94 157 73 49 164 266 246 119 22 27 145 270 62 215 224 226 86 300 59 97 168 182 29 109 136 285 256 58 283 9 292 242 190 187 181 299 289 137 128 202 267 123 71 297 250 110 2 28 220 222 294 184 268 8 30 192 277 70 96 176 83 41 197 31 88 253 278 55 69 17 273 77 135 156 165 243 199 290 47 201 208 247 296 295 293 291 288 287 286 284 282 281 280 279 276 275 272 269 264 263 262 261 260 257 255 254 251 249 245 244 239 238 236 235 234 233 232 231 229 227 3 223 221 219 218 216 214 213 212 209 207 206 205 204 200 198 196 193 191 189 188 185 183 179 178 175 172 171 163 162 161 159 158 155 154 153 152 151 149 146 144 143 142 141 140 134 133 130 129 127 126 125 124 122 118 117 116 115 114 111 108 106 101 100 93 92 91 87 85 84 82 81 78 74 68 65 64 61 60 57 56 54 53 50 48 46 44 43 42 39 38 37 36 35 34 33 32 26 25 24 23 21 19 16 15 14 11 10 7 6 5 225
300
300 299 298 297 296 286 294 293 292 291 290 289 288 287 285 284 295 283 282 281 280 279 278 277 276 275 274 273 272 271 269 268 267 266 265 264 263 262 261 260 270 258 257 256 255 254 253 252 251 250 249 259 248 247 246 245 243 244 242 241 240 239 238 237 235 234 233 232 231 230 229 236 228 227 225 224 223 222 221 226 220 219 218 217 216 215 214 213 212 211 210 209 208 207 206 205 204 203 202 201 199 198 197 196 191 195 194 193 192 190 189 200 188 186 185 184 183 182 181 180 179 178 177 176 175 174 173 172 171 169 170 168 167 166 165 164 163 162 161 160 187 159 153 157 156 155 154 158 152 150 149 148 147 146 145 144 143 142 141 140 139 138 137 136 135 134 133 151 132 130 129 128 127 126 131 124 125 123 122 121 120 119 118 117 116 115 113 112 111 110 109 108 107 106 105 104 103 102 101 114 100 99 98 96 95 94 93 92 91 90 89 88 87 86 97 85 84 83 82 81 80 79 78 77 76 75 73 72 71 70 74 69 67 66 65 64 63 62 61 60 59 58 57 56 68 55 54 53 52 51 50 49 48 47 46 45 44 43 42 41 40 38 39 37 36 35 34 33 32 31 30 29 28 20 27 26 25 24 23 22 21 19 18 17 16 15 14 13 12 11 10 9 8 7 6 5 4 3 2 1
300
291 298 299 297 296 300 295 294 293 292 290 289 288 287 286 285 284 283 282 281 280 279 278 277 276 275 274 273 272 271 270 269 268 259 267 266 265 264 263 262 261 260 258 257 255 254 253 252 251 250 249 248 247 246 245 244 243 242 241 240 239 238 237 236 235 234 233 232 231 230 228 227 226 225 224 223 222 221 220 219 218 229 217 216 215 214 213 212 211 210 208 207 206 205 204 203 202 209 201 200 199 198 197 196 195 193 192 191 190 189 188 194 187 186 185 184 183 182 181 180 177 178 176 175 179 174 172 171 170 169 168 173 167 166 164 163 162 161 165 160 159 158 157 155 154 153 152 151 150 149 148 147 146 145 144 156 143 142 133 136 141 139 138 137 135 134 132 131 130 129 128 127 126 125 124 123 122 121 120 119 118 117 114 140 116 115 113 111 110 109 108 38 112 107 106 104 103 102 101 100 99 98 97 105 89 95 94 93 92 91 90 88 87 96 86 85 84 83 82 81 80 79 78 77 76 75 74 73 72 71 70 69 68 67 66 65 64 63 62 53 61 60 59 58 57 56 55 54 52 51 50 49 48 47 46 45 44 43 42 41 40 39 37 36 34 33 32 31 22 30 29 28 27 26 25 24 35 21 20 19 18 17 16 23 15 14 13 12 11 10 9 8 7 6 1 5 4 3 2 256
300
299 298 297 296 295 294 293 292 291 290 289 288 287 286 285 284 283 282 281 280 279 278 277 276 275 274 273 272 271 270 269 268 267 266 265 264 263 262 261 260 259 258 257 256 255 254 253 252 251 250 249 248 247 246 300 245 244 243 242 241 240 239 238 237 236 235 234 233 232 231 230 229 228 227 226 225 224 222 214 217 223 221 220 219 218 216 215 212 211 210 209 208 213 206 205 204 203 202 201 200 199 198 197 196 195 194 193 192 207 191 190 189 188 187 186 185 184 183 182 181 180 179 178 177 176 175 174 173 172 171 170 169 168 167 166 165 164 163 162 161 160 158 157 156 151 159 155 154 152 150 149 148 147 146 145 144 143 142 141 134 153 140 139 138 137 135 133 132 131 130 136 129 128 127 126 119 124 123 122 121 120 118 117 116 115 114 113 112 111 125 109 108 107 106 105 104 103 102 101 100 99 98 97 96 95 94 93 110 92 91 90 89 88 87 86 85 84 83 82 81 80 79 78 77 76 75 74 73 72 71 70 69 68 61 66 65 64 67 63 62 60 58 57 56 59 54 55 52 53 51 50 49 48 47 46 45 44 43 41 40 39 38 37 36 35 34 33 32 31 30 29 28 27 26 25 24 23 22 21 20 15 42 19 18 16 14 13 12 11 10 17 8 7 6 5 2 9 4 3 1
300
299 298 297 296 295 294 293 292 291 290 289 288 287 286 285 284 283 282 281 280 279 278 277 276 275 274 273 272 271 270 269 268 267 266 265 264 263 262 261 260 259 258 257 256 255 254 253 252 251 250 249 248 247 246 300 245 244 243 242 240 239 238 237 236 235 234 233 241 231 230 229 228 227 226 225 224 223 222 221 220 219 218 217 213 214 232 216 215 212 211 210 209 208 207 206 205 204 203 202 201 200 199 198 197 196 195 194 193 192 191 190 189 188 187 186 185 184 183 182 181 180 179 178 177 176 175 174 173 172 171 169 168 167 166 165 164 163 162 161 160 170 158 157 156 155 154 159 153 152 151 150 149 148 147 146 145 143 138 142 141 133 140 139 137 136 135 134 132 131 130 129 128 127 144 126 125 123 122 121 120 119 118 117 116 115 124 114 113 112 111 109 108 107 106 105 104 103 102 110 101 100 99 97 96 95 94 93 85 92 91 90 89 88 87 98 86 84 83 82 81 80 79 78 77 76 75 74 73 72 71 70 69 67 66 65 68 64 63 62 60 59 58 57 56 55 54 53 52 51 61 49 48 47 46 45 44 43 50 42 41 40 38 37 39 36 35 34 32 31 30 33 29 28 26 25 24 23 22 21 27 20 19 18 16 15 14 13 12 11 10 9 17 8 7 2 6 5 4 3 1
10
4 6 10 9 8 7 5 3 2 1
300
299 298 291 297 288 296 300 295 294 293 292 290 289 286 285 284 283 282 281 280 279 278 277 276 275 274 273 272 271 270 269 268 267 287 266 265 264 263 262 261 260 259 258 257 256 255 254 253 252 251 250 249 248 247 246 245 244 239 243 242 240 238 237 236 235 234 233 232 231 230 229 228 227 226 241 225 224 223 222 221 220 219 218 217 216 215 214 213 212 211 210 209 208 207 206 205 204 203 194 202 201 200 199 198 197 196 195 193 192 191 190 189 188 187 186 185 177 184 183 182 180 179 178 176 171 175 174 173 164 172 170 169 168 167 166 165 163 162 161 160 159 158 157 156 155 154 153 152 151 150 149 148 147 146 181 145 144 143 142 141 140 139 138 137 136 135 133 132 131 130 129 123 134 128 127 122 125 124 121 120 119 118 117 116 115 114 113 112 111 110 109 108 107 106 105 104 103 102 101 100 99 98 97 96 95 94 93 92 91 90 89 88 87 86 85 84 83 82 81 80 79 78 77 76 75 74 73 126 72 71 70 69 63 67 66 65 64 62 61 60 59 58 57 56 55 68 54 53 52 51 49 48 47 46 50 45 44 43 42 41 40 38 37 36 35 34 32 33 31 30 29 28 27 26 25 24 23 22 21 20 19 18 13 17 16 39 15 14 12 11 10 9 8 7 5 4 3 2 6 1
300
299 298 297 296 295 294 293 292 291 290 289 288 287 286 285 284 283 282 281 280 279 278 277 276 275 274 273 272 271 270 269 268 267 266 265 264 263 262 261 260 259 258 257 256 255 254 253 252 251 250 249 248 247 246 245 244 243 242 241 240 239 238 237 236 235 234 233 232 231 230 229 228 227 226 225 224 223 222 221 220 219 218 217 216 215 214 213 212 211 210 209 208 207 206 205 204 203 202 201 200 199 198 197 196 195 194 193 192 191 190 189 188 187 186 185 184 183 182 181 180 179 178 177 176 175 174 173 172 171 170 169 168 167 166 165 164 163 162 161 160 159 158 157 156 155 154 153 152 151 150 149 148 147 146 145 144 143 142 141 140 139 138 137 136 135 134 133 132 131 130 129 128 127 126 125 124 123 122 121 120 119 118 117 116 115 114 113 112 111 110 109 108 107 106 105 104 103 102 101 100 99 98 97 96 95 94 93 92 91 90 89 88 87 86 85 84 83 82 81 80 79 78 77 76 75 74 73 72 71 70 69 68 67 66 65 64 63 62 61 60 59 58 57 56 55 54 53 52 51 50 49 48 47 46 45 44 43 42 41 40 39 38 37 36 35 34 33 32 31 30 29 28 27 26 25 24 23 22 300 21 20 19 18 16 15 14 13 12 11 10 17 9 8 7 6 4 3 2 1 5
300
132 209 10 249 189 80 257 194 93 160 284 14 205 244 199 40 170 223 119 164 71 88 225 136 124 34 103 143 63 219 104 65 83 221 241 255 5 286 138 33 269 73 105 121 240 15 181 217 91 272 56 75 37 137 62 7 57 200 102 213 227 59 134 299 262 285 239 231 70 201 183 290 165 180 192 265 38 113 48 118 109 28 19 3 179 18 206 210 159 96 58 87 72 268 150 230 261 50 43 298 171 242 289 279 89 152 148 26 294 98 253 271 126 69 256 292 127 25 197 133 151 36 280 84 78 177 52 140 158 60 220 260 191 117 175 112 125 236 31 35 207 82 128 212 141 226 176 184 259 174 66 68 97 8 107 156 67 233 29 278 216 111 1 120 172 288 24 129 222 146 2 277 190 154 167 270 39 263 300 61 44 202 187 92 157 196 130 155 235 238 123 22 20 108 232 169 53 283 211 237 252 6 182 4 251 115 122 276 162 166 100 250 110 30 12 90 95 23 81 203 27 178 245 246 13 9 131 281 247 101 86 64 195 46 54 51 147 49 149 144 142 41 99 208 145 287 161 295 296 293 254 163 224 153 266 215 55 185 198 275 258 16 291 248 114 85 32 168 74 76 17 21 106 135 77 193 173 234 94 228 218 116 243 79 42 297 264 45 282 204 47 11 273 214 267 139 188 229 186 274
300
299 298 297 296 295 294 293 292 291 290 289 288 287 286 285 284 283 282 281 280 279 278 277 276 275 274 273 272 271 270 269 268 267 266 265 264 263 262 261 260 259 258 257 256 255 254 253 252 251 250 249 248 247 246 245 244 243 242 241 240 239 238 237 236 235 234 233 232 231 230 229 228 227 226 225 224 223 222 221 220 219 218 217 216 215 214 213 212 211 210 209 208 207 206 205 204 203 202 201 200 199 198 197 196 195 194 193 192 191 190 189 188 187 186 185 184 300 183 181 180 179 178 177 176 175 174 173 172 171 170 169 168 167 166 182 165 164 162 163 161 153 160 159 158 157 156 155 154 151 150 149 148 152 147 143 145 144 142 146 141 140 139 138 137 136 134 133 132 131 130 127 122 135 129 128 125 124 123 121 120 119 118 117 126 116 115 114 113 112 110 109 108 107 106 99 111 105 104 103 102 101 100 98 97 96 94 93 92 91 90 89 88 87 86 85 84 83 82 81 80 95 79 78 77 75 74 73 72 76 71 70 68 69 67 66 65 64 63 62 61 60 59 58 57 56 55 54 53 51 50 49 48 47 46 45 44 43 42 52 41 40 39 38 37 36 35 33 32 31 30 29 34 28 27 26 25 24 23 22 21 19 18 17 16 20 15 13 12 11 10 9 8 7 6 5 4 3 2 1 14
300
299 298 297 296 295 294 293 292 291 290 289 288 287 286 285 284 283 282 281 280 279 278 277 276 275 274 273 272 271 270 269 268 267 266 265 264 263 262 261 260 259 258 257 256 255 254 253 252 251 250 249 248 247 246 245 244 243 242 241 240 239 238 237 236 235 234 233 232 231 230 229 228 227 226 225 224 223 222 221 220 219 218 217 216 215 214 213 212 211 210 209 208 207 206 205 204 203 202 201 200 199 198 197 196 195 194 193 192 191 190 189 188 187 300 186 185 184 183 182 180 179 178 177 176 175 174 173 172 171 170 169 168 167 166 165 162 164 163 161 160 159 158 157 156 155 154 153 152 151 150 149 148 147 146 145 144 143 142 141 140 139 181 138 137 127 135 134 133 132 131 130 129 128 126 136 125 124 123 122 121 120 119 118 108 112 117 116 114 113 111 110 109 107 106 105 104 103 102 101 100 99 98 97 115 96 95 94 93 92 91 90 89 88 87 86 85 84 83 82 81 80 79 78 76 75 74 73 72 71 77 70 69 67 60 66 65 64 63 62 61 59 58 57 68 56 55 54 53 52 51 50 49 48 47 46 44 43 39 23 42 41 40 38 30 45 36 35 37 34 33 32 31 29 28 27 26 25 24 22 21 20 19 18 17 16 15 14 12 11 10 13 9 8 7 6 5 4 3 2 1
300
292 300 294 299 298 297 296 295 293 290 289 288 287 286 285 284 283 282 291 281 280 279 278 277 276 275 274 273 272 267 271 270 268 266 265 264 263 261 260 259 258 257 256 252 255 254 253 251 250 249 248 247 246 245 244 243 242 241 240 239 269 238 237 236 235 234 233 231 230 229 228 227 226 225 224 223 222 221 220 219 218 217 216 215 214 213 212 211 210 232 209 207 206 205 204 203 202 201 200 199 208 198 197 196 195 193 192 191 190 189 194 188 184 187 186 185 182 181 180 179 178 177 176 175 174 173 183 172 170 169 168 167 166 165 171 164 163 162 161 160 159 157 156 158 155 154 153 152 151 150 149 148 147 146 145 144 143 142 141 140 139 138 137 136 135 134 133 132 131 124 128 129 127 126 117 130 125 122 121 120 119 118 110 123 115 114 113 112 111 105 116 109 108 107 106 104 103 102 101 100 99 98 97 95 94 93 92 91 90 89 88 87 96 86 85 84 83 81 80 79 78 77 76 75 74 73 72 71 70 61 67 82 69 66 65 64 63 62 60 59 58 57 54 68 56 53 52 51 50 49 48 47 46 45 44 43 42 41 40 39 38 37 36 35 34 33 55 31 30 29 28 27 32 26 25 24 23 22 21 20 19 18 17 16 15 14 10 13 12 11 9 7 6 5 4 3 2 8 1 262
300
299 300 298 297 296 295 294 293 292 291 289 288 287 286 285 284 283 282 281 280 279 290 278 277 276 275 273 272 271 270 269 268 267 266 265 264 263 262 261 260 259 258 257 256 274 255 254 253 252 251 250 249 248 247 245 244 243 242 241 240 239 246 238 237 236 235 234 233 232 231 230 229 228 227 226 225 224 222 221 220 219 218 217 216 215 214 213 223 212 211 210 209 208 207 206 205 204 203 202 201 200 199 198 197 196 195 194 192 193 191 190 188 187 186 185 184 183 182 181 180 179 177 178 176 175 174 173 172 171 170 169 168 167 166 165 164 189 163 161 160 159 158 162 157 156 155 154 153 152 151 150 148 147 149 146 145 144 143 142 141 140 131 58 133 121 130 139 138 137 136 135 134 132 129 128 127 126 125 124 123 122 119 118 117 116 115 114 113 112 120 111 110 109 108 106 105 104 103 107 102 101 100 99 93 97 94 96 95 92 91 90 89 88 87 86 85 84 83 82 81 80 79 78 77 76 75 74 73 72 71 70 98 69 68 67 66 65 64 63 62 60 59 57 56 55 54 61 53 51 50 49 48 47 46 44 43 42 41 52 40 39 38 37 36 35 34 33 32 31 30 29 28 27 26 25 24 23 22 21 20 19 18 16 15 14 13 17 8 12 3 10 9 7 6 5 4 2 1 11 45
300
35 100 221 97 44 171 19 110 75 297 141 155 25 91 293 115 137 121 21 62 181 232 143 42 20 43 106 289 280 278 153 95 179 195 107 216 197 238 123 287 203 10 299 252 88 131 64 276 28 286 273 136 129 257 259 256 230 296 66 117 220 227 1 154 56 237 174 207 159 196 272 37 246 168 119 225 229 86 254 267 266 201 250 217 130 210 38 269 262 233 120 244 255 240 81 76 61 275 298 108 234 177 187 47 67 124 63 247 146 274 102 135 22 173 90 128 111 184 265 17 186 214 70 261 194 72 185 8 165 104 193 213 14 84 285 178 52 251 152 290 281 138 294 228 235 226 169 223 264 249 200 175 33 258 211 145 114 239 161 283 82 46 190 140 271 77 3 105 109 96 12 205 51 209 113 118 166 242 191 24 36 132 172 27 16 241 57 300 83 31 9 98 149 133 253 92 2 236 49 13 284 202 89 68 147 112 292 69 263 151 158 164 192 182 277 4 99 180 15 26 71 156 150 144 218 208 206 122 39 93 116 219 5 74 176 60 7 54 45 103 170 288 248 183 260 157 85 142 18 167 58 204 215 79 6 32 53 222 295 231 282 23 125 50 94 212 162 291 188 243 139 30 279 127 11 80 199 101 148 270 34 40 134 126 55 268 65 29 198 224 163 59 160 245 41 78 189 73 48 87
300
299 298 297 296 295 294 293 292 291 290 289 288 287 286 285 284 283 282 281 280 279 278 277 276 275 274 273 272 271 270 269 268 267 266 265 264 263 262 261 260 259 258 257 256 255 254 253 252 251 250 249 248 247 246 245 244 243 242 241 240 239 238 237 236 235 234 233 232 231 230 229 228 227 226 225 224 223 222 221 220 219 218 217 216 215 214 213 212 211 210 209 208 207 206 205 204 203 202 201 200 199 198 197 196 195 194 193 192 191 190 189 188 187 186 185 184 183 182 181 180 179 178 177 176 175 174 173 172 171 170 169 168 167 166 165 164 163 162 161 160 159 158 157 156 155 154 153 152 151 150 149 148 147 146 145 144 143 142 141 140 139 138 137 136 135 134 133 132 131 130 129 128 127 126 125 124 123 300 122 120 119 118 121 117 116 115 114 113 112 111 110 109 108 107 106 105 104 103 102 101 99 98 97 96 95 94 100 93 92 91 90 89 88 87 86 84 83 82 81 80 79 78 77 76 75 74 73 72 85 71 69 68 67 66 65 64 63 70 55 62 61 60 59 58 57 56 54 53 52 51 50 49 48 47 46 45 44 43 42 41 40 39 38 37 30 34 36 33 32 31 29 28 27 21 26 25 24 23 22 20 19 18 17 16 8 35 15 14 13 12 11 10 9 7 6 5 4 3 2 1
6
2 1 4 5 3 6
6
3 6 1 4 5 2
300
299 298 297 296 295 294 293 292 291 290 289 288 287 286 285 284 283 282 281 280 279 278 277 276 275 274 273 272 271 270 269 268 267 266 265 264 263 262 261 260 259 258 257 256 255 254 253 252 251 250 249 248 247 246 245 244 243 242 241 240 239 238 237 236 235 234 233 232 231 230 229 228 227 226 225 224 223 222 221 220 219 218 217 216 215 214 213 212 211 210 209 208 207 206 205 204 203 202 201 200 199 198 197 196 195 194 193 192 191 190 189 188 187 186 185 184 183 182 181 180 179 178 177 176 175 174 173 172 171 170 169 168 167 166 165 164 163 162 156 161 160 159 157 155 154 153 152 151 150 149 148 145 147 146 144 143 142 141 140 139 138 137 136 135 134 133 132 131 130 129 128 127 126 125 124 300 122 121 123 120 119 109 117 116 115 114 113 112 111 110 108 107 106 105 104 103 118 102 101 100 99 98 97 95 94 93 92 91 90 89 96 88 87 86 85 84 83 82 72 81 80 79 78 76 75 74 73 71 77 70 69 68 67 66 64 63 62 61 60 59 58 57 56 65 55 54 53 52 51 50 48 49 47 46 45 44 43 41 40 39 38 37 36 35 34 33 32 31 30 29 28 27 26 25 24 23 22 21 20 19 18 17 16 15 14 13 12 11 10 42 8 7 6 5 9 4 3 2 1 158
300
150 33 115 116 153 290 288 166 181 197 146 141 91 291 27 294 254 65 273 277 162 12 26 56 285 32 219 100 64 279 104 2 275 280 249 53 196 52 1 234 220 18 46 61 238 98 206 111 97 193 154 68 145 174 204 293 157 248 23 228 172 66 165 148 156 90 135 250 47 118 28 25 208 29 202 106 102 76 93 84 125 74 180 51 54 270 201 6 233 269 86 160 222 89 265 255 232 58 132 121 186 251 215 259 59 101 131 183 30 8 245 296 144 88 127 77 36 72 188 295 247 159 122 241 128 299 161 124 103 75 108 105 152 96 184 73 40 237 137 235 268 7 22 70 225 35 236 226 297 283 252 163 189 50 195 24 81 217 63 62 177 231 151 21 240 224 176 284 289 71 168 276 3 286 170 274 109 143 278 262 120 17 223 203 45 149 9 110 281 211 246 83 34 80 82 178 292 134 207 263 16 169 264 230 182 267 37 48 209 171 243 191 14 55 49 213 221 164 200 60 253 155 198 129 117 67 114 92 136 20 212 218 99 216 13 185 79 158 272 10 192 107 123 19 194 87 126 242 42 4 227 266 78 300 133 69 298 15 130 167 173 113 94 43 142 244 271 260 256 11 41 229 179 258 210 39 282 287 205 44 147 187 95 214 257 5 190 140 138 85 139 38 239 261 199 119 112 31 175 57
6
6 4 1 2 3 5
6
5 6 3 4 1 2
300
299 298 297 296 295 294 293 292 291 290 289 288 287 286 285 284 283 282 281 280 279 278 277 276 275 274 273 272 271 270 269 268 267 266 265 264 263 262 261 260 259 258 257 256 255 254 253 252 251 250 249 248 247 246 245 244 243 242 241 240 239 238 237 236 235 234 233 232 231 230 229 228 227 226 225 224 223 222 221 220 219 218 217 216 215 214 213 212 211 210 209 208 207 206 205 204 203 202 201 200 199 198 197 196 195 194 193 192 191 190 189 188 187 186 185 184 183 182 181 180 179 178 177 176 175 174 173 172 171 170 169 168 167 166 300 165 164 163 162 161 160 159 158 157 156 155 154 153 152 151 150 149 148 147 146 145 144 143 142 141 140 139 138 137 136 135 134 133 132 131 130 129 127 126 125 124 123 122 121 120 128 119 118 117 116 115 114 113 112 111 110 109 106 108 105 104 103 102 107 101 99 100 98 97 96 95 94 93 92 91 90 89 88 87 85 84 83 82 81 80 79 78 77 76 75 74 73 72 71 86 70 69 68 67 66 65 64 63 62 61 60 59 58 57 56 55 54 53 52 51 50 49 48 47 46 45 44 43 42 41 40 39 38 37 36 35 34 33 32 31 29 28 30 27 25 24 23 22 21 20 19 18 17 16 15 14 13 12 26 11 10 1 8 2 7 6 5 4 3 9
8
4 5 8 7 6 1 2 3
6
2 3 5 4 6 1
300
175 119 31 76 84 223 268 300 11 231 89 99 153 72 264 47 118 82 147 162 176 4 115 280 112 215 216 80 102 171 43 188 103 158 38 178 94 125 109 263 181 83 169 16 77 191 14 267 7 299 295 3 131 17 214 258 182 163 2 10 150 239 208 166 172 54 277 68 25 107 297 39 97 204 289 101 159 117 29 202 98 173 85 234 218 48 42 201 261 292 283 49 18 229 12 248 36 124 203 142 294 57 174 70 90 221 225 185 184 265 255 110 93 132 41 50 9 30 1 251 26 141 122 236 197 281 79 59 238 151 136 55 256 245 5 8 61 35 274 298 33 291 250 193 135 40 53 189 252 213 296 293 290 288 287 286 285 284 282 279 278 276 275 273 272 271 270 269 266 262 260 259 257 254 253 249 247 246 244 243 242 241 240 237 235 233 232 230 228 227 226 224 222 220 219 217 212 211 210 209 207 206 205 200 199 198 196 195 194 192 190 187 186 183 180 179 177 170 168 167 165 164 161 160 157 156 155 154 152 148 146 145 144 143 140 139 138 137 134 133 130 129 128 127 126 123 121 120 116 114 113 111 108 106 105 104 100 96 95 92 91 88 87 86 81 78 75 74 73 71 69 67 66 65 64 63 62 60 58 56 52 51 46 45 44 37 34 32 28 27 24 23 22 21 20 19 15 13 6 149
300
299 298 297 296 295 294 293 292 291 290 289 288 287 286 285 284 283 282 281 280 279 278 277 276 275 274 273 272 300 271 270 269 268 267 266 265 264 263 262 261 260 259 257 256 258 255 253 252 251 250 249 248 254 247 246 245 244 243 242 241 240 239 238 237 235 234 233 232 231 230 229 228 227 226 225 224 223 222 221 220 219 218 217 216 215 214 213 212 211 210 209 208 207 206 197 205 204 203 202 201 200 199 198 196 195 194 191 236 193 192 189 188 187 186 185 184 183 182 181 180 179 178 177 176 175 174 173 172 171 170 169 168 190 167 166 165 164 162 161 160 159 158 157 156 155 154 153 152 163 150 149 148 147 151 146 145 141 143 142 140 139 138 137 136 144 135 134 133 131 130 129 128 127 126 125 124 123 122 132 121 120 119 118 117 116 115 114 113 111 110 109 108 107 106 105 104 103 112 101 100 99 98 97 96 95 102 94 93 92 91 90 89 88 87 86 85 84 83 82 81 80 79 78 77 76 75 74 73 72 71 70 69 68 67 66 65 64 62 61 60 63 59 57 56 55 54 53 52 58 51 50 49 48 47 45 44 43 42 41 40 39 38 37 36 27 35 34 33 32 31 30 29 28 26 25 24 23 22 21 20 19 18 17 16 15 14 13 12 11 10 9 8 7 6 5 46 4 3 2 1
300
299 298 297 296 295 294 293 292 291 290 289 288 287 286 285 284 283 282 281 280 279 278 277 276 275 274 273 272 271 270 269 268 267 266 265 264 263 262 261 260 259 258 257 256 255 254 253 252 251 250 249 248 247 246 245 300 243 242 241 240 239 238 237 244 236 235 234 233 232 230 229 231 228 227 226 225 223 222 221 220 219 218 217 216 215 214 213 212 211 210 209 208 207 206 205 204 203 202 201 194 199 138 200 198 224 196 195 193 192 191 190 189 188 187 186 185 184 183 182 181 174 197 180 179 177 176 175 173 172 171 170 169 168 167 178 166 165 164 163 162 161 160 159 158 157 155 154 153 152 151 150 156 149 148 147 146 145 142 136 101 144 143 141 140 139 137 134 133 132 131 130 129 128 127 135 125 124 123 122 121 113 115 110 120 119 118 117 116 114 112 111 109 104 108 107 126 105 103 102 100 106 99 98 97 89 95 94 96 93 92 91 90 88 87 86 85 84 83 82 81 80 79 78 77 76 75 74 73 72 71 70 69 68 67 66 65 64 63 62 61 60 59 58 57 56 47 55 54 53 52 51 50 49 48 46 45 44 43 42 41 40 38 37 36 35 39 34 33 32 31 30 29 28 27 26 25 24 23 22 21 20 19 18 17 16 15 14 13 12 11 10 9 8 7 6 4 3 2 1 5
300
299 298 297 296 295 294 293 292 291 290 289 288 287 286 300 285 284 283 282 281 280 279 278 277 276 275 274 273 272 271 270 269 259 267 266 265 264 263 262 261 268 260 258 257 256 255 254 253 252 251 250 248 247 249 246 245 243 244 242 240 239 238 237 236 235 234 233 232 231 230 229 241 228 227 226 225 224 223 222 221 220 219 218 217 216 215 214 213 212 211 210 209 208 200 206 205 204 203 202 201 199 191 198 197 196 195 194 193 192 190 189 180 188 187 186 185 184 183 182 181 179 178 177 176 175 174 173 172 171 207 170 166 134 160 169 168 167 165 164 163 162 161 158 157 156 155 154 153 152 151 150 149 148 159 147 146 144 143 142 141 140 139 138 137 136 145 135 133 132 131 130 129 128 126 125 124 123 122 121 120 119 118 117 116 115 114 127 113 112 111 110 109 108 107 106 105 104 103 102 101 100 99 98 97 96 95 94 93 92 91 90 89 88 87 86 85 84 83 82 81 80 79 78 77 76 75 74 73 72 71 61 70 69 68 66 65 67 64 63 60 59 58 57 56 55 54 53 52 51 50 49 48 47 46 45 44 62 42 41 40 39 38 43 37 36 35 34 33 32 31 30 29 28 27 26 25 23 24 22 21 19 20 18 17 16 15 14 13 12 10 9 8 7 6 5 4 3 2 1 11
10
1 4 6 7 10 9 8 5 2 3
300
300 299 298 297 296 295 294 293 292 291 290 289 288 287 286 285 284 283 282 281 280 279 278 277 276 275 274 273 272 271 270 269 268 267 266 265 264 263 262 261 260 259 258 257 256 255 254 253 252 251 250 249 248 247 246 245 244 243 242 241 240 239 238 237 236 235 234 233 232 231 230 229 228 227 226 225 224 223 222 221 220 219 218 217 216 215 214 213 212 211 210 209 208 207 206 205 204 203 202 201 200 199 198 197 196 195 194 193 192 191 190 189 188 187 186 185 184 183 182 181 180 179 178 177 176 175 174 173 172 171 170 169 168 167 166 165 164 163 162 161 160 159 158 157 156 155 154 153 152 151 150 149 148 147 146 145 144 143 142 141 140 139 138 137 136 135 134 133 132 131 130 129 128 127 126 125 124 123 122 121 120 119 118 117 116 115 114 113 112 111 110 109 108 107 106 105 104 103 102 101 100 99 98 97 96 95 94 93 92 91 90 89 88 87 86 85 84 83 82 81 80 79 78 77 76 75 74 73 72 71 70 69 68 67 66 65 64 63 62 61 60 59 58 57 56 55 54 53 52 51 50 49 48 47 46 45 44 43 42 41 40 39 38 37 36 35 34 33 32 31 30 29 28 27 26 25 24 23 22 21 20 19 18 17 16 15 14 13 12 11 10 9 8 7 6 5 4 3 2 1
