100
1 1 3
3 6 12
4 20 15
9 12 15
16 6 20
3 7 13
1 17 12
2 13 11
7 4 10
2 15 20
7 15 20
6 9 17
10 15 20
4 6 18
1 10 19
1 3 12
1 17 6
2 17 15
1 12 13
1 20 6
1 17 3
1 4 9
1 10 2
1 7 4
2 6 9
1 19 19
2 19 19
1 17 20
2 16 16
1 16 11
2 19 11
3 6 16
2 16 18
1 12 15
1 20 2
4 17 13
3 17 6
1 10 20
1 4 16
2 16 18
1 10 13
5 8 18
2 14 16
1 13 12
2 11 16
6 11 15
1 12 18
2 13 11
3 7 7
1 11 2
3 10 10
3 15 20
4 7 19
8 4 12
1 20 19
4 16 20
13 6 20
1 12 15
4 9 19
8 17 20
5 2 17
1 12 16
7 15 20
7 15 20
3 6 12
1 19 18
1 12 11
3 6 8
6 15 8
2 18 14
1 10 17
1 16 2
3 11 5
1 1 2
14 19 20
1 8 20
5 15 15
6 17 9
3 13 16
1 10 10
8 15 11
4 7 9
3 20 11
8 1 17
17 16 20
12 11 20
3 15 20
2 11 19
8 6 10
3 7 13
3 14 18
2 16 17
6 9 14
2 20 10
16 14 18
5 15 6
3 17 14
3 16 12
3 11 14
1 17 14
