1
4 15 100

1 1 3
3 6 12
4 20 15
13 6 20

A M V

1
12

3
3
2 1 3
1
1
3
3 2 1

10
0
1
2
3
14
32
48
500
5000
2424

20 17 310668382
517726017655520 501030908507792 497503104274270 503426493712154 503533094732590 528963784714035 544390792178707 550672730569346 502194507501402 532867450147776 552269781399858 532535539210241 516223651168144 542777677528091 523036821462132 546311090780080 543679950103528
519396511915536 534287180510089 534938792592434 536072160330515 552175087169833 499876432462636 545220014515074 524523086193246 502546774148408 520273845772392 516372686013409 516516462496131 516401860561451 551769708960227 532680072322954 499616876007734 539239182732768
531005635681524 535542970537493 497844643594422 497042538219129 496880779302294 534505797896638 508212675680105 520776474623879 507316295904137 510121253730946 518410365738100 497394118031724 530425087837519 551969487787344 537149298885522 520215557724539 506433505312280
540929687584734 540052981981472 547698049293367 500838488585317 532590638286103 529371091428490 526291746525275 500884267263623 536179774387954 503761152944449 507885900486634 544929411980701 505762184231144 539038783562998 547093343120951 508924502247639 517487161684758
551611447764266 524604836891733 518460694681563 510466368539283 507626332286532 538169667997223 550343555735812 532244263904891 531635282623650 507992290632691 502412460818316 535088892055206 550242265804152 505873214137433 541044232436477 498221984765700 495538612915200
502039051123304 511731839335694 535923339415653 497944520322670 535591698120073 541808408710434 507739075251064 525965449826019 532465904443513 522265408932177 526657916181248 515609576996892 507229721499935 523783726207424 512251808726128 528265906775910 528582357843202
537509153632771 503647975801452 505304404544720 506357185579873 511272256475077 509988278077531 542488877306424 527828484565942 499927610768509 534001015268039 543590546446935 527429586546079 537457620074152 519844994139407 497895711392640 549710552827628 550110747552581
542787930314375 499564084350464 498748971205880 495929462692325 542376429183354 550684372258701 550967627304390 545220003290127 545227226821060 536928549291503 507702634906550 533995233525088 524148398615204 518509106863236 509117834070332 542561877338614 511722739835011
543513156134526 515381144711326 534320298898073 544875472218992 503759833940432 541397347895805 501046758961736 532845628326089 541895370733293 535549374706218 499777374901931 499434061027411 503099064351869 535984545616724 538225092676384 507145505818100 549538268123414
498144315274579 535154685537831 511486213990370 513946827033680 507564434210658 528645616694375 505465624210829 504233942020540 544601515420395 506326497423205 511645653681128 512961708332525 495314656142428 551517459992909 533064621969810 509142331441313 547630348618216
549036040890184 527133827729793 549906166970617 530405048910226 521889692747399 526163312599870 503886567777284 536478545631608 499612411503601 527388754262904 542474505430679 538993404067866 511722480316386 530738490879327 502630547271732 495422065901061 519531303988960
528137930340009 549845271109798 498293052833406 511764693939829 521193617979436 548033001563387 532744052461823 528512901725183 496448072378385 525002021866945 535908887829441 544513986149929 537875680293637 541211087777412 510878311446489 513249815653089 550447642706661
551788548818558 535176031737595 541850158249192 537027706536842 518963766498434 495821327898581 519585406484004 503211095308100 500392812101767 499364689357408 509134499873847 529692570772495 527875670254691 548851141034522 504379023403132 518931564860563 502401461699699
544136024988277 530834267658887 533008337628452 505082685382826 525145111658105 527406379122137 495376544731231 513533116934246 504821484325223 533417146081588 516675690224292 533515606559897 496070699489524 526057948216024 508449845102165 505569235203843 546725287593238
500532887676348 535787407663508 533628318733295 509995514768663 542946765043150 513450079634438 499054807626923 499415291211166 543513901692006 524198514867189 532131746006989 522018746799647 534663184108690 495705415828285 526536185004635 545822049362937 544891791711800
529043272995729 496657329302432 505653619037253 506933081285840 499353560170249 534564117984255 499998790172764 508705876783084 497165139861363 532978991639597 546974566161820 541774901703922 530837477643276 519969418145406 533578575304349 528821884541300 505466087191448
536710031705747 519593982375685 502523393063387 512891126142064 544429381881648 498139610223850 504418303861263 528482902771452 527928962861484 542832614499267 543086441089872 522359129629459 530088900347321 524877020510641 551827574146134 517388516962570 521679903947185
0 528060930818744 514772390284906 527298056978097 520407520580746 514837342898194 550517052355689 518473689204992 516176331541329 550403718954190 502702930673841 548153723736322 522350511641321 517406037726608 509927039631410 503386813084877 531375181915149
0 0 526701634421079 526928179078279 523445091984085 511391436000327 501242342770555 517591748893946 525392309870673 507738936201972 525321225738835 501265671745742 547949415265644 548483945323078 516028105955027 547652073642469 508878704747299
0 0 507803444934638 540128135270255 507297079627352 503967320334821 499461111636062 516826555833205 510278352004074 527827950159038 510386683095488 504652632773947 495716622994290 548683410497770 534217006447024 530113253211653 508838879312617


3 3 2
1000 1000 1000
1000 7 1000
1000 1000 1000

9 9 100
37 71 35 12 63 65 48 33 100
100 60 92 64 95 65 85 40 12
27 72 9 99 23 41 72 39 44
96 85 87 46 45 72 13 47 1
20 12 16 96 85 47 87 6 65
34 14 94 65 42 87 36 89 53
73 74 0 45 100 65 54 44 34
13 69 98 84 53 87 58 40 31
53 86 58 61 14 11 57 90 29

3 6 5
5 9 9 9 9 9
0 8 9 0 2 5
3 9 9 9 9 9
3 6 3
3 8 10 11 10 8
7 5 2 12 8 8
6 9 11 9 8 4

1
bookkeeper

aabcd

