50
166
651593 457
652566 1221
653472 119
653642 205
654665 1806
655880 46
655932 56
656320 1243
658894 2393
660116 126
660213 42
660526 436
661112 238
661517 556
662397 801
663137 47
663385 825
664205 170
664895 698
665372 46
665780 308
666259 303
666623 269
666999 158
667158 14
667169 9
667197 27
667556 411
668088 128
668112 165
668172 200
668614 361
668910 146
668966 158
669306 22
669345 21
669379 94
669771 205
669945 111
670305 485
670866 498
671244 11
671863 1311
673301 1099
674169 213
674404 721
674730 785
677233 1792
677974 31
677995 12
678563 631
679493 770
680186 116
680303 121
681238 1700
682338 13
682352 8
682361 7
682373 10
682905 612
683469 379
684204 485
684426 148
684970 182
685584 1037
686284 168
686377 293
687004 500
687923 981
688696 374
689163 35
689370 25
689383 8
689397 9
689585 66
689794 390
690300 59
690351 25
690639 763
691700 590
691976 363
692241 78
693059 311
693149 991
694331 483
694748 202
695137 78
695193 64
695397 98
695477 238
696810 2018
697957 143
698070 151
698281 253
699235 902
699559 363
700200 57
700211 51
700214 51
700243 47
700527 250
700967 218
701272 336
701973 568
702527 43
702583 44
703064 577
703714 330
704452 388
704571 311
705170 166
705986 1003
706705 15
706727 154
707067 490
707349 662
708685 802
708992 87
709177 223
709469 162
709545 20
709798 130
710362 539
710954 204
711000 63
711233 19
711250 24
711300 23
711330 124
711575 159
711801 296
712391 307
713193 1130
713576 108
714063 99
714358 514
714887 206
715704 1176
716720 331
717016 156
717271 326
717587 197
717712 19
717743 36
717807 30
717850 24
718401 655
719526 999
720751 981
721550 389
722123 574
722634 174
723090 548
723964 648
724815 989
725643 172
725792 104
725942 20
725960 71
726378 601
726907 87
726965 89
727930 1360
728888 205
728910 179
729162 210
176
55047 468
55935 106
56039 198
56730 465
57552 1041
58591 103
58680 43
59484 1025
60645 1120
61409 376
61664 187
62235 148
63701 1657
65127 597
65639 190
66048 34
66405 571
67163 638
68160 301
68851 655
69343 309
69794 476
70707 270
71398 556
72136 508
72507 5
72516 4
73218 378
73788 380
74087 238
74500 470
74842 277
75717 582
76704 799
76938 115
77591 188
78691 1143
79998 987
80463 155
81148 186
81434 233
81694 69
83371 2052
84992 197
85159 95
85356 292
85889 177
86569 335
87116 286
87786 339
88578 92
89279 42
89289 51
89311 39
89442 84
90015 202
90722 608
91006 12
91602 3
91605 17
91738 7
91749 6
92032 437
92387 135
92620 134
92725 81
93221 435
93707 312
94486 21
94523 19
95318 368
95849 131
96154 119
96253 379
97561 983
98729 1215
99403 78
99931 343
100592 221
100986 591
101661 82
102807 988
103694 499
104571 132
105048 7
105061 8
105285 10
105535 473
106241 120
106325 192
107075 1132
107827 322
108400 748
109395 63
110528 1259
111773 22
111813 29
112529 246
112989 70
113426 107
113532 274
115064 1778
116395 33
116429 51
117526 1509
118967 277
119619 86
119745 140
120492 270
121278 58
121803 24
121833 62
122666 530
123290 128
124206 864
125238 300
125904 575
126161 69
126414 106
126957 429
127864 215
128498 511
129033 153
129174 79
129773 482
130778 661
131281 176
131908 851
133382 1946
135364 1003
136120 102
136285 4
136286 5
136908 359
137287 369
137539 13
138369 852
139128 38
139666 169
139838 421
140373 68
140661 359
141519 113
141787 71
142040 514
142912 229
143401 596
144374 303
144633 9
145128 178
145871 532
146472 563
147664 1080
148423 14
148503 179
149149 328
149829 292
150375 153
150828 670
151500 67
151647 147
152392 400
152935 398
153484 418
153753 109
154884 1389
156212 264
156658 912
157610 774
158443 431
159498 568
160128 323
160712 759
161624 1
162191 717
162985 68
167
-486436 260
-485943 266
-485822 284
-485811 263
-485698 246
-485474 240
-484933 326
-484364 508
-484203 474
-483646 466
-482941 502
-482841 471
-481123 496
-480708 514
-479815 1620
-478516 401
-478179 121
-478167 120
-478043 123
-477922 136
-477206 57
-477162 49
-477100 59
-477099 37
-477053 48
-477041 31
-477016 42
-476897 44
-476781 47
-476739 46
-476726 35
-476705 46
-476607 38
-476605 50
-476028 1626
-474030 556
-473683 563
-472883 561
-472840 540
-471580 285
-471253 247
-471205 279
-470490 240
-470460 237
-470255 233
-470088 290
-469761 271
-469670 242
-469055 275
-469040 263
-468881 257
-468813 256
-468806 296
-468307 274
-468182 238
-467822 259
-467275 1214
-465798 48
-465697 67
-465651 52
-465646 58
-465643 42
-465495 50
-465433 51
-465429 63
-465349 46
-465320 46
-465180 45
-465072 64
-465050 54
-464910 477
-464509 198
-464088 354
-463179 254
-463131 249
-462964 235
-462779 277
-462698 223
-461894 637
-456294 9395
-452065 791
-450607 66
-450576 70
-450569 65
-450461 59
-450435 74
-450403 59
-450364 73
-450123 66
-450033 73
-450007 66
-449881 136
-449077 1546
-447447 703
-446119 1161
-445506 350
-445188 327
-444720 349
-444715 343
-444291 355
-442361 614
-441959 602
-441485 563
-441472 610
-440705 611
-440126 618
-439350 620
-439168 621
-438688 620
-438677 593
-436567 936
-433772 3491
-432220 1857
-430252 1833
-428296 474
-428033 463
-427504 487
-427346 476
-426672 469
-426214 534
-425947 473
-425501 443
-425336 491
-424202 460
-423236 468
-422947 465
-422512 480
-422289 1039
-419160 4077
-417034 1356
-415443 12
-415350 15
-415263 1132
-413786 2269
-410927 720
-409931 674
-409860 665
-409226 672
-408000 1662
-404864 1611
-404375 3109
-401651 445
-401070 462
-400678 473
-400532 518
-400107 495
-399449 423
-398567 478
-397840 517
-396908 1059
-396268 169
-396151 127
-394479 2963
-391409 1472
-390565 766
-390287 70
-390275 69
-390046 68
-389040 408
-388974 369
-388847 385
-388633 412
-387838 366
-387062 361
-386527 361
-386177 380
-385876 616
111
-893773 69
-893205 339
-892255 854
-891380 76
-891027 33
-889471 2262
-887000 1880
-885892 30
-885741 69
-885533 212
-885173 209
-884416 1132
-883113 631
-882547 121
-882310 133
-881242 1859
-879381 999
-878463 587
-877734 814
-877235 33
-876866 87
-876670 307
-876164 578
-875832 24
-873754 3315
-871527 611
-870765 846
-869766 489
-868633 1268
-867663 347
-867084 667
-865874 963
-864864 320
-864496 322
-863800 443
-863125 337
-862831 213
-862206 690
-861006 1028
-860692 348
-859745 153
-859100 505
-858470 65
-858389 4
-858326 66
-857860 21
-857564 527
-856539 994
-855856 171
-854576 1792
-854437 638
-852884 108
-852347 731
-851707 385
-851191 148
-850885 111
-850590 258
-850122 253
-849282 554
-848142 1442
-847313 6
-846810 489
-845256 2035
-843816 494
-842653 1426
-841705 64
-841602 51
-841380 3
-841289 21
-841023 388
-839924 1353
-838723 567
-838077 113
-837504 635
-836654 827
-834878 2312
-833443 88
-833094 340
-832194 1094
-831292 202
-830564 227
-830342 545
-829710 63
-828881 1076
-827970 66
-827514 74
-827056 179
-826293 1057
-825001 1279
-824124 544
-823492 572
-822172 1431
-821270 125
-820781 585
-820150 647
-819247 423
-818441 358
-817591 968
-816123 1699
-814295 1556
-812913 415
-810348 4311
-807904 71
-807612 138
-807418 241
-807071 227
-806281 587
-805497 755
-804499 625
-803904 220
-802039 3015
110
452793 1233
454125 3776
457527 2398
458988 112
459042 30
460013 1377
460782 170
461143 413
461392 54
462521 1671
463407 389
464006 221
464296 149
464630 1641
467704 1899
468465 681
469228 779
470029 466
471034 1549
472247 230
472268 43
472374 47
472615 18
472639 25
472681 28
476452 7048
480492 132
480859 903
481826 411
482783 1007
483604 406
484202 546
485287 948
485396 187
486681 999
487485 519
488508 453
489042 1487
490345 608
491019 644
491976 879
493315 2050
497591 6180
500795 39
500826 40
501138 115
502808 2750
504443 461
504780 171
506264 2504
508366 3034
512992 2905
513945 397
515035 1414
516570 1205
517748 585
518486 768
519600 644
519824 7
519840 18
520569 711
520801 523
522002 1371
523468 1676
524821 454
525192 727
526469 823
527461 1605
528587 350
528654 77
528773 73
529191 83
529322 238
531502 3947
533720 17
533875 21
533891 14
533911 12
535538 2751
537796 1694
539445 796
539633 156
539881 291
540265 2
541583 2325
542936 9
542995 9
543121 547
544163 560
544299 640
545432 949
545871 448
548099 3163
550191 538
550473 235
551083 570
551909 537
552634 1096
553789 1299
555618 1150
556850 1737
557917 20
558530 656
558848 75
559888 1446
560664 553
561377 604
562192 461
562535 78
562887 20
136
17569 1807
18829 2653
23537 1877
23828 1828
24950 21
24972 11
25092 424
25519 96
26042 1256
26756 95
26762 41
26770 31
26841 38
26958 39
27004 36
27022 48
27048 45
27422 705
27475 103
28097 124
28168 128
28226 104
29453 136
30228 3779
34513 2808
37550 6008
41018 77
41133 64
42655 3015
44984 1613
46199 860
46868 214
47332 256
48912 225
50017 5482
52931 168
53044 45
54124 1929
54954 552
55596 539
56744 1043
57637 877
58330 769
59301 775
59897 781
63283 4579
64241 1768
66987 522
67260 59
67272 54
67347 63
67561 53
67581 53
67629 174
67884 624
68430 604
69780 577
71244 3458
73189 236
73368 85
73441 124
73526 101
73567 126
73720 104
73741 112
73971 103
74018 114
74131 125
74500 189
74512 105
74519 81
74557 68
74612 84
74633 60
74981 123
75057 146
75149 183
75309 241
75818 396
79420 6872
84934 4310
87190 21
87579 812
88230 446
88319 194
88768 195
89061 189
89134 191
89276 70
89417 85
89995 72
90124 1424
93224 4733
96155 658
97317 1045
98307 1059
98762 1825
100505 616
101034 247
101124 131
101171 160
101804 750
102727 1099
103317 293
103595 30
103603 9
103606 2
103609 10
103612 12
103618 11
103636 10
103647 8
103658 4
103760 282
104114 182
104169 243
104287 235
104800 253
105143 257
105366 248
105556 381
107446 3424
110183 1866
111078 68
111119 54
111139 66
111267 61
111373 45
111399 61
111570 60
111604 195
111817 559
112056 525
112506 584
114427 532
115376 2772
134
810620 82
810656 25
810721 25
810727 27
810732 20
810833 29
810838 30
810886 20
810912 23
810918 24
810957 23
810976 25
811000 20
811002 24
811026 33
811048 23
811089 26
811097 27
811852 122
811865 65
811921 52
812005 60
812165 65
812244 62
812399 65
812410 60
812445 64
812500 78
812569 75
812735 75
812755 61
812772 62
812786 78
812839 70
814938 971
815353 1010
815509 975
815560 1030
816645 1001
818078 987
821184 964
822177 1002
823022 1025
823603 2064
824732 563
825493 375
826116 364
826512 346
826718 366
826955 380
827053 368
827592 373
827903 382
831281 2996
831690 3126
836706 3059
840210 3538
842754 5775
844965 825
846618 841
846769 882
851788 738
852678 744
854633 801
855887 755
856867 777
857625 781
858239 823
858464 771
858770 806
858848 788
859022 832
859092 820
861200 794
861890 804
862125 873
863586 391
863660 397
863797 385
864434 416
864932 388
865664 422
866437 346
866481 393
866830 405
866926 411
867064 367
867514 415
868374 395
868395 396
868501 338
868750 390
868839 378
869940 943
871053 592
871733 593
872132 584
873927 566
874171 606
875138 591
875626 568
876746 3966
883015 5527
887431 1853
887468 2009
888968 1924
889235 1946
889466 1912
893233 1892
894882 1920
899600 1957
901253 1942
908501 1959
908606 2029
908873 1919
910197 1990
913007 3406
914874 55
914904 73
915037 62
915133 64
915165 59
915211 53
915248 61
915362 68
915394 68
915406 62
915417 63
915447 59
915486 72
915613 64
915661 51
915830 64
915864 60
1
-1000000 100000
194
539720 579
539986 594
540552 650
542441 632
543146 594
543601 1929
546443 3114
548222 325
548966 160
548987 155
549033 140
549088 140
549345 131
549361 139
550133 167
550190 838
550824 58
550906 39
550934 21
550953 32
550983 24
551328 985
551800 1010
553614 991
553649 1036
556533 997
557398 1720
558199 419
558312 238
558596 231
559167 237
559478 239
559829 225
559886 254
559988 246
560191 245
560752 1189
562728 1035
563852 1109
563881 1024
565030 14
565040 15
565065 14
565066 17
565073 23
565421 28
565487 34
565503 28
565516 29
565532 28
565552 25
565574 100
566129 326
566152 299
566640 300
566989 292
567535 312
568115 716
569350 1737
571708 1710
573450 2647
575602 802
576604 525
578553 741
578943 767
579042 753
579892 760
580327 804
580571 809
580715 753
582471 1377
583701 49
583790 40
583792 34
583819 24
584621 254
584723 258
584825 224
585030 247
585420 896
586388 143
586641 236
587901 2223
589401 499
590009 153
590325 116
590421 127
590472 108
590565 292
591415 1072
591629 2
594334 3613
597018 1314
597957 1306
598619 1283
600012 174
600104 168
600589 193
600696 213
600894 208
601330 181
601499 197
601544 709
602374 115
602376 43
602447 21
602455 26
602458 24
602467 26
602672 93
602764 73
602824 84
602903 71
603029 95
603580 181
603816 187
603893 173
603994 195
604593 225
604717 188
604897 979
606339 649
607294 3065
611735 2835
614469 2827
617525 3655
619485 457
620150 436
620910 444
621060 416
621230 478
623128 827
623279 782
623673 818
625046 806
625645 841
626361 804
627714 780
627817 815
628523 790
629582 802
630476 980
631782 629
632435 611
634028 1024
635382 3656
637685 224
637734 214
638306 529
638697 14
638704 12
638735 16
638754 13
638757 34
638877 41
638908 50
638910 42
638939 23
639016 25
639085 73
639354 10
639379 13
639384 11
639386 9
639391 8
639407 5
639417 7
639423 10
639427 9
639429 9
639434 9
639439 11
639443 10
639445 7
639451 12
639488 7
639869 291
640174 266
640567 287
640912 314
641061 288
641444 305
641601 286
642079 265
642121 329
642226 303
642452 295
642494 256
643522 253
643698 950
645051 725
645228 70
645440 61
645555 64
170
-431482 411
-431011 416
-430790 259
-429749 201
-428164 1953
-427034 31
-427017 26
-426135 361
-425927 101
-425164 58
-424154 879
-422801 557
-422330 112
-422242 35
-421750 135
-421492 740
-420820 21
-420171 312
-419372 883
-418626 104
-418500 130
-417856 533
-417632 499
-417027 478
-416173 857
-415614 243
-414954 255
-413663 881
-412471 725
-411304 1428
-410349 153
-409750 630
-408938 570
-408833 50
-408320 6
-407247 993
-406604 229
-405838 636
-404864 82
-404799 41
-404314 631
-403919 257
-402822 1166
-401512 769
-400169 355
-399720 648
-399337 74
-399241 46
-399102 118
-398864 232
-397963 217
-397737 133
-397341 141
-396684 672
-395808 182
-395584 427
-394066 2185
-391954 42
-391250 2265
-389639 888
-388626 952
-388066 38
-388011 103
-387420 961
-386176 85
-385389 764
-384701 176
-384561 117
-383537 625
-382948 278
-382415 204
-382013 209
-381389 56
-381209 271
-380239 506
-379381 42
-377693 3257
-376038 44
-375971 71
-375253 83
-374474 704
-373714 83
-373406 45
-373326 51
-373290 61
-372470 533
-371487 266
-371172 652
-370112 183
-369418 172
-369339 96
-368691 598
-366896 1556
-365678 299
-365519 321
-364483 502
-363239 514
-362315 128
-361666 334
-361067 601
-360269 29
-360231 67
-359482 186
-358902 1481
-357409 261
-356682 507
-355900 183
-355739 80
-355157 500
-353450 1509
-352077 382
-351531 456
-350997 276
-350257 153
-350171 131
-349808 434
-349499 138
-349222 137
-348852 481
-347523 945
-346445 22
-346430 6
-344712 1970
-343245 423
-342693 611
-341750 502
-341502 228
-340471 754
-340047 205
-337888 2574
-336218 80
-335813 17
-335794 14
-334574 1521
-333186 47
-333151 15
-333040 63
-332502 148
-332169 209
-331597 856
-330638 531
-329752 392
-329521 69
-329150 9
-329146 15
-328512 522
-328028 318
-327618 273
-326873 953
-325478 790
-324389 822
-323952 128
-323161 340
-322598 47
-321850 402
-319721 2828
-317807 505
-317494 337
-316289 804
-314997 710
-314438 77
-314386 65
-313900 491
-313287 14
-312883 560
-311801 669
-311485 27
-310720 305
-310152 412
-309167 39
150
-555225 679
-554750 295
-554207 472
-553702 422
-553071 317
-552181 1440
-550326 2068
-547525 2213
-546478 1927
-544929 446
-543992 730
-542068 2438
-540639 2142
-538810 341
-538660 159
-538393 140
-538239 153
-537879 154
-537833 166
-536819 1865
-535125 1292
-534185 88
-534161 47
-534100 74
-534032 44
-533618 83
-533519 529
-532935 339
-532351 563
-531979 152
-531549 380
-531194 150
-531128 58
-531106 18
-531064 21
-530832 444
-530438 164
-530415 57
-529190 2082
-528192 146
-527433 939
-526451 458
-526166 15
-526149 16
-526099 163
-525847 1
-525846 1
-524809 1188
-524695 322
-524667 329
-523465 356
-521782 3083
-519388 1624
-518421 48
-518351 35
-518337 33
-517928 551
-517477 134
-517092 865
-516451 236
-516143 236
-515628 807
-514439 308
-514436 346
-514147 189
-514036 110
-513739 57
-513687 33
-512987 1217
-511083 2127
-510034 96
-510027 64
-509813 55
-509795 72
-509725 5
-509721 1
-509716 19
-509295 470
-508995 11
-508989 7
-508953 21
-508941 52
-508630 178
-508283 681
-506782 2067
-505202 416
-504949 736
-504185 222
-503838 183
-503705 12
-503704 24
-503689 38
-502492 2209
-501148 210
-500603 718
-499975 301
-499673 218
-499540 127
-499333 205
-497290 3472
-495380 258
-494864 404
-493671 1971
-492558 126
-492313 131
-492214 56
-492011 690
-490833 912
-490167 215
-489616 986
-488364 1330
-487335 764
-486400 736
-485811 389
-484843 1323
-483549 648
-483011 736
-482552 273
-482326 289
-481704 348
-481141 940
-480050 885
-479670 558
-478240 467
-478124 1311
-477088 418
-476508 443
-476094 41
-475908 767
-475130 389
-474628 683
-473872 585
-473739 17
-473723 31
-473301 75
-473016 15
-472945 170
-472455 378
-471898 577
-471489 7
-471482 7
-470840 796
-469919 1149
-468699 906
-467542 1061
-465879 1929
-464831 1322
-462185 1407
-461316 1419
-459831 1054
153
130101 817
130917 147
131020 206
131421 262
131922 316
132153 24
132180 76
132504 67
132765 141
132796 183
134086 1810
135346 108
135480 220
136448 965
137777 2169
139455 899
140028 354
140602 88
140653 71
142266 2644
143762 102
143923 84
144055 244
144843 874
145641 447
146634 1520
147543 187
147741 174
148282 505
148498 160
149135 634
149766 562
150873 1672
152408 1353
153260 479
154261 1050
154874 152
154904 95
155062 64
155118 76
155202 53
156256 2037
157485 293
157688 53
158037 481
158536 420
159147 613
160380 1846
161925 219
161972 574
162599 263
163027 307
163413 466
164286 981
165606 1131
165620 30
166048 3
166526 501
167023 376
167437 100
167623 247
168195 423
168484 81
169793 2472
171474 304
171528 103
171673 124
172056 245
172330 306
172744 183
172964 174
173106 191
173667 2431
177971 2600
179932 2785
181624 309
181917 453
182490 247
182603 107
182856 133
183076 462
183648 316
184066 544
185040 1235
185561 387
186409 122
186806 992
187659 1560
190208 1257
190637 1198
194888 6065
196848 1195
198066 1168
200107 534
200588 470
201304 400
201666 494
202621 1568
203542 57
203860 329
204353 183
204557 158
204575 162
204728 199
205608 948
205772 36
205787 50
207158 1585
208923 1114
209390 358
209499 377
210329 416
210883 388
211224 168
211308 75
211575 246
212308 962
213834 1877
215502 1033
215508 180
216287 177
216476 204
216985 544
217614 183
217650 119
217822 113
218303 428
218804 260
219416 179
219520 170
219560 174
219661 165
219934 188
220118 193
220422 438
222730 3592
224667 117
224820 153
225062 177
225291 214
225608 288
225913 262
226315 11
226354 67
226650 150
228513 2967
230465 443
230488 450
231384 817
232877 2170
235668 3373
237546 329
239455 3351
139
489019 282
489111 120
489599 763
490335 522
491073 955
492187 1099
493012 383
493353 173
493541 256
493692 15
493741 63
493809 10
493816 2
493913 166
494169 227
494324 81
494422 95
494581 169
494839 171
494965 6
494975 12
494992 10
495085 159
495431 405
495837 227
496007 9
496026 14
496705 1059
497614 1132
499072 1514
500533 1380
501279 19
501302 16
501697 583
502222 358
502630 268
503575 833
504273 1567
506496 2460
507779 83
507897 94
507936 5
508205 417
509165 1428
510713 1067
511405 1155
512487 437
513574 1558
514703 558
515086 381
515774 364
516111 496
516486 481
517186 366
517366 324
517670 185
518313 970
519145 317
519206 413
519779 271
519955 196
520339 246
520929 898
521729 536
522081 16
522093 12
522385 399
522600 917
524596 1685
525371 135
525518 371
526246 958
527428 1307
528810 1309
529597 126
529789 403
530367 563
531022 679
531828 838
532520 505
533225 812
534075 683
534224 31
534665 475
535277 512
536674 2255
537848 7
537873 5
537956 202
538172 57
538715 861
539976 1606
541962 2297
543007 272
543448 86
543546 77
543616 78
543693 27
544267 938
544643 87
544807 102
545049 165
545276 221
545707 742
546454 465
546881 551
547474 339
547520 271
548420 1107
549135 210
549410 168
549850 798
550906 1178
551907 792
552338 509
553316 521
553418 41
554098 1170
554557 14
555519 1490
557300 1877
558376 184
559133 1012
559208 155
560076 570
560393 355
561055 757
561287 44
561519 448
562449 755
562851 191
563183 487
563661 225
563972 403
565043 1627
566831 1810
568743 1824
569837 317
570111 193
144
-965590 336
-964497 669
-963145 1401
-962139 377
-961611 291
-961079 111
-960890 35
-960833 179
-958991 1945
-955487 3461
-953660 655
-952523 581
-951877 322
-950795 206
-950656 100
-950344 15
-950320 17
-949455 1671
-946436 3224
-944725 129
-944469 230
-943817 387
-942939 211
-942163 36
-942130 29
-941269 919
-939774 1330
-938384 1182
-937207 762
-935856 386
-933822 2698
-932078 96
-931490 107
-931381 65
-930764 368
-930038 798
-928837 422
-927576 541
-927266 36
-927242 17
-925731 1950
-924612 73
-923834 265
-922790 19
-922708 171
-921382 1759
-919137 2386
-917756 298
-917097 616
-916363 654
-915788 296
-914704 327
-914566 282
-914130 228
-912816 713
-911767 585
-910471 523
-909598 286
-909126 351
-907145 2784
-905148 842
-904340 259
-903876 263
-903431 621
-901729 1645
-899840 722
-899366 223
-899336 188
-898463 328
-897119 1168
-896117 355
-894598 1055
-893658 119
-893375 770
-891359 1809
-890135 581
-888930 225
-887969 585
-887550 70
-887456 91
-886506 918
-885081 502
-883998 253
-883170 574
-882549 234
-882102 845
-881570 316
-880936 744
-878965 2256
-877131 616
-876682 82
-875176 1628
-874137 242
-873723 243
-873065 974
-872352 205
-870488 3411
-867194 1949
-865339 1069
-863918 912
-862986 371
-862143 1180
-860387 514
-859129 207
-858950 81
-858027 333
-856430 1956
-854324 1107
-853660 34
-853561 135
-852992 226
-851963 261
-850814 296
-850620 332
-849947 176
-849290 1010
-847308 1546
-846069 60
-844211 2628
-842610 418
-841836 591
-841338 183
-840826 136
-840801 25
-839796 480
-839717 513
-838345 988
-837165 958
-836114 349
-835389 514
-834914 196
-833981 594
-832923 907
-831230 1732
-829865 896
-829093 399
-826809 2814
-825160 37
-824193 1436
-822829 282
-822568 314
-820788 1355
-819462 260
-818546 367
127
-631990 60
-631610 111
-630832 786
-629836 1116
-628970 136
-628825 60
-627640 1856
-626419 445
-625813 334
-625499 128
-624819 973
-623985 284
-623582 280
-622708 1134
-621868 49
-620388 2216
-619180 654
-618498 47
-618237 364
-617420 1093
-616615 279
-615331 1808
-614298 205
-614135 24
-613867 386
-612783 1300
-610720 2459
-609237 480
-608595 512
-607948 96
-607913 49
-607775 22
-607678 105
-607362 62
-606856 894
-606389 7
-606176 55
-605866 37
-605747 65
-605738 13
-605562 163
-605218 46
-604824 377
-603166 2838
-601382 186
-600309 1874
-599104 198
-598826 171
-598507 93
-598357 185
-598099 282
-597796 18
-597576 116
-597064 679
-596255 587
-595819 186
-595564 48
-595033 364
-594713 609
-594177 115
-593706 763
-592228 2075
-591079 165
-589871 2084
-587340 2393
-586017 45
-585671 421
-585077 591
-582927 3453
-580057 2219
-578594 173
-578499 18
-577896 594
-577225 561
-575839 1558
-574651 624
-573575 1167
-572690 32
-572681 9
-572265 759
-571626 79
-570922 1116
-568670 3346
-566155 1045
-565479 43
-565219 138
-564526 990
-563861 42
-563559 60
-562888 931
-561672 1119
-560809 540
-560183 288
-560122 66
-559697 153
-559228 104
-558743 435
-558216 204
-557712 227
-556521 1521
-555131 623
-554192 1194
-553534 111
-553097 751
-551901 1239
-550847 454
-550320 591
-549724 423
-549235 140
-548778 410
-548445 221
-548136 371
-547174 1107
-546058 508
-545387 574
-544340 1217
-543442 16
-542528 1477
-541552 23
-541392 170
-540693 785
-539895 548
-538362 2230
-536597 1168
-535701 301
-534955 530
-534315 366
175
839497 361
839723 39
839990 260
840244 75
840514 151
840629 9
840876 171
842054 1917
843157 103
844130 1795
845269 204
845815 600
846699 950
847356 90
847399 10
847720 258
847990 222
848240 141
848458 77
848588 114
848909 320
849231 175
849443 139
849723 292
849969 24
850253 438
851034 891
851987 766
852651 339
853053 186
853426 572
853810 6
853960 122
854314 290
854667 96
855091 777
855854 530
856218 42
857121 1673
858564 1060
859265 125
859930 1184
860634 181
860934 399
861307 280
861625 29
861651 43
861994 332
862840 1081
863541 114
864322 1167
865116 90
865457 254
866405 1523
867218 64
867397 319
867933 580
868397 42
868567 99
869817 2063
870881 3
871373 1009
872379 948
873970 2029
875486 658
876654 1465
877759 732
878470 550
878819 57
878997 252
879338 133
879724 290
880259 197
880427 556
881485 1434
882573 624
883154 422
883403 41
883833 665
884259 59
884372 77
884489 68
884636 175
884986 178
885159 129
886646 2583
888131 63
888578 521
889632 1339
890368 94
890506 151
890801 126
890945 128
891453 531
892474 1368
893343 16
893383 51
893447 70
893734 314
894172 377
895008 942
895525 67
896306 1302
897020 15
897031 8
897555 893
898465 810
899102 389
899419 200
899948 728
900605 399
901161 562
901582 125
902279 937
903065 364
904169 1460
904688 343
905557 729
906328 504
907231 1080
908006 142
908388 372
908727 155
909144 484
910215 1356
910973 63
911292 351
911753 276
911925 124
912435 622
913067 438
913583 310
913834 149
913970 107
914160 21
914214 22
914393 135
914771 267
915016 50
915104 81
915466 348
916099 863
916677 67
916761 82
916876 97
918015 1948
919436 885
920883 1802
921934 110
922274 297
922537 270
922902 237
923352 551
924017 577
924646 402
925068 266
925432 389
925851 392
926925 1395
927817 13
927825 12
928193 577
928782 398
929226 218
930850 2660
932222 117
932413 161
932618 119
932768 141
933590 1468
934462 225
934717 194
935446 1033
936536 1121
937272 63
174
119669 1385
120514 1427
124695 1429
124875 1345
125654 3838
128532 201
128541 40
128645 47
128677 35
128719 45
128771 41
128799 41
128870 36
128875 45
128928 40
128949 25
129061 23
129130 43
129141 40
129144 32
129212 29
129221 42
129295 48
129370 39
129438 37
129481 47
129484 35
129607 38
129642 43
129666 38
129699 31
129736 44
129753 37
129762 40
129781 41
129783 38
129804 37
129894 33
129899 31
129962 35
129972 27
129981 38
130046 29
130101 22
130132 36
130137 30
130158 37
130195 36
130251 47
130280 44
130321 36
130395 34
130403 39
130415 36
130463 43
130481 31
130507 35
130571 32
131765 2071
133055 1984
133893 2070
135162 2040
136944 1978
146301 5902
146769 697
146937 722
147855 692
148226 667
150528 636
150681 690
151142 688
151665 679
152840 687
153581 706
154048 646
154844 688
155314 694
156546 2010
157835 361
157840 314
158310 268
158486 297
158659 274
158728 282
158986 265
159452 263
159609 261
159973 267
160178 260
160267 292
160485 248
160728 264
161362 269
161487 291
161738 262
161936 290
162191 288
162204 290
162832 260
163355 249
163859 280
164189 278
164397 272
164616 267
164746 290
165056 269
165504 297
165747 259
167191 253
167452 266
167512 239
168110 281
168196 267
168237 288
168244 248
168391 232
168539 266
168627 255
168726 281
169784 2034
171631 1265
172267 759
173258 739
174088 765
174424 803
181456 4818
185874 3157
188195 3293
191760 3155
191931 3199
192710 3229
195442 3309
196312 3174
198813 3202
205488 3247
208838 3245
212997 3217
215463 131
215578 144
215642 146
215711 118
215747 136
215914 143
216248 151
216261 123
216374 123
216791 157
217105 149
217165 143
217250 133
217492 124
217627 522
217860 172
217895 55
218018 48
218184 65
218194 60
218224 42
218272 47
218283 51
218350 44
218458 49
218501 49
218536 45
218629 55
218717 59
218761 58
218867 57
218928 34
218933 54
219015 39
219021 42
219036 52
219065 67
105
79274 2199
80766 497
81298 521
81577 548
82744 1339
83889 681
84538 638
85430 729
86229 430
86924 437
87653 709
88472 764
89128 665
89640 617
90413 106
90895 923
92720 1322
93406 311
94142 726
95181 321
95326 764
97215 2727
98691 366
99428 693
99936 223
100250 247
100832 726
101689 371
102193 335
102463 316
102505 309
102827 355
103353 28
103371 7
104771 1831
106619 390
106751 385
107584 1162
108581 60
108661 69
109391 71
109550 61
109713 1977
111021 1534
114091 2020
114830 99
114909 55
117241 4400
120293 791
120664 268
121610 1469
122900 603
123496 291
123713 103
123799 118
124676 332
125035 320
125328 302
125368 281
126711 202
126882 206
127039 802
127813 19
127817 18
127825 18
127911 84
128779 719
129735 45
129763 53
129856 51
129922 155
131331 2540
133251 925
134133 61
134174 67
134199 544
135127 420
135833 171
136036 175
136351 175
136406 166
136509 160
137180 233
137232 128
137461 120
137722 100
137876 104
137949 441
139250 1266
140258 460
140525 256
140820 307
141349 330
141398 334
142156 435
143853 3087
145520 53
145618 58
145621 54
145962 526
146765 522
146933 509
149055 2331
150531 87
150908 650
151
-522416 290
-521753 147
-520596 1350
-518936 484
-518207 316
-517666 234
-517251 294
-516961 130
-515980 745
-515341 43
-514632 1166
-513834 129
-513316 97
-511477 1979
-509149 1128
-507719 715
-506734 240
-506354 48
-506314 29
-505957 183
-504574 1531
-503357 189
-502882 226
-501756 874
-499367 2488
-497283 419
-496060 1173
-494895 184
-494667 27
-493863 471
-492733 162
-492450 6
-492438 7
-492262 84
-491898 328
-491308 95
-490366 506
-489249 757
-487604 1248
-485974 436
-485036 314
-483841 1905
-481885 406
-481219 60
-480964 441
-480402 8
-479774 101
-479693 555
-478704 255
-477590 287
-476318 975
-475029 505
-473540 749
-472501 732
-472039 118
-471899 103
-471125 214
-470858 215
-470232 63
-469508 72
-468863 816
-468271 105
-467422 42
-465338 2619
-462901 831
-461686 224
-461335 257
-460166 880
-458696 323
-458344 329
-457539 432
-456620 895
-455576 321
-455215 170
-454307 19
-453467 624
-452879 456
-452001 85
-451910 622
-450890 770
-449863 524
-449051 76
-447784 1253
-446285 1495
-444335 1836
-443032 203
-442169 16
-441672 279
-441326 236
-440005 844
-439440 41
-438808 487
-438158 134
-437437 1127
-436459 295
-435624 881
-433298 2548
-431672 484
-430519 301
-429622 705
-429142 49
-429088 26
-428165 272
-426848 731
-425212 1820
-423779 343
-422515 788
-421992 107
-421261 78
-420243 474
-419513 544
-417637 1815
-416667 5
-416585 234
-415397 679
-414193 869
-412513 2199
-410565 136
-409883 264
-409420 600
-408842 32
-408256 4
-407667 50
-407582 55
-407169 36
-406129 1913
-404737 768
-403968 290
-402826 1335
-401947 292
-400454 998
-399636 225
-398216 969
-397289 140
-397102 88
-396992 89
-396392 114
-396236 19
-395657 714
-394519 310
-393174 809
-392159 650
-391609 117
-390668 450
-389602 672
-387616 1581
-386319 116
-386023 202
-385683 99
-384726 630
-384119 487
152
508065 274
508315 32
508365 131
508630 321
509030 323
509147 80
509175 71
510285 1790
512013 1444
513145 599
513646 225
513938 339
514556 895
515364 690
515852 243
516164 222
516418 327
516688 21
516872 335
517129 46
517165 23
517198 94
517389 178
517810 648
518240 302
518661 289
518907 357
519481 647
520321 966
520961 280
521195 253
521671 302
521866 111
522031 171
522418 368
522649 254
523085 269
524541 2651
526132 1077
527685 725
528061 711
528422 33
528578 70
528684 85
528844 91
529128 342
529565 459
530031 325
530358 364
531058 993
531791 234
531849 37
532666 1436
533438 65
533604 39
533626 34
533976 438
534809 1146
535618 417
536351 1018
537092 287
537195 38
537270 104
537379 76
537512 264
537918 235
538781 1466
539763 439
540803 1487
541677 76
541782 90
542573 1332
543602 835
544434 375
545150 1316
546182 606
547194 1236
548597 1496
549914 1233
550988 565
551439 425
551905 496
552378 268
552733 469
553067 362
553740 442
554016 153
554452 671
554943 212
555325 582
555868 437
556164 3
556367 449
556779 301
557102 257
557414 423
558131 614
558433 54
558987 263
559489 1539
560673 638
562039 1947
563159 235
563697 687
564242 348
565998 2983
567534 28
567621 151
568679 1905
569653 24
569777 20
569802 26
570317 925
571393 1220
572368 624
572654 229
572961 240
573215 235
573904 1005
574524 89
574711 215
574890 259
575201 146
575360 75
575490 63
575719 240
576544 1327
577314 160
577444 105
577680 211
577930 245
578249 291
578587 281
578798 8
578821 50
578957 29
578990 39
579909 1762
581173 708
581592 68
581691 83
581949 547
583222 1590
584267 454
584867 569
585103 547
586333 785
586633 151
586730 124
586941 179
587620 1005
588625 821
174
-466266 114
-466263 22
-466225 12
-466218 12
-466175 19
-465303 348
-465161 326
-464696 316
-464286 340
-463616 323
-463491 323
-462754 1030
-462338 5
-462336 4
-462330 5
-462324 3
-462319 5
-462314 2
-462304 10
-462298 14
-461290 186
-461227 214
-460967 217
-460878 208
-460421 405
-459281 417
-458777 464
-458292 491
-457578 533
-457434 71
-457357 77
-457011 534
-456086 327
-455827 103
-454512 785
-454060 286
-452955 20
-452927 24
-452894 31
-452859 73
-451985 421
-451263 418
-450982 445
-450448 403
-450017 413
-449731 418
-449690 439
-449527 410
-448001 211
-447942 31
-447865 30
-447836 24
-447799 41
-447126 472
-446897 67
-446882 65
-446782 56
-446178 939
-444947 970
-444003 126
-443835 155
-443561 172
-443007 137
-442994 129
-442871 133
-442782 125
-442363 350
-441220 1457
-439928 140
-439840 105
-439708 143
-439576 276
-438529 474
-437182 335
-436958 317
-436276 1216
-435270 146
-435158 214
-434293 472
-433610 207
-433605 184
-432840 108
-432807 109
-432634 116
-432585 331
-431900 38
-431652 50
-431526 660
-430676 206
-429482 2311
-427833 147
-427827 20
-427823 15
-425980 2923
-423550 415
-423458 65
-423399 79
-423379 73
-423369 49
-423361 67
-422061 1373
-420757 63
-420724 55
-420478 344
-419661 139
-419450 140
-419359 604
-418315 400
-418057 72
-418024 75
-416880 324
-416660 318
-416534 1040
-415169 108
-414982 126
-414978 99
-414083 919
-413413 413
-412891 428
-412401 420
-412166 396
-411428 246
-410575 153
-410357 146
-410259 109
-410026 160
-409970 130
-409400 44
-409316 49
-407950 855
-407566 245
-407277 236
-405506 1769
-403988 41
-403885 68
-403874 58
-403596 546
-402537 307
-402117 151
-401901 145
-401860 166
-401642 164
-401455 160
-400880 58
-400865 67
-400856 71
-400747 60
-400676 61
-400656 66
-400602 61
-400536 91
-400155 358
-399921 198
-399542 983
-398191 756
-397319 806
-396654 802
-396059 823
-393213 936
-392280 907
-391356 1016
-391253 4372
-387252 312
-386603 261
-386233 153
-386195 179
-386188 160
-385884 165
-385681 159
-385496 171
-384133 854
-383710 773
-382532 537
-381980 405
196
706467 226
707543 778
708625 164
709211 121
709391 109
709996 172
711343 1347
712344 38
712872 84
713338 142
714003 460
714715 249
715401 245
715933 233
716676 56
717107 135
717288 204
717800 803
718535 342
719160 149
719578 458
720221 148
720628 20
721278 622
722152 215
722665 2
723103 184
724395 2031
725513 38
726335 528
726995 150
727330 341
728170 335
728724 130
729461 281
730831 1329
731931 524
732799 194
733157 4
733184 46
733350 227
733985 547
734416 285
735039 193
735270 118
735754 239
736302 112
737187 838
738335 827
739206 152
739881 60
740394 798
741287 3
741669 167
742220 126
742650 318
743057 213
743512 298
744491 557
745425 661
746187 305
746949 260
747189 151
747635 5
748086 157
748596 158
749413 903
750239 100
750988 349
751412 132
752282 441
753100 92
753819 484
754904 493
755840 731
756766 10
756813 192
757256 112
757492 190
757947 113
758700 189
759367 215
759762 53
759973 220
760484 114
761284 374
761983 69
762730 322
763252 552
764235 1282
765539 341
766401 566
767209 361
767851 202
768640 496
769079 183
769307 38
769523 30
770312 782
771223 160
771447 101
772160 194
772679 21
772895 342
773677 455
774308 16
774676 2
774982 59
775195 221
775770 45
776413 91
776694 342
777422 527
778118 418
778507 91
778707 255
779124 242
780004 137
780014 169
780842 206
781205 14
781843 1133
782940 150
783316 501
784193 441
784789 345
785518 131
786106 35
786626 364
786890 45
787540 701
788167 255
788454 10
788693 12
789317 120
789569 7
790565 769
791381 176
792127 228
792602 177
793248 286
794075 620
794789 331
795791 725
796345 271
796951 22
797656 168
797828 18
797942 176
798648 14
798757 120
799481 793
799948 11
800696 493
801674 828
802628 143
802805 38
803093 147
803535 11
804145 401
804608 61
804714 55
804834 184
805734 514
806702 609
807521 523
808346 129
809680 1355
810797 382
811229 22
811849 172
812488 66
812651 195
813110 154
813429 191
814273 483
815300 898
816772 838
817972 552
818679 32
818890 371
820046 934
821123 309
821565 19
822152 25
822763 517
823675 121
824353 389
825174 405
825798 492
826248 58
826652 314
827470 464
827935 70
828142 31
828431 101
136
851050 787
851342 355
852213 360
852317 330
852910 538
853492 274
853937 324
854536 42
854592 46
854907 137
854917 21
854974 17
855013 14
856040 1819
857530 55
857571 51
857580 37
857631 38
858847 2030
860962 651
861312 714
862658 1371
863169 402
864760 1293
865479 915
867225 1206
867862 378
868450 409
868996 408
870408 962
871461 2280
873610 679
875289 1785
876878 1370
877856 69
878440 830
879060 347
879452 11
880619 1296
881775 99
881838 126
881856 131
881997 240
882507 470
883327 965
884114 297
884543 439
885537 294
885790 265
886117 1075
887156 353
887462 343
887913 329
888043 566
888584 643
889611 441
890031 431
890517 168
890746 118
893034 3524
895263 44
895527 888
896486 142
896599 78
896689 89
898353 2253
900070 543
901003 383
901135 418
902354 1994
903882 541
905404 1562
906159 894
907048 883
907870 684
909006 408
909293 394
910349 1144
912206 1691
913475 399
913608 33
913641 71
914734 1437
917211 2686
918206 376
919033 372
920437 2203
921800 340
922302 336
922403 330
923073 32
923126 29
923407 11
923414 6
923417 12
923760 320
924468 975
925750 606
926436 626
927066 1150
928150 357
928353 266
928881 269
929375 281
929413 278
930441 866
931060 16
931069 3
931070 4
933070 2890
934959 3
934966 11
935572 219
935770 80
935819 72
937023 1756
938122 1003
940170 1877
941724 102
942143 1310
943275 82
943322 108
943450 88
943455 93
943727 60
943824 211
944240 387
944396 61
945734 1902
947306 659
947975 344
948232 345
949103 359
949271 352
951184 2728
953147 1510
200
-984302 1
-963402 1
-957401 1
-953467 1
-920358 1
-913453 1
-900382 1
-876808 1
-870595 1
-839114 1
-832607 1
-817986 1
-804567 1
-793062 1
-779002 1
-768736 1
-763766 1
-758263 1
-756419 1
-754220 1
-752191 1
-747403 1
-720737 1
-708999 1
-687992 1
-683467 1
-670944 1
-667760 1
-667379 1
-638587 1
-622874 1
-621354 1
-591331 1
-589623 1
-585807 1
-559550 1
-555316 1
-553766 1
-537711 1
-533595 1
-532152 1
-530905 1
-529747 1
-516588 1
-499373 1
-499107 1
-497223 1
-492995 1
-483492 1
-449569 1
-436558 1
-433807 1
-420493 1
-413270 1
-404845 1
-404005 1
-400300 1
-385109 1
-378708 1
-378378 1
-364117 1
-341439 1
-325610 1
-324363 1
-318045 1
-308749 1
-264096 1
-263412 1
-260317 1
-240082 1
-238479 1
-218503 1
-207559 1
-196914 1
-177236 1
-175525 1
-170306 1
-161678 1
-142143 1
-135431 1
-119666 1
-91671 1
-69986 1
-64341 1
-59229 1
-54299 1
-47219 1
-39743 1
-38464 1
-28176 1
-18316 1
-3801 1
6181 1
16100 1
19037 1
54917 1
59968 1
62633 1
63563 1
65253 1
97517 1
99700 1
111536 1
120933 1
125979 1
126928 1
127399 1
148109 1
167288 1
174997 1
178692 1
184217 1
187438 1
195429 1
196867 1
198777 1
213554 1
215578 1
226733 1
231774 1
247918 1
260724 1
263784 1
271965 1
277111 1
291335 1
301807 1
323523 1
344797 1
361306 1
373321 1
388958 1
392271 1
402322 1
407278 1
409251 1
421610 1
423444 1
432755 1
435375 1
439407 1
451907 1
455687 1
475505 1
481507 1
484409 1
485195 1
488576 1
488893 1
491202 1
524106 1
529323 1
536356 1
542676 1
544522 1
564191 1
566376 1
615799 1
628189 1
629804 1
652261 1
654594 1
662422 1
675688 1
679960 1
683272 1
697314 1
716460 1
717157 1
734072 1
741141 1
743348 1
745091 1
755789 1
763963 1
779448 1
782351 1
784079 1
802562 1
813844 1
828209 1
845061 1
852958 1
860210 1
861305 1
873385 1
898644 1
901911 1
919519 1
921353 1
931160 1
935113 1
941812 1
970752 1
978005 1
979852 1
987215 1
988434 1
995729 1
995773 1
111
-987119 2488
-985834 85
-985750 61
-983227 4990
-980536 387
-980268 127
-975987 8443
-971703 115
-971537 298
-971047 295
-971019 284
-970685 153
-970552 45
-970529 60
-970525 39
-970433 54
-970365 73
-969504 1646
-967681 1994
-966324 57
-966286 82
-966197 799
-965705 129
-965548 107
-965371 235
-965088 279
-964795 426
-964400 379
-964005 214
-963320 1273
-962394 183
-962002 161
-961587 1625
-959854 3041
-956427 1036
-955131 1085
-954916 1058
-954319 1082
-952359 1060
-951213 2256
-949607 3191
-943567 5303
-941219 657
-940987 166
-940356 799
-939812 134
-939722 107
-939666 129
-939592 152
-939346 56
-939287 199
-936562 5214
-933712 998
-932197 985
-930305 3175
-929497 160
-929190 156
-928453 449
-927114 1702
-926169 225
-926057 159
-925580 44
-925151 1486
-923966 842
-923645 42
-923240 588
-922829 184
-922542 218
-922030 960
-921354 2074
-917600 1975
-917147 425
-916682 902
-915190 1947
-914155 168
-913933 176
-912430 2517
-912350 258
-911209 221
-911155 239
-910426 177
-910344 326
-909360 1929
-907107 1693
-906413 48
-906353 206
-905558 1347
-904571 21
-904556 629
-902834 997
-902682 943
-901626 2197
-899976 34
-899371 1367
-898112 630
-897389 617
-897088 1283
-895843 1046
-894800 701
-893672 732
-893664 52
-893529 47
-893508 39
-893485 129
-893184 207
-893025 428
-891981 1402
-891959 145
-891184 107
-890968 255
-889497 2680
102
-504326 2779
-498983 7871
-494205 1951
-491726 1338
-490989 102
-490872 107
-490493 110
-489877 84
-489047 3681
-487034 138
-486968 119
-486804 94
-486039 971
-485607 969
-483427 970
-483221 1187
-479840 4527
-476643 294
-476631 341
-476203 347
-476190 326
-476145 311
-475142 328
-474679 336
-474390 313
-473836 322
-473582 1664
-471937 394
-471859 65
-471573 92
-471522 77
-471312 84
-471304 99
-471084 490
-470078 1143
-468034 1619
-467409 1915
-465491 166
-465287 161
-465262 172
-465135 168
-465067 180
-465029 184
-464885 163
-464848 162
-464159 174
-463982 158
-463730 164
-463705 161
-463691 184
-463393 19
-463381 14
-463364 9
-463333 15
-463326 12
-463312 30
-462640 309
-462604 294
-461445 1811
-460299 178
-458888 2920
-455992 1472
-454565 1549
-453336 1326
-452181 1130
-451445 591
-451290 638
-451121 628
-449495 639
-448920 641
-448483 580
-448021 648
-446566 603
-445435 567
-445063 605
-444139 1566
-443699 181
-443454 157
-441173 4112
-438633 98
-438429 311
-437589 894
-437239 818
-435342 887
-433996 833
-433921 834
-433864 860
-433703 831
-431030 880
-430088 816
-429775 865
-429098 1099
-426127 4098
-423354 861
-421953 1672
-420649 854
-419591 821
-419095 95
-418669 346
-418467 738
-417633 1867
-414229 1830
193
-394574 1081
-394004 80
-393913 65
-393883 56
-393785 70
-393763 65
-393675 66
-393527 74
-393506 64
-393354 254
-393048 745
-392781 305
-391614 323
-391290 334
-391234 307
-391090 184
-390941 175
-390739 196
-389768 1737
-388845 39
-388835 32
-388806 39
-388805 28
-388744 3
-388739 16
-388412 766
-387751 75
-387726 74
-387692 82
-387578 67
-387555 60
-387475 74
-387360 80
-387341 75
-387329 81
-387281 80
-387240 69
-387043 199
-386938 67
-386851 56
-386703 72
-386702 71
-386682 60
-386579 186
-386433 103
-386158 90
-386080 89
-386078 73
-386040 76
-385979 89
-385269 1911
-382872 1121
-382432 853
-381861 272
-381673 90
-381662 95
-381542 88
-381342 84
-381263 90
-381261 73
-381120 83
-381016 81
-381007 126
-378248 5314
-375552 62
-375533 65
-375391 63
-375321 59
-375314 49
-375301 58
-375195 93
-374353 724
-373677 710
-372989 1999
-371677 542
-370510 1003
-370136 62
-370094 84
-370064 79
-369811 87
-369673 206
-369081 613
-368485 1252
-366540 3056
-363213 1928
-361490 2579
-359729 703
-359074 1629
-357014 599
-356644 571
-356013 590
-355896 548
-355194 560
-354819 136
-354788 127
-354757 138
-354633 131
-354314 119
-354181 108
-353986 369
-353791 109
-353758 111
-353536 94
-353279 424
-353018 140
-352257 1369
-349467 4203
-347161 854
-345889 642
-345396 663
-345306 170
-345174 182
-344820 183
-344642 266
-344187 241
-343994 250
-343754 262
-343280 283
-343237 295
-343020 353
-342349 690
-341479 527
-340988 421
-340934 429
-340545 391
-340395 435
-339298 930
-338633 562
-338279 37
-338253 37
-338232 38
-338123 98
-337449 1304
-336545 216
-336469 202
-336302 524
-335044 1412
-329421 9974
-323726 1628
-322728 605
-321455 595
-321173 649
-320202 1316
-319860 429
-318773 422
-318014 1500
-317154 216
-316945 81
-316876 82
-316856 90
-316771 102
-316556 259
-316547 220
-316111 248
-315602 223
-315559 265
-315005 837
-314493 301
-314056 304
-314042 324
-313470 301
-313275 329
-313022 1075
-310925 1242
-310106 1203
-309469 308
-307700 3031
-305038 2178
-303383 1387
-302582 27
-302577 18
-302525 18
-302499 102
-302347 156
-302318 15
-302291 32
-301803 501
-301644 122
-301515 144
-301300 131
-301199 113
-301188 123
-301062 118
-300988 129
-300908 117
-300863 114
-300817 102
-300680 113
-300361 107
-300339 128
-299465 1152
-298959 353
-298741 359
175
394642 1148
395977 1220
396824 40
396838 28
396902 30
396925 33
396942 26
396948 29
396961 18
397160 65
397228 241
397698 135
397920 145
398200 446
399260 1339
400553 1387
402506 980
404257 3370
408436 1522
409006 1577
409072 1490
411395 976
412921 908
413696 539
414201 599
415616 587
415764 598
416243 1382
417610 12
417695 396
418158 44
418233 39
418257 33
418283 37
418647 152
418952 252
419387 836
420465 562
421536 1789
422772 7
422792 14
422807 49
423433 610
423742 103
424206 570
426660 4247
430089 1640
430502 446
431595 512
431798 460
434600 4112
434808 171
434901 187
435669 162
435814 169
436426 152
440132 5690
443122 38
443148 32
443151 36
443197 39
443235 62
443902 517
444589 170
444697 161
444830 139
445095 161
445272 496
446112 843
447193 512
447715 302
447852 11
448031 57
448164 74
448542 794
449219 105
449266 40
450003 1350
450974 429
451093 96
451217 96
453196 3703
455477 334
455669 81
455729 90
456436 346
456487 354
457377 1660
458711 317
459060 193
459217 201
459530 373
459810 124
459833 132
460223 382
461271 1189
462256 20
462267 27
462283 20
463336 1039
463979 889
464749 131
465001 316
465494 263
465960 699
467269 1102
467294 355
468121 381
468719 387
468936 409
469628 321
469840 760
470781 445
471466 803
472608 812
474312 2547
476056 453
476130 261
476696 223
476960 246
477739 1374
478848 761
479586 465
479940 386
480380 177
480936 585
481359 130
482275 1517
483404 561
484487 433
484643 452
484753 460
485484 156
485643 332
486700 1407
488130 1186
488964 77
489018 70
489084 84
489355 57
489477 55
489805 699
490705 344
491189 309
491545 814
492854 1279
494663 1806
495757 334
496038 79
496165 87
496624 141
496752 106
496923 158
498332 1215
498616 1107
499889 171
500028 246
500369 261
500702 442
501240 96
501454 46
501601 304
501863 346
503366 2441
504941 5
504943 4
504945 5
504947 7
504980 31
505866 1069
506854 536
507549 389
508034 780
508776 221
508937 138
126
-445382 3796
-442306 2052
-440521 729
-439416 660
-438482 321
-437853 184
-436982 1291
-435707 546
-434278 1690
-433060 172
-432022 947
-430605 1385
-429721 2
-429460 367
-428665 1032
-427398 1033
-425942 1005
-424939 89
-424490 494
-424152 127
-422991 1837
-420930 1395
-419964 386
-419312 841
-418160 1076
-416810 1591
-415434 277
-415160 260
-414310 419
-413526 100
-413196 371
-412338 784
-410620 1623
-409074 811
-408052 929
-406626 1091
-405777 275
-405507 18
-404813 905
-403952 187
-402331 2553
-400743 598
-400183 472
-399145 728
-398185 260
-397180 755
-395836 909
-394786 467
-393932 415
-393119 192
-392448 694
-391647 46
-390915 588
-389836 968
-388480 812
-387939 140
-387564 296
-386778 855
-385742 1082
-384642 103
-384357 82
-382268 3014
-380410 206
-379432 1419
-377891 1006
-376398 1501
-375325 564
-374643 160
-374477 99
-374240 15
-373952 335
-373169 1015
-372165 93
-370838 2316
-369007 328
-368552 204
-367933 939
-366700 593
-366248 305
-365313 1068
-364009 1180
-362369 1079
-361286 142
-360733 62
-359597 1443
-358446 708
-357110 1211
-355874 683
-355059 804
-354293 636
-353708 143
-352614 1969
-351409 284
-350688 766
-349631 1099
-348299 1083
-347076 634
-346430 253
-345356 1653
-344112 520
-342160 2581
-340105 1068
-339019 895
-338148 224
-337578 533
-336517 684
-335831 9
-335592 313
-335061 305
-334466 208
-333921 235
-333502 119
-332393 1482
-330695 1721
-329145 1072
-327317 1522
-326288 198
-324779 2083
-322825 1268
-321246 1728
-319762 733
-318892 62
-318492 510
-317538 738
-316612 101
-315501 1963
194
182598 254
182828 131
182954 127
183024 34
183474 856
184085 157
184101 151
184208 184
184521 148
184688 283
184875 67
184923 66
185005 66
185235 411
185494 88
185511 4
185517 1
185594 4
185670 5
185689 2
185757 404
186113 297
186359 598
187479 969
187849 7
187855 5
187856 11
187866 21
187954 129
188005 102
188236 163
188294 139
188555 85
188560 52
188839 547
189230 139
189235 126
189614 447
190272 1357
192181 1567
192821 62
193058 480
194227 1638
195447 1265
196263 6
196297 2
196640 840
197778 1200
198830 1328
199827 534
200349 269
200836 857
201292 237
201714 203
201868 313
202037 22
202065 31
202099 299
202839 813
204120 1796
204888 214
205391 215
205574 230
205702 234
205987 115
206419 830
206853 18
208336 2870
209600 329
210124 113
210198 29
210415 519
211072 578
211337 47
211498 144
211516 158
211864 385
212224 744
213352 636
213442 22
213486 37
213580 596
214613 545
214749 169
214865 139
215016 175
215166 169
215483 233
215643 240
215876 124
216404 641
217063 634
217426 978
218257 245
218536 150
218705 285
218883 130
219106 198
219186 867
220957 1167
221541 634
221965 220
222146 183
222186 56
222455 70
222491 77
222497 58
222822 650
223506 633
224488 1320
225574 870
226029 3
226054 78
226244 141
227161 1854
228116 134
228344 122
228675 559
228732 55
228827 49
229340 160
229373 167
229382 171
229568 176
229799 395
230130 2
230979 1759
231993 63
232047 72
232094 281
232365 161
232500 55
232517 62
233036 290
233039 283
233461 864
234278 528
236106 3080
238531 1880
239541 114
239750 234
239912 81
239935 39
240084 202
240417 467
240787 264
240943 29
240947 12
240968 8
240976 9
240986 12
240989 7
241856 1702
242854 165
242991 158
243113 271
243385 170
243564 146
243802 343
244015 162
244242 63
244274 60
244306 63
244377 373
245034 392
245686 1163
246131 41
246725 769
246807 26
246859 29
246904 33
247093 20
248354 2144
248812 170
248989 164
249742 591
250773 537
251048 300
251176 131
251189 133
251303 128
252005 861
252135 159
252495 162
252765 171
253255 798
253728 127
253775 31
256802 5966
259809 57
259881 55
260361 631
260453 621
262313 2170
127
-228642 1789
-227739 7
-227719 23
-227619 167
-226557 1950
-225513 131
-225014 861
-223948 1264
-223242 141
-223050 237
-222690 473
-222051 795
-221572 153
-221276 432
-220648 817
-219132 2205
-217831 386
-217577 116
-217323 385
-216980 293
-216624 407
-216293 244
-216125 80
-215950 261
-215557 514
-215059 474
-214787 62
-214701 101
-214459 373
-214055 422
-213755 172
-212188 2954
-210036 1340
-209238 247
-208943 337
-208643 254
-208301 419
-207418 1339
-206607 275
-206130 671
-205683 214
-205104 934
-204588 85
-204389 301
-203803 865
-202483 1768
-201499 191
-201355 91
-200455 1703
-199500 196
-198839 1119
-198122 304
-197295 1342
-196268 705
-195249 1325
-194550 67
-194358 307
-194189 21
-194134 79
-193965 252
-193363 944
-192395 981
-191746 305
-191588 18
-191554 22
-191402 287
-191059 392
-190717 281
-190367 413
-189944 426
-189143 1170
-188529 48
-188326 349
-187776 739
-187249 309
-186691 799
-185677 1216
-185024 85
-184597 757
-184024 377
-183225 1215
-182569 89
-182283 474
-181826 430
-181431 347
-181253 2
-180591 1313
-179573 712
-178722 978
-177627 1199
-177000 47
-176808 331
-176283 713
-175796 255
-175331 668
-174487 1011
-173850 258
-173176 1083
-172541 180
-172338 219
-171718 1012
-171202 12
-171189 8
-170748 862
-170093 442
-169747 239
-169053 1143
-168430 91
-168148 463
-167304 1219
-165428 2521
-164133 58
-163981 236
-163564 592
-163189 149
-163044 135
-162779 387
-161937 1285
-161269 39
-160055 2383
-158062 1593
-156469 1584
-155486 376
-154799 986
-154155 295
-153922 163
-153555 566
136
657254 1816
660958 2612
662026 71
662072 23
662638 308
662745 144
662879 138
663921 1478
665103 98
665113 37
665140 50
665780 237
666199 294
666385 91
666695 47
666793 90
667059 193
667696 145
667777 119
667821 122
668423 357
669011 747
670094 234
670170 69
670180 82
670276 79
670924 29
671068 1036
672181 1657
674897 1473
676000 1673
677454 531
678217 177
678453 196
681084 4755
683236 64
683661 400
684213 290
684320 238
684591 270
685917 1809
686796 21
687623 398
687754 212
688173 188
689863 2471
691125 2
691130 3
691132 2
691134 7
691814 265
691945 51
691996 38
692587 70
693388 1139
694044 486
694497 545
695467 87
695498 88
695596 80
695868 339
696272 589
697202 711
698565 1533
699014 69
699736 164
699915 142
703330 6147
707002 745
707589 425
708177 251
708296 538
709125 626
709448 304
709852 315
710531 182
711224 278
711510 185
711657 89
711675 83
711848 90
712703 1548
713910 1441
716188 1321
716755 1327
718923 1371
719832 1750
722499 2290
725875 3990
728839 562
728994 210
729268 192
729380 199
729502 187
729519 191
730104 204
730369 147
730638 225
731283 565
731476 400
731714 343
732420 376
732800 50
732923 206
734549 2344
736453 937
738005 983
738707 1327
740071 580
740424 633
740893 94
741043 69
741060 98
741198 82
741761 70
742286 497
743234 634
743959 43
743975 2
744815 668
745080 348
745492 312
746552 730
747001 80
747138 250
747732 114
747968 685
749230 1230
750317 25
750335 77
750476 175
751211 392
751780 838
752790 613
753432 101
753659 227
119
403142 3765
405067 79
405435 336
405510 339
405847 336
406022 352
406583 378
407584 374
407850 1306
408614 71
408633 67
408711 72
408783 77
408866 94
408948 185
409383 157
409484 191
409487 309
411100 2647
412539 153
412544 43
412603 28
412687 31
412689 34
412702 30
412801 141
413017 193
413173 154
413282 51
413322 52
413780 839
414296 156
414552 393
414967 469
415428 309
416964 1451
418471 3520
420805 728
421511 603
422295 566
422603 352
423061 551
423850 1428
425034 340
425050 362
425283 365
425953 316
426397 357
427270 320
427336 318
427640 353
427876 302
427929 336
428279 93
429611 2755
431599 446
432278 1853
433521 302
433602 108
433731 104
433771 126
433960 118
434092 108
434259 122
434346 106
434473 95
434616 218
434744 184
435119 406
436039 719
437393 2918
440989 4084
443447 681
444081 827
445802 2241
447160 1191
448000 85
448048 68
448265 74
448328 186
450307 3691
453677 3254
455665 597
456054 173
457101 56
457938 76
459519 6538
462837 20
462850 14
462863 12
462891 13
462895 22
462907 16
463466 680
465035 2946
466566 97
466641 117
466722 104
467061 78
467312 103
467669 1257
469807 2425
469892 370
470717 359
471323 362
472147 344
472693 829
473661 1408
474786 721
475745 383
475854 385
475929 330
476030 363
477532 1813
478469 94
478679 249
479561 1226
479959 1207
482506 1871
181
286024 133
286121 156
286139 157
286383 135
286430 145
286467 161
286521 167
286846 152
286933 132
287419 173
287581 134
287721 167
287957 170
288214 168
288247 155
288309 157
288389 136
288481 172
288500 162
288761 153
288976 149
289135 159
289145 159
289257 156
289390 159
289745 272
290606 1015
290634 273
290651 245
291348 256
291861 266
291940 245
292029 275
292253 290
292404 279
292587 266
293682 293
294452 292
294769 278
294895 279
294939 247
295213 261
295796 256
295814 276
295935 269
295984 304
296481 226
296547 227
297226 213
297469 211
297548 233
297671 1316
298717 132
298767 98
298853 87
299002 87
299083 95
299123 79
299329 1242
300653 1273
303415 2150
304749 1878
304788 181
305192 148
306150 171
306869 170
307046 173
307120 178
307218 183
307301 176
307487 169
307664 168
307717 174
308075 155
308293 161
308397 182
308431 172
308434 167
308678 170
308772 18
308778 15
308844 71
308860 53
308960 57
309041 67
309097 61
309157 76
309231 72
309265 72
309489 69
309522 67
309603 114
310186 2466
314408 3717
316115 50
317291 2805
318771 162
318786 138
318869 130
319021 146
319134 141
319323 108
319539 134
319647 87
319839 133
320224 136
320395 135
320457 137
320581 127
320662 128
320691 156
320777 127
320827 122
320852 147
321232 155
321445 119
321470 127
321527 75
321629 85
321632 86
321705 101
321826 97
321966 74
321994 96
322144 78
322217 84
322266 80
322435 90
322552 77
322616 102
322796 94
322823 93
322884 85
322951 66
322989 86
323274 102
323338 87
323410 70
323468 71
323601 88
323639 102
323680 291
324084 562
325377 572
325383 593
325564 605
325900 571
325972 618
326981 582
327957 573
330355 1790
330694 341
330709 100
330893 93
331029 84
331206 92
331242 89
331387 99
331406 88
331470 80
331483 96
331516 76
331594 87
331613 79
331638 90
331770 91
332135 83
332154 81
332227 89
332263 82
332435 123
332760 101
332848 118
332863 111
333016 123
333230 762
333912 609
334565 639
336399 647
338987 6907
343818 2517
143
56225 335
56323 283
56968 297
57324 361
58612 295
58717 291
58901 2338
62364 4086
65326 950
66176 1012
66196 964
67117 976
68377 1000
71461 1016
73131 5726
76138 241
76312 253
76990 662
78212 1884
79438 598
79783 265
80316 241
80373 251
80672 148
80714 64
80757 56
80855 69
80899 70
80901 62
81589 642
81855 684
84189 3728
86128 404
86417 404
86830 420
86901 389
87163 394
89096 441
89547 1056
90761 1643
91022 1644
94678 2638
96024 537
97161 541
97318 518
97427 537
97531 569
98585 530
99367 1769
100700 116
100731 142
100783 123
100938 128
101302 360
102285 860
105011 808
105244 5131
108372 133
108458 156
108641 147
108847 281
109173 184
109183 171
109364 175
109569 199
109658 188
109996 209
110655 877
113030 3652
113999 598
115362 121
115448 54
116227 776
116731 530
116896 514
117495 530
117577 510
119360 1868
120315 653
121277 648
123173 1928
124681 3201
128163 843
129011 3455
131018 18
131048 22
131658 1217
133189 967
134002 1009
134093 967
135284 211
135343 188
135867 182
135942 176
136364 188
136425 176
136497 202
136584 158
136726 152
136912 161
137117 167
137301 104
137332 70
137486 83
137533 81
137790 201
137899 189
138032 196
138115 201
138125 205
138590 202
139313 218
139516 208
139595 827
140138 168
140233 147
140387 142
140590 178
140973 351
141091 29
141127 7
141129 5
141133 5
141137 4
141141 8
141146 7
141150 6
141155 5
141367 328
141851 346
143237 350
143860 3629
149479 6742
151477 363
152140 342
152198 347
152564 382
153694 382
154496 349
155032 341
155336 510
155760 141
156187 889
159
152808 12
152811 8
153049 414
153261 137
153413 26
153460 37
154533 2066
155975 804
156615 566
157205 359
157487 503
158287 850
158794 249
160953 3921
162367 350
163304 82
163910 1233
164809 551
165113 42
165217 156
165709 785
166525 510
166804 294
166832 284
167228 286
167540 191
167798 130
168884 2143
170128 652
171090 468
171180 161
171312 50
171357 59
175831 8882
180427 267
181955 2915
182568 719
184405 653
186230 687
186777 643
186901 682
187128 657
187500 702
188320 161
188484 727
189774 702
189888 29
191435 3107
192996 110
193185 93
193222 78
193353 88
193474 272
193695 262
194202 445
194558 368
194871 214
195085 204
195651 924
196175 69
196180 61
196267 38
196327 43
196430 249
196536 238
197274 738
197704 115
197705 107
197792 70
197961 134
198076 80
199191 1532
199642 904
200873 586
201244 67
201283 127
201392 37
201421 7
201426 12
201436 16
202867 2832
204405 72
204560 44
204648 513
204943 2
204946 2
205111 276
205351 242
205616 327
206554 1648
207967 697
208240 76
208337 238
208746 536
209018 156
209349 259
209785 324
209829 211
210068 189
210221 175
210284 186
210667 192
210711 186
211116 429
211574 376
211824 117
211873 65
212101 309
212334 80
212909 1501
214381 607
215045 606
215506 859
216061 246
216297 185
216352 26
217363 1868
218325 78
218388 69
218820 739
220094 1811
221125 191
221159 45
221719 928
222398 297
224403 3808
228353 4062
230401 259
231085 768
231749 632
232080 203
232798 209
232828 838
233890 1088
234443 85
234469 78
234750 175
234874 168
235029 99
235366 562
235709 85
235759 41
235849 171
236204 435
236643 438
236974 168
237105 148
237158 162
237556 219
237619 80
237753 84
237762 85
239156 2589
240693 439
241350 834
241819 188
242040 4
242068 12
242084 232
171
411304 503
412623 943
413533 190
413674 53
414183 824
415422 825
415549 901
417069 267
417267 64
417327 97
419783 4590
422923 1212
423764 133
423919 81
424018 80
424051 94
424207 55
424209 14
424235 14
424250 11
424495 118
424884 37
424929 23
425403 15
426071 427
426165 195
426420 207
426702 197
427105 74
427944 1613
429054 239
429064 27
429074 29
429115 31
429237 20
429724 133
429815 63
430369 207
430681 178
431948 2294
433708 178
435690 3529
436901 553
438416 604
439623 2113
440433 119
440992 38
441134 174
441439 181
441946 255
442125 562
442746 43
442783 27
443585 375
444139 36
444270 193
444938 23
444980 36
446270 1647
447907 897
448958 222
449190 407
450171 1057
451249 594
451639 619
452631 48
453279 909
453713 71
453830 64
454509 475
455120 776
456398 568
457397 496
458562 1601
459738 771
460928 980
462079 573
462661 522
464044 1313
465633 614
466414 2170
468730 1959
469915 34
470002 26
470018 111
470510 22
470534 39
470583 33
471657 1606
472845 166
472866 209
473317 241
474466 837
474530 352
475132 79
476116 1431
476686 322
477470 255
478162 500
478443 103
478714 362
479249 160
479555 200
480360 521
481251 65
481312 62
481325 737
482468 186
482538 85
483557 819
484508 191
484734 199
485036 185
485250 458
486058 424
486720 618
487286 125
487415 160
487722 361
489602 2256
491310 379
492210 271
492501 245
492582 244
493239 604
494117 472
494892 729
495392 41
495490 116
495711 132
496130 411
496200 384
497029 471
497145 412
499108 3068
501484 504
502833 1026
504121 1222
504913 189
505132 102
505406 212
505807 296
506318 411
507066 700
508135 1068
509211 1047
510170 462
510452 303
511228 1046
512422 345
512803 177
514174 1917
515277 168
515354 212
515391 200
516264 951
517296 489
518170 592
518789 128
519429 181
519740 378
520693 587
521465 155
521543 56
521720 287
522163 160
522204 164
522886 1190
523098 14
524093 424
524690 305
152
770048 598
770501 57
770516 16
770551 12
771056 904
771682 54
772208 765
772713 122
773015 185
773197 83
773260 45
773602 429
774022 171
774126 14
774128 16
774597 553
775463 887
776108 249
776744 826
777256 479
777614 5
777618 3
778017 526
778767 839
779331 195
779619 300
779836 108
780118 230
780368 17
780399 12
780410 18
780567 12
781002 531
781332 29
781399 66
781911 699
782771 979
783962 777
784239 111
784457 174
785177 1022
786087 349
786517 361
786669 519
787406 558
788490 1578
789813 705
790396 77
790765 424
790848 37
791017 46
791576 1011
792604 789
793427 455
793579 13
793731 104
793961 9
794164 376
794704 369
795616 1495
796754 462
797003 46
797134 186
797322 104
797511 52
797583 64
797844 143
797978 135
798790 1434
799682 203
800034 467
800879 491
801126 150
801448 147
801629 131
801875 313
802350 284
802457 35
802673 32
802934 623
803515 190
803541 12
803553 14
803626 13
804581 1538
805626 473
806054 90
806199 104
806254 192
806409 15
806413 11
806419 9
806441 13
806699 539
807577 489
808179 986
809065 724
809875 610
810297 180
810800 801
811364 233
811454 236
812080 649
812540 328
812927 19
812971 231
813609 622
814269 617
814485 62
815315 1225
816500 968
817198 170
818083 1223
819129 521
819446 217
819516 221
820176 721
820560 154
820808 35
821429 1112
822432 472
822762 269
823041 98
823163 114
823286 1181
825511 1135
825925 658
826520 125
826609 53
826723 147
827022 439
827809 477
828504 954
829672 1321
830565 124
831461 1729
832515 145
832813 211
833140 433
833795 523
833879 43
834241 103
834915 1032
835785 329
836451 922
837158 190
837198 27
837240 29
837244 28
837546 102
837553 17
838146 985
104
-874675 395
-874506 62
-874374 73
-874310 42
-874292 33
-873924 825
-873819 818
-872399 847
-870092 2623
-869070 53
-868980 50
-868940 54
-868923 53
-868831 51
-868825 48
-868808 48
-868762 56
-868706 66
-868644 51
-868602 55
-868551 36
-867951 901
-867021 1254
-866291 51
-866280 28
-866134 184
-866025 73
-864843 1701
-863372 2183
-862044 32
-861148 1777
-860008 275
-859944 270
-859454 453
-858721 627
-858348 681
-858225 686
-856470 659
-855606 729
-855583 1045
-854460 823
-853670 832
-852033 1999
-850263 1647
-849693 345
-848828 327
-848536 354
-847824 1415
-847581 264
-846644 263
-846098 246
-845734 267
-845711 281
-845128 286
-845110 295
-845011 128
-844431 954
-844307 44
-842904 1992
-841864 83
-841759 88
-841703 22
-841457 617
-840883 190
-840856 173
-840652 199
-840378 192
-840085 186
-839834 209
-839796 178
-839260 1486
-837494 629
-836981 637
-836305 2306
-833051 1973
-832194 929
-831597 843
-829290 3012
-826575 1906
-825728 464
-825608 400
-825389 413
-824953 429
-823907 406
-823772 439
-822980 390
-822554 439
-822491 420
-822254 424
-819962 2564
-819778 362
-819537 351
-818854 409
-818502 373
-817344 324
-817077 384
-816561 806
-815764 648
-815589 7
-814577 1472
-813621 574
-813433 532
-812637 558
-811863 854
146
-149550 1253
-147176 1564
-145862 557
-145046 548
-144341 893
-143422 1051
-142630 1044
-140658 2115
-138857 1435
-137345 986
-137272 910
-135533 714
-135484 140
-135467 138
-135187 114
-135039 147
-134728 136
-133782 313
-133751 326
-133278 308
-132759 336
-132718 333
-131962 830
-130799 238
-130535 804
-127732 3717
-124256 3136
-120234 1822
-119687 535
-119517 501
-119261 553
-119143 544
-116668 351
-114541 4033
-108571 6338
-104884 15
-104877 1
-104876 1
-102255 3500
-102230 308
-101776 298
-101588 291
-100990 303
-100436 285
-99443 102
-99420 54
-99283 50
-99228 45
-99154 65
-99123 57
-97773 2365
-96949 236
-95415 1083
-95340 175
-95261 189
-94968 163
-94195 154
-94165 145
-94111 171
-94105 168
-91131 2801
-88404 4112
-85101 281
-84943 69
-84595 39
-84581 32
-84564 46
-84502 33
-84482 29
-84393 33
-84262 38
-84244 36
-84240 37
-84238 32
-84215 38
-84199 39
-84171 27
-84125 41
-84087 23
-82353 1062
-82310 1117
-80101 3712
-77360 386
-77293 386
-76941 387
-76114 341
-74366 398
-74185 2579
-71749 484
-71143 233
-71119 214
-70584 976
-70064 605
-68739 600
-68322 642
-67737 16
-67736 13
-67709 6
-67706 10
-67702 7
-67695 16
-67691 8
-67683 8
-67679 8
-67655 7
-67650 23
-67648 10
-66232 1499
-65995 108
-65024 256
-64980 86
-64931 87
-64874 77
-64335 84
-64189 107
-64132 83
-63985 91
-63929 106
-63910 79
-63889 81
-63742 95
-63736 82
-63678 81
-63542 85
-63530 106
-63474 92
-59259 8152
-54750 48
-54729 28
-54677 45
-54674 41
-54649 82
-53290 1007
-52991 146
-52456 36
-52046 130
-52044 146
-51881 138
-51748 283
-51292 22
-51253 32
-50861 474
-50105 424
-50068 415
-49538 405
-49090 408
189
-455519 530
-455077 262
-454516 693
-453927 49
-453834 136
-453552 67
-453484 93
-453065 569
-452245 189
-451876 467
-451670 50
-450876 1107
-449359 1565
-448492 3
-448490 4
-448484 7
-447893 390
-447360 430
-446541 141
-446416 364
-445412 920
-444455 67
-443532 1298
-442604 86
-442340 389
-442021 86
-441844 159
-441313 217
-440820 203
-440358 649
-439283 570
-439158 55
-438199 919
-437164 375
-436985 6
-436521 63
-436366 161
-435796 831
-434684 1019
-433526 298
-433199 775
-432220 586
-431787 138
-431325 3
-430923 813
-429058 1998
-427732 346
-427360 201
-426542 638
-425608 709
-425109 11
-425095 42
-424960 20
-423917 1188
-423094 69
-422992 75
-422758 664
-421812 608
-421105 937
-420372 113
-420294 126
-419707 307
-419168 582
-418031 843
-417382 25
-417355 25
-417329 214
-416913 233
-416734 98
-416197 936
-415461 339
-415338 264
-415067 62
-415006 75
-413761 1774
-412127 686
-411064 607
-409858 1088
-409375 38
-408884 762
-408148 434
-406945 1496
-405505 887
-404732 246
-404176 539
-403922 7
-403386 823
-402714 460
-402220 16
-402108 121
-402059 52
-401710 20
-401699 8
-400967 685
-400412 168
-399853 429
-399358 305
-398548 979
-398193 100
-397480 281
-395250 3555
-393146 581
-392399 32
-392358 41
-391629 876
-390774 487
-389684 1386
-388941 93
-388106 1020
-387319 180
-386814 490
-386282 11
-386271 5
-385854 752
-384839 1060
-382688 2776
-380545 727
-379599 912
-379305 49
-378717 47
-378657 47
-378196 557
-377535 45
-376747 1309
-375666 202
-375108 35
-375026 82
-374416 879
-373777 167
-373565 207
-372992 101
-372860 28
-372751 264
-372306 318
-372111 54
-371787 180
-371521 33
-370915 581
-370506 20
-370492 32
-370407 116
-370005 27
-369897 27
-369606 91
-369461 105
-369336 94
-368681 1201
-367754 193
-367332 472
-366874 2
-366873 2
-366474 7
-366414 106
-365590 806
-364383 1089
-363487 625
-362807 117
-362607 692
-361715 660
-361080 303
-360677 426
-360081 137
-359863 182
-359666 169
-359080 708
-358437 24
-358090 819
-357520 239
-357101 40
-356626 381
-356026 647
-355628 96
-355558 32
-354778 1073
-353586 613
-353073 51
-352968 70
-352276 465
-351885 227
-351633 200
-351213 478
-350871 142
-350721 87
-350249 174
-349526 958
-348714 75
-348547 203
-348002 105
-347277 580
200
-49918 466
-49904 453
-49829 508
-49728 511
-49028 486
-48414 494
-48309 527
-48130 457
-47461 467
-47063 502
-47030 493
-46161 503
-46003 462
-45822 486
-45045 502
-44628 483
-43609 499
-42618 496
-42605 481
-41887 475
-41697 527
-41447 511
-41173 503
-41061 501
-40202 504
-39980 494
-38860 468
-36920 483
-36412 519
-36336 447
-35041 490
-34926 489
-33883 513
-33529 467
-33394 435
-33271 488
-32855 541
-32756 455
-32664 432
-32510 492
-31922 489
-29674 466
-29597 483
-29534 462
-29318 503
-29163 442
-29096 493
-28748 516
-28729 467
-28256 488
-27836 504
-27157 496
-26763 469
-26731 470
-26396 514
-25426 473
-23867 485
-23430 516
-23342 504
-22589 514
-21681 501
-21435 506
-21297 491
-20860 495
-20464 489
-20259 447
-20055 421
-19817 474
-19725 473
-18170 520
-18125 495
-16986 475
-16926 482
-16687 475
-16494 481
-16406 474
-16244 496
-16057 504
-15015 502
-14442 445
-14239 498
-13701 471
-13136 496
-12068 492
-11361 504
-10557 470
-8605 497
-8297 465
-6759 471
-5853 455
-5053 491
-4772 489
-3934 521
-3457 455
-1915 500
-672 497
-604 484
87 479
525 483
721 504
1046 519
1717 497
2748 505
2792 476
3218 487
3234 474
4691 500
4716 469
4800 486
4964 464
6265 491
6459 473
6807 466
6967 450
7014 472
7253 474
7557 499
7826 443
8783 505
8951 476
9050 474
10242 490
10560 492
10736 482
11633 502
12883 516
12920 477
12959 487
13178 479
14282 451
14378 447
14489 464
15296 491
15378 455
16101 511
17397 481
17934 473
18848 469
18965 488
19061 503
19305 465
19604 469
19687 516
19867 512
20168 451
20590 480
20649 486
20670 475
20674 486
20934 501
23539 485
24213 503
24663 452
24925 451
25382 538
25474 474
25834 476
26059 464
28695 486
29021 501
29995 488
30128 513
30264 481
30411 489
30546 476
30750 514
30917 484
31015 487
31348 504
31864 481
31875 487
32594 495
34122 461
34293 471
34484 500
34815 483
35079 512
35455 500
36333 464
37242 469
38964 475
39316 492
39581 466
39891 461
42322 539
42465 500
44187 479
44242 479
44628 424
45010 537
45505 536
46250 513
46425 457
46455 471
46700 476
47997 476
49253 499
49766 530
49919 488
49941 3382
172
-357730 53
-357656 74
-357626 66
-357440 64
-357406 54
-357401 55
-357372 48
-357320 59
-357184 41
-357150 37
-357142 48
-357129 49
-357123 54
-357013 55
-356640 304
-356511 271
-356167 308
-356165 330
-355723 516
-355713 518
-353714 1024
-353014 879
-352613 869
-351885 176
-351628 185
-351436 476
-350863 448
-350104 975
-348380 2562
-345566 2592
-344590 995
-342993 922
-342512 260
-342439 251
-341804 238
-341731 274
-341341 257
-341206 109
-341164 114
-341014 99
-340842 96
-340760 278
-340552 232
-340467 232
-339888 241
-339211 267
-339129 229
-339052 227
-338772 240
-338696 1039
-337870 36
-337858 29
-337810 36
-337738 32
-337691 45
-337666 37
-336347 2605
-334970 299
-334183 1061
-333269 796
-332624 179
-332581 217
-332218 200
-331824 199
-331666 1060
-330378 926
-330155 269
-330076 255
-329045 764
-328836 559
-327573 579
-327549 593
-327020 254
-326568 269
-326361 464
-326058 433
-325622 425
-324648 408
-324562 418
-324000 425
-323894 191
-323835 188
-323209 552
-322987 74
-322825 64
-322770 91
-322757 67
-322738 81
-322719 91
-322375 186
-322095 329
-322055 285
-321696 319
-320994 631
-320411 723
-319778 470
-319570 220
-319096 235
-319093 229
-318651 155
-318578 153
-318456 173
-318346 334
-316717 1775
-316179 1376
-314638 468
-314198 348
-314092 342
-313407 313
-313180 356
-313071 341
-312092 1673
-310151 1271
-309723 303
-309386 313
-309230 298
-308313 324
-308073 302
-308047 697
-307466 88
-307427 74
-307338 84
-307271 361
-306561 396
-305509 1566
-302456 5118
-299751 87
-299673 79
-299537 72
-299515 81
-299495 71
-299412 85
-299394 60
-299339 70
-298952 1246
-297124 731
-296732 696
-292062 9014
-286361 2003
-285462 95
-285376 78
-284910 129
-284805 121
-284681 168
-284493 147
-284341 140
-284180 1274
-282991 1170
-281374 669
-281227 704
-280537 651
-279780 580
-279221 675
-278855 59
-278597 301
-278501 365
-278214 319
-277818 326
-277275 332
-276532 1027
-275733 768
-275469 92
-275280 101
-274714 622
-274529 286
-274358 267
-273565 999
-272627 415
-270963 3228
-269307 98
-269180 120
-268443 1356
185
361186 58
361290 91
361838 195
362525 126
363207 436
363582 251
363727 41
364353 250
364787 371
365243 273
365948 523
366807 167
367324 201
367655 22
367662 12
367684 17
367691 11
367717 36
368093 190
368310 3
368322 18
368866 12
369548 464
369821 284
370388 308
371004 331
371454 270
371456 199
371645 168
372438 500
373202 155
373747 273
373879 21
374812 578
375494 270
375667 135
376742 808
377847 924
378890 67
378937 49
378987 33
379636 1194
380819 296
381017 31
381049 19
381830 221
381994 186
382107 180
383087 413
384005 195
384330 891
385446 476
386080 38
386096 6
386229 131
386343 60
386689 72
386995 113
387403 224
387565 63
388137 18
388718 931
389200 234
390074 211
391208 817
391841 381
392377 307
393196 218
393410 179
394541 1016
394891 88
395002 73
395203 2
395210 15
396124 613
396633 62
397819 1225
399821 2391
401657 97
401740 108
401928 138
402075 18
402263 2
402270 28
402402 72
403101 162
403209 163
404592 1665
405693 393
405713 380
406921 529
407949 346
408208 82
408393 92
408638 549
409469 43
410050 240
410869 1291
411718 23
411729 4
412008 427
412712 205
413020 278
413529 261
413721 187
414088 63
414649 104
414838 173
415281 45
415399 57
415432 150
415831 358
416628 308
417248 598
417956 629
418476 272
418620 74
418727 67
419120 584
420036 246
420742 430
421567 473
422361 357
423204 247
423350 48
424299 919
424900 70
425420 215
425528 33
426763 1282
427698 27
427773 134
428294 1
428297 2
428983 421
429933 374
430467 79
430504 11
430512 17
431179 704
432155 18
432182 24
432221 37
432706 565
433594 3
434602 920
435672 465
435929 11
435955 26
436177 9
436183 18
437106 1075
438275 498
438527 470
439026 339
439268 26
439295 16
439323 22
439336 27
439374 30
439695 171
440119 194
440761 200
441132 208
441501 172
441845 57
441860 8
442392 221
442702 280
443514 704
444838 750
445826 776
446802 499
447034 164
447230 94
447731 14
447781 74
448155 574
448882 421
449188 138
449747 566
450736 188
451227 417
452031 446
452339 454
200
385211 56
385386 22
385780 169
386210 206
387678 2095
389236 310
389647 255
390041 196
390460 534
391665 1048
392262 94
392334 43
392454 73
393217 939
394194 190
395471 1835
396679 972
398175 741
398324 123
398560 44
398670 128
398793 110
399847 1247
400702 435
401251 169
402425 1899
403389 5
403392 2
403712 27
403872 57
403941 77
404043 15
404330 112
404405 23
404829 77
405440 509
405743 39
406076 299
406162 314
406854 24
406900 34
407478 564
408115 18
408685 646
409438 515
409831 214
410274 575
411211 604
411852 655
412347 331
413273 1133
414630 760
415450 182
415842 493
416455 156
416905 255
417310 221
417548 101
417813 210
418092 68
418227 82
418507 487
418996 125
419070 218
419423 191
419890 175
420850 1233
421889 14
422019 336
422645 380
422980 532
423654 394
424606 1415
425670 28
425738 156
426512 661
427075 274
427379 307
427889 68
427995 66
428350 411
428868 127
429152 27
429515 376
430286 577
430718 34
430739 6
431762 1455
432862 375
433804 1049
434759 104
434918 99
435161 41
435262 168
435776 630
436500 553
437622 1137
438740 284
439501 689
440087 294
440539 426
440906 400
441658 396
442131 552
443063 712
443898 1065
444953 596
445318 67
445406 58
445905 146
446376 10
446880 271
447068 22
447079 10
447295 298
449063 3094
451426 876
452198 34
452607 147
453210 747
453846 427
454394 56
454856 33
454937 162
455521 926
456061 30
456396 229
457114 357
457268 81
457813 421
458979 1165
459680 55
459735 29
460200 179
460573 124
460973 280
461330 10
461345 7
461424 140
461839 116
462614 1355
463938 238
463992 422
464726 120
465118 142
465338 116
467057 3240
469526 1251
470442 527
470943 322
471643 267
472173 573
472962 570
473443 559
474021 15
474278 281
474857 272
475252 450
475953 733
476774 354
477207 127
477538 197
477743 106
477810 34
478044 82
478549 114
479221 988
480183 154
480339 70
480892 358
481289 107
481380 95
481759 10
481946 497
482594 106
483038 500
483813 464
484451 30
485091 853
485797 65
485885 6
486944 1641
488947 2033
490185 13
490218 89
490735 924
491735 546
492308 374
492737 176
493045 99
493184 296
493666 202
494044 500
494849 544
495229 215
496374 1426
497593 159
498626 1818
499762 77
500168 390
195
-94522 370
-94444 97
-94312 80
-94250 92
-94171 117
-94018 98
-93918 107
-93869 104
-93514 89
-93483 74
-93430 83
-93419 90
-93367 103
-93338 81
-93267 87
-93170 72
-92861 79
-92769 75
-92662 85
-92520 84
-92512 103
-92336 92
-92284 81
-92266 93
-92209 80
-91904 101
-91852 99
-91789 80
-91788 102
-91781 84
-91768 100
-91653 105
-91500 104
-91395 78
-91292 67
-91286 84
-91073 100
-91049 89
-91024 91
-90948 94
-90944 96
-90772 85
-90742 92
-90724 90
-90668 97
-90302 90
-88273 3605
-83814 5617
-80666 392
-80308 371
-79842 341
-79609 427
-79455 424
-79195 406
-78747 404
-78243 372
-77991 400
-77425 400
-76629 374
-76575 415
-76561 402
-76239 382
-74709 359
-74306 363
-73924 390
-73886 417
-72345 414
-72291 386
-71864 397
-71018 379
-70755 415
-70703 413
-70416 382
-70262 405
-70247 409
-69492 1923
-62724 9864
-56006 5701
-52249 643
-51727 256
-51642 252
-51132 262
-50772 258
-50250 310
-50173 251
-50144 258
-50025 275
-49809 257
-49671 290
-49669 275
-49105 294
-48935 261
-47907 267
-47697 260
-47317 253
-47148 262
-47061 236
-46854 249
-46743 240
-46660 254
-46539 275
-46082 268
-45485 280
-45205 260
-44354 288
-44189 271
-44183 294
-44135 277
-43901 179
-43856 19
-43838 26
-43815 14
-43799 25
-43768 22
-43754 19
-43424 177
-42985 198
-42569 1223
-40006 985
-39629 1014
-37980 4198
-34921 1554
-33125 1569
-32856 1482
-30607 1493
-30431 1541
-25542 1587
-25233 1562
-25193 1534
-20921 1573
-19335 1517
-16584 1504
-15710 1561
-15053 3998
-12610 221
-12178 448
-11845 232
-11801 32
-11794 35
-11758 33
-11677 37
-11666 39
-11564 36
-11550 45
-11265 36
-11237 47
-11228 38
-11180 43
-11164 44
-11160 41
-11058 46
-10944 39
-10907 41
-10899 44
-10845 36
-10839 26
-10816 39
-10814 37
-10767 47
-10719 44
-10673 39
-10571 42
-10564 34
-10462 35
-10429 33
-10396 41
-10387 44
-10383 42
-10368 33
-10274 33
-10253 31
-10209 40
-10206 43
-10148 39
-10132 40
-10121 37
-10118 26
-10092 31
-10006 37
-9968 37
-9927 35
-9839 35
-9771 40
-9756 31
-9750 51
-9717 39
-9700 41
-9686 38
-9641 52
-9627 39
-9525 51
-9518 35
-9501 44
-9388 45
-9379 40
114
-44406 136
-43908 1026
-42585 1000
-40306 4076
-38188 59
-38179 21
-38141 22
-38138 19
-37324 933
-37091 496
-36391 508
-36378 500
-35627 79
-34924 1903
-32809 800
-32272 755
-31479 348
-31443 386
-31157 934
-29855 1196
-28903 550
-28394 735
-27878 16
-27779 350
-27434 25
-27177 800
-26358 550
-26081 550
-24867 973
-24397 637
-24223 611
-23236 679
-23075 688
-22215 670
-20292 692
-19828 664
-19352 1449
-18597 1
-18595 1
-18581 51
-18410 257
-17810 942
-17259 541
-16887 210
-16056 227
-16043 192
-16011 217
-15229 406
-14941 1481
-13981 239
-13835 33
-13648 53
-13629 47
-13616 50
-13606 37
-13562 59
-13461 58
-13373 233
-12921 1093
-11503 1048
-10399 1203
-9285 445
-8530 2010
-7420 33
-7393 16
-7103 562
-6164 1246
-5827 84
-5799 86
-5228 85
-5221 100
-4786 2035
-1594 1932
-1147 118
-1062 182
-931 56
-878 70
-722 58
-698 73
-688 72
-469 57
-401 54
80 1181
685 9
702 6
706 9
731 103
1061 478
1883 1174
4021 3096
5753 1086
7619 1331
8985 1987
10212 408
10478 280
10810 244
11085 191
11090 173
11397 125
11419 110
11598 123
12955 3067
15875 1226
15977 65
16064 130
16532 1180
18241 1557
19099 440
19318 50
22574 6410
25909 273
26187 102
26209 98
26252 105
110
-849738 1338
-848073 1850
-846632 168
-846484 111
-845685 936
-843831 1969
-841688 559
-841468 525
-840875 950
-839979 311
-839899 33
-839849 30
-839091 227
-838810 188
-838603 197
-838417 96
-838299 74
-836979 1396
-836093 287
-834475 2541
-831713 1258
-830812 454
-830535 324
-829962 322
-829480 329
-829165 324
-828626 478
-827979 4
-827945 100
-826629 1378
-825362 487
-824739 494
-823943 588
-822687 1185
-821827 480
-821014 502
-820198 74
-819620 1409
-818573 413
-817439 1556
-816505 660
-815696 23
-815657 41
-815381 440
-815238 59
-813786 1352
-812381 370
-812096 99
-811959 93
-811909 115
-811357 14
-811340 17
-810541 1304
-809471 323
-809011 331
-808213 710
-807122 695
-804636 3623
-802222 171
-801216 1121
-798262 4104
-795021 1131
-794467 687
-793259 378
-793027 169
-792660 227
-792231 343
-791129 818
-790346 124
-789875 57
-789802 34
-787665 3356
-785622 1243
-783554 699
-783053 702
-783044 744
-781058 1245
-780382 1341
-777987 1983
-777090 1182
-775893 250
-774354 2341
-772061 1223
-770322 1437
-769825 257
-769398 249
-769316 267
-768662 276
-767832 1186
-767077 1147
-764678 1744
-764048 166
-763543 90
-763447 53
-763426 45
-762709 120
-761691 2574
-759328 1327
-757787 874
-754973 4475
-752112 174
-751272 1910
-749821 163
-749666 86
-748438 2070
-746699 502
-746155 434
-744118 3478
-742276 92
-742106 102
2
999999 50000
1000000 50000
139
51100 713
51617 495
52627 513
53084 473
54415 2604
56420 1204
56944 221
57296 217
57729 468
58072 218
58380 201
58681 263
58685 61
58772 80
58842 83
58975 79
59034 76
59443 629
59811 55
59935 130
60051 35
60103 23
60129 22
60157 34
60165 27
60966 1480
61947 219
62407 800
62862 56
62945 43
63008 49
63034 10
63041 18
63055 16
63059 8
63079 11
63082 13
63097 13
63134 19
63151 16
63182 17
63186 52
63434 1149
65482 1095
65676 92
65755 95
65816 86
65914 73
65964 99
65996 112
66119 85
66328 182
66482 74
66485 59
66615 80
66725 42
66755 73
66816 72
66817 66
66875 63
67011 66
67111 80
67188 109
67411 1568
70323 1456
70916 906
71613 463
71684 484
72783 480
72910 362
73232 382
73294 365
74134 357
74575 323
74701 230
74809 202
77302 4326
79728 337
79767 204
80077 210
80411 230
80466 231
80848 208
81084 223
81285 221
81370 191
81460 218
82013 207
82318 220
82379 235
82515 22
82531 15
82534 13
82567 29
82834 427
83072 22
83087 25
84308 823
84668 834
84942 832
85211 884
88867 4457
91430 1313
92425 63
92533 62
92571 58
92626 50
92648 48
92745 49
92896 441
93477 377
93795 340
93962 1
93964 2
93965 2
94210 371
94609 340
94984 419
95589 359
95797 383
96171 377
96606 611
97530 97
97539 111
97550 101
97816 1140
99240 1438
100160 260
100191 153
100607 169
100781 166
100811 142
101059 176
101106 160
101269 159
101485 123
101785 120
102112 114
102148 929
