50
3
-1 2
0 1
1 2
2
-1000 1
2000 1
65
-764366 6
-764358 4
-764354 5
-764347 4
-764344 4
-764339 3
-764335 4
-764334 4
-764329 5
-763969 4
-763967 4
-763958 12
-763951 5
-763947 8
-763938 6
-763937 6
-763935 8
-763405 1
-763403 2
-763401 2
-763400 4
-763398 1
-763397 2
-763396 1
-763395 3
-763393 3
-763391 1
-763389 2
-763386 2
-763384 2
-763382 2
-763378 4
-763377 2
-763375 2
-763368 4
-763366 1
-763362 1
-763360 1
-763359 1
-763358 1
-763356 2
-763355 2
-763353 3
-763348 1
-763346 1
-763345 4
-763343 1
-763342 2
-763340 2
-763339 4
-763337 2
-763003 5
-763000 2
-762998 2
-762997 3
-762992 2
-762990 2
-762988 2
-762986 1
-762983 1
-762979 3
-762976 1
-762975 2
-762973 2
-762970 6
200
-997842 1
-987542 1
-974162 1
-968998 1
-955788 1
-955776 1
-940220 1
-926435 1
-921351 1
-915568 1
-913953 1
-891769 1
-854760 1
-847171 1
-841542 1
-840062 1
-833305 1
-786836 1
-782142 1
-780538 1
-777901 1
-777555 1
-765444 1
-762196 1
-752986 1
-752868 1
-751591 1
-748360 1
-746801 1
-737657 1
-733418 1
-727599 1
-722522 1
-720367 1
-711964 1
-694308 1
-680653 1
-678992 1
-659510 1
-652632 1
-635768 1
-629208 1
-612387 1
-609607 1
-598875 1
-598445 1
-579066 1
-578229 1
-567167 1
-554598 1
-526860 1
-526468 1
-497270 1
-486017 1
-482508 1
-482146 1
-468352 1
-451922 1
-450515 1
-425214 1
-413993 1
-391749 1
-386853 1
-386241 1
-374939 1
-353082 1
-343830 1
-332866 1
-331749 1
-331465 1
-313934 1
-312053 1
-302478 1
-296995 1
-286963 1
-279069 1
-276551 1
-261163 1
-259301 1
-236242 1
-191955 1
-189368 1
-189296 1
-189031 1
-178994 1
-171939 1
-171557 1
-145396 1
-135329 1
-132605 1
-98817 1
-90023 1
-89248 1
-85211 1
-63707 1
-63325 1
-57833 1
-47999 1
-45036 1
-37519 1
-19055 1
31688 1
31860 1
32769 1
53772 1
65866 1
73042 1
88501 1
102816 1
116248 1
131469 1
153554 1
165695 1
178384 1
186178 1
207046 1
208531 1
210110 1
228536 1
228904 1
245763 1
252246 1
255733 1
261275 1
266882 1
272934 1
289762 1
294057 1
305524 1
311173 1
318524 1
321117 1
326713 1
345869 1
351700 1
369695 1
378489 1
382649 1
386995 1
407711 1
412645 1
417890 1
418664 1
425289 1
441326 1
442400 1
447710 1
451466 1
457242 1
467059 1
472901 1
486928 1
495031 1
498651 1
504656 1
517271 1
517373 1
518076 1
518228 1
543491 1
565331 1
575527 1
602307 1
605371 1
614764 1
645275 1
647534 1
649040 1
678834 1
679059 1
680112 1
684927 1
689377 1
690513 1
706390 1
739131 1
739987 1
755402 1
760822 1
772640 1
783343 1
789147 1
789401 1
801855 1
845539 1
849320 1
866575 1
870122 1
877307 1
894597 1
900620 1
902825 1
904568 1
911263 1
939144 1
946636 1
949340 1
961576 1
996381 1
998864 1
24
-765030 4
-765026 4
-765025 2
-765023 5
-765013 1
-765011 1
-765010 1
-765002 1
-764999 2
-764998 2
-764988 5
-764984 4
-764980 4
-764975 4
-764961 10
-764941 6
-764930 27
-764910 1
-764909 1
-764907 1
-764906 1
-764905 1
-764904 1
-764887 23
49
573709 1
573951 2
574290 14
574660 1
574668 15
574795 3
574892 1
575225 2
575566 3
575569 8
575615 4
575616 5
575620 7
575886 1
575888 2
576020 5
576029 5
576343 2
576499 1
576525 4
576737 2
576740 1
576741 1
576924 3
577200 1
577202 2
577439 12
577496 3
577781 3
577787 3
578133 2
578432 2
578434 1
578808 17
578820 1
578821 1
578823 2
578950 6
578957 9
579272 13
579475 7
579836 1
579839 6
580238 1
580343 1
580346 5
580556 1
580558 1
580936 6
47
522845 5
522870 3
522949 2
522950 2
522953 1
522955 1
522959 4
523042 6
523110 1
523112 1
523155 3
523177 3
523181 1
523182 3
523184 2
523185 2
523201 23
523286 6
523296 10
523310 4
523319 9
523359 2
523360 1
523363 1
523364 2
523365 1
523390 2
523391 1
523393 1
523394 1
523460 7
523463 2
523468 3
523544 1
523557 9
523564 12
523578 11
523624 1
523625 1
523627 4
523628 5
523684 2
523688 4
523702 11
523715 11
523791 8
523815 4
39
792153 4
792171 3
792173 2
792177 2
792180 2
792184 3
792185 2
792840 1
792842 1
793341 1
793342 2
793345 2
793346 1
793348 2
793352 3
793380 1
793382 2
793701 29
794399 1
794405 11
795240 6
795245 3
795248 10
795709 2
795712 3
796494 1
796495 2
796497 1
796667 2
796776 29
796791 5
796799 5
797599 11
798358 1
798359 2
798361 1
798362 1
798364 1
798365 2
55
319633 3
319640 3
319648 1
319654 2
319661 4
319668 3
319675 5
319686 5
319692 2
319699 2
319704 2
319712 3
319724 13
319735 1
319741 4
319747 1
319755 4
319757 3
319763 1
319768 4
319774 2
319781 1
319788 5
319795 2
319804 5
319811 2
319818 3
319825 3
319832 1
319838 5
319846 2
319853 5
319862 3
319869 7
319877 1
319883 3
319890 3
319899 6
319903 1
319909 3
319920 10
319932 4
319940 4
319948 6
319957 5
319963 1
319971 5
319982 6
319993 8
320002 1
320009 2
320015 2
320020 2
320026 5
320038 10
34
-430431 1
-430180 5
-430177 8
-430172 5
-430155 7
-430153 13
-429487 1
-429485 1
-429484 1
-428761 1
-428760 1
-428759 1
-428756 2
-427842 8
-427684 2
-427681 1
-427497 2
-427494 3
-427491 1
-426545 5
-426538 14
-426418 3
-426322 3
-426315 4
-425846 6
-424907 1
-424102 1
-424101 1
-423591 1
-423588 2
-422910 5
-422903 5
-422892 1
-422890 5
33
-875371 11
-875280 4
-875141 2
-874957 4
-874949 5
-874845 1
-874752 8
-874741 6
-874652 1
-874650 1
-874581 2
-874416 4
-874390 4
-874388 2
-874250 1
-874149 6
-874088 1
-874036 7
-873986 2
-873800 2
-873615 2
-873428 1
-873427 1
-873419 3
-873408 2
-873312 1
-873216 2
-873031 11
-872843 2
-872701 1
-872571 2
-872539 2
-872472 1
34
140168 30
140602 3
140603 1
140606 2
140608 1
140610 5
140775 8
140927 17
140978 2
140980 2
140982 3
140985 4
140987 1
140989 2
141429 1
141430 2
141916 11
141930 11
142368 1
142369 1
142371 1
142372 1
142588 2
142595 10
143060 2
143061 2
143482 13
143494 4
143497 4
143501 4
143962 5
143972 6
144192 1
144530 1
29
-360972 1
-360971 1
-360970 1
-360968 1
-360967 1
-360604 15
-360591 2
-360589 1
-360586 5
-360585 5
-360153 7
-360135 9
-360127 9
-360122 16
-360119 6
-360111 9
-360104 6
-360090 13
-360083 7
-360079 13
-360073 5
-360050 7
-360047 5
-360046 5
-360043 13
-360040 8
-360033 7
-360019 7
-360007 15
51
-246785 2
-246591 3
-246570 3
-246401 3
-246253 1
-246251 3
-246076 4
-246063 5
-245800 2
-245527 1
-245474 1
-245352 3
-245293 2
-245178 6
-245085 1
-245051 1
-245049 2
-244955 4
-244846 3
-244630 1
-244376 2
-244188 2
-243937 1
-243866 1
-243821 1
-243819 2
-243641 1
-243553 2
-243552 1
-243382 8
-243160 2
-242915 2
-242909 1
-242699 5
-242612 7
-242365 7
-242361 1
-242243 6
-242139 9
-241858 4
-241597 2
-241594 1
-241328 2
-241044 4
-240803 4
-240677 1
-240468 13
-240386 3
-240331 7
-240296 2
-240262 1
44
-954803 1
-954598 3
-954245 5
-953604 2
-953257 1
-953239 5
-952835 2
-951930 4
-951273 1
-951272 1
-950545 5
-949632 6
-949631 4
-949280 9
-948741 1
-948643 4
-948488 3
-948482 4
-947840 5
-947723 11
-947701 15
-947693 1
-947296 8
-947207 3
-947203 2
-946897 2
-946147 10
-945572 2
-945019 2
-945015 2
-944523 3
-944144 1
-944143 3
-943305 13
-943009 1
-942214 2
-942210 4
-941455 3
-941166 9
-940250 2
-940247 2
-939635 11
-938998 5
-938374 14
24
968243 25
968676 5
969218 11
969917 2
970543 2
970684 1
971045 6
971049 3
971081 2
971689 3
972409 4
972410 1
973089 4
973612 2
973813 7
973815 1
974513 2
974515 1
975043 7
975108 7
975570 2
975572 1
975639 6
975793 23
19
407513 16
407542 10
407548 13
407557 13
407649 3
407657 2
407658 5
407665 5
407672 23
407945 3
407948 1
408017 1
408018 1
408019 2
408021 1
408022 1
408024 1
408025 1
408026 1
31
786653 1
786847 4
786976 3
787001 5
787136 1
787138 1
787573 1
787574 1
787905 4
787908 4
788170 2
788600 7
788699 3
788703 5
788712 3
788831 3
788835 3
788919 6
789271 3
789275 4
789342 1
789345 2
789687 5
789724 5
790031 10
790147 2
790257 1
790259 1
790554 3
790763 3
790957 5
39
451381 1
451630 4
451723 1
451724 1
451806 10
452103 1
452423 4
452428 3
452863 5
452870 4
453385 1
453393 17
453861 1
454377 1
454967 5
454971 4
455143 5
455242 1
455443 2
455445 1
455584 8
455595 7
456192 7
456841 10
456865 34
456913 2
457057 5
457333 9
457439 9
457454 4
457457 8
457815 2
458093 9
458305 1
458912 3
458933 3
458934 3
459518 1
459520 3
23
-51719 10
-51438 3
-51436 1
-51216 2
-51212 3
-51210 2
-50784 3
-50780 2
-50706 2
-50704 1
-50701 2
-50494 1
-50492 1
-50038 3
-50034 6
-49768 15
-49622 1
-49620 1
-49218 1
-48897 11
-48457 1
-48456 1
-48353 33
26
211165 1
211166 1
211191 10
211199 6
211213 7
211216 4
211219 9
211228 7
211457 14
211471 11
211495 19
211583 3
211585 1
211587 2
211589 4
211594 3
211601 5
211952 1
211953 1
211954 1
211955 1
211957 1
212052 1
212053 1
212055 1
212056 1
32
-298733 8
-298354 20
-298196 12
-298183 7
-297816 4
-297294 2
-297291 1
-296832 8
-296758 3
-296754 3
-296357 2
-295878 1
-295876 1
-295685 7
-295051 5
-295043 4
-294653 3
-294650 2
-294426 15
-293993 5
-293766 4
-293761 4
-293059 5
-292851 6
-292706 7
-292238 4
-291675 1
-291674 1
-291528 1
-291527 2
-291525 1
-291524 1
34
-56816 9
-56642 8
-56270 4
-56138 2
-56136 4
-55600 13
-55196 2
-55193 1
-54780 9
-54776 11
-54749 16
-54198 4
-54195 1
-54187 2
-54180 10
-53559 8
-53357 2
-53353 2
-52743 3
-52658 1
-52167 3
-52162 6
-51790 9
-51783 5
-51678 4
-51671 3
-51453 9
-51435 3
-51428 5
-50963 4
-50956 3
-50588 11
-50243 4
-50039 5
32
-485772 22
-485530 7
-485526 2
-485425 2
-485423 1
-485421 2
-485420 2
-485418 4
-485415 2
-485413 2
-485406 4
-485404 3
-484794 4
-484792 3
-484788 7
-484783 13
-484611 8
-484594 21
-484273 1
-484272 1
-484271 1
-484270 1
-484268 1
-484267 1
-484257 3
-484255 2
-484250 4
-484245 4
-484242 2
-484240 3
-484197 41
-484175 8
34
-551474 2
-551472 3
-550845 4
-550840 4
-550492 1
-550491 1
-549929 2
-549919 3
-549914 27
-549518 11
-549509 3
-548876 4
-548869 2
-548866 3
-548865 2
-548250 2
-547903 1
-547901 2
-547900 1
-547898 1
-547896 1
-547895 2
-547894 1
-547307 1
-547303 6
-547090 1
-547088 2
-547087 2
-547085 2
-547082 1
-547080 3
-547079 4
-547076 1
-547071 3
27
-637818 7
-637799 8
-637790 45
-637433 3
-637431 1
-637426 1
-637424 1
-637262 2
-637259 5
-637255 8
-637252 10
-637251 7
-637250 9
-637243 6
-636903 24
-636888 7
-636847 8
-636844 10
-636842 6
-636840 9
-636759 2
-636757 1
-636756 1
-636755 2
-636751 1
-636750 2
-636747 3
44
644934 1
645260 2
645531 7
645768 1
646098 3
646182 4
646584 2
646636 1
646730 1
646774 5
647058 2
647185 1
647491 3
647919 4
648374 2
648647 3
649089 3
649324 4
649610 3
649618 5
650158 2
650175 1
650274 5
650469 6
650741 2
650849 1
650989 1
650995 3
651386 2
651482 2
651511 3
651680 9
652100 1
652472 4
652869 2
653105 1
653634 3
653844 5
654134 7
654249 4
654574 1
655140 6
655378 4
655498 2
44
-178506 38
-178465 11
-178435 2
-178433 2
-178432 2
-178417 1
-178415 3
-178391 1
-178365 4
-178345 1
-178343 1
-178318 3
-178313 7
-178301 16
-178278 5
-178273 2
-178266 6
-178238 1
-178236 1
-178235 2
-178232 1
-178231 2
-178230 1
-178203 4
-178195 10
-178184 4
-178182 3
-178177 4
-178173 4
-178148 1
-178145 3
-178143 4
-178129 5
-178104 1
-178102 3
-178099 1
-178071 5
-178065 5
-178063 4
-178052 3
-178048 5
-178036 2
-178012 6
-178010 7
66
-99 13
-95 3
-94 2
-92 1
-88 3
-86 2
-80 2
-76 4
-73 5
-69 2
-67 4
-63 3
-61 2
-59 2
-52 3
-50 4
-47 4
-40 2
-38 2
-33 2
-31 6
-29 7
-27 1
-24 3
-23 1
-22 3
-20 1
-16 4
-15 3
-10 2
-8 4
-3 2
0 1
4 1
5 2
8 3
13 1
15 3
17 2
21 4
27 3
31 2
32 5
38 2
42 4
44 2
45 2
49 4
52 2
53 1
55 2
59 3
62 3
65 5
67 2
71 3
78 3
79 4
81 4
82 6
85 4
90 1
93 5
95 3
98 2
100 4
52
-762454 5
-762109 7
-762070 10
-761716 15
-761700 3
-761696 5
-761390 10
-761365 9
-761197 1
-761195 1
-761194 1
-760981 2
-760962 2
-760959 1
-760822 4
-760817 6
-760805 1
-760595 1
-760592 2
-760344 1
-760305 3
-760302 1
-760156 1
-760154 2
-760085 3
-760084 4
-760080 1
-760052 1
-760051 1
-760049 1
-759749 13
-759693 2
-759691 1
-759517 1
-759396 1
-759394 1
-759031 5
-758740 4
-758736 2
-758662 3
-758574 1
-758572 3
-758570 2
-758374 4
-758369 4
-758366 1
-758075 3
-757785 6
-757780 5
-757591 15
-757312 5
-757304 5
49
-899930 1
-899929 1
-899928 1
-899927 1
-899926 1
-899925 1
-899924 1
-899923 1
-899922 1
-899921 1
-899920 1
-899919 1
-899918 1
-899917 1
-899916 1
-899915 1
-899914 1
-899913 1
-899912 1
-899911 1
-899910 1
-899909 1
-899908 1
-899906 1
-899905 1
-899904 1
-899903 1
-899902 1
-899901 1
-899900 1
-899899 1
-899898 1
-899897 1
-899896 1
-899895 1
-899894 1
-899680 12
-899676 10
-899659 12
-899636 9
-899631 17
-899619 12
-899602 12
-899594 12
-899590 13
-899573 13
-899555 11
-899553 9
-899525 22
34
-337970 32
-337840 5
-337837 2
-337834 3
-337827 2
-337823 2
-337822 2
-337820 3
-337818 1
-337815 1
-337814 4
-337812 1
-337810 5
-337808 5
-337806 1
-337802 1
-337717 3
-337713 4
-337615 1
-337614 1
-337545 1
-337544 1
-337543 1
-337542 1
-337540 1
-337413 19
-337407 8
-337393 8
-337339 1
-337337 2
-337336 1
-337293 21
-337274 17
-337256 10
40
-666134 1
-665930 2
-665729 2
-665353 3
-665349 3
-665146 3
-664910 1
-664244 2
-663614 5
-663094 3
-662849 1
-662847 1
-662795 3
-662771 4
-662583 4
-662168 9
-661653 3
-661533 1
-661532 1
-661021 4
-660833 6
-660413 2
-660287 3
-659870 2
-659773 2
-659771 1
-659467 6
-658872 2
-658723 2
-658546 5
-658482 10
-658427 1
-658302 3
-658011 7
-658007 2
-657383 2
-657338 10
-656844 3
-656727 4
-656248 3
28
418281 6
418919 11
418924 1
418927 2
419610 16
419871 3
419947 2
419950 2
420012 14
420021 2
420305 2
420557 12
420569 14
421233 2
421235 1
421300 15
421308 4
421314 3
421785 1
421787 2
422212 3
422429 1
422431 2
423170 2
423342 8
423348 2
423370 1
423907 12
58
-669915 4
-669906 4
-669904 4
-669901 8
-669888 8
-669879 1
-669878 2
-669877 1
-669875 1
-669874 2
-669870 7
-669860 12
-669840 11
-669837 1
-669836 3
-669835 1
-669832 2
-669830 2
-669827 1
-669826 1
-669824 2
-669823 1
-669821 1
-669820 2
-669804 24
-669787 2
-669785 1
-669782 2
-669781 1
-669779 2
-669778 1
-669776 2
-669771 3
-669768 1
-669767 2
-669758 10
-669750 4
-669747 4
-669743 2
-669737 3
-669735 3
-669731 2
-669727 3
-669724 5
-669722 3
-669718 8
-669704 8
-669699 2
-669697 1
-669693 2
-669691 4
-669690 4
-669686 3
-669685 1
-669682 2
-669676 1
-669675 1
-669674 1
25
-532070 5
-531656 6
-531486 2
-531485 3
-531109 7
-530566 3
-529779 2
-529179 5
-528636 1
-528635 1
-528633 1
-528524 18
-527919 5
-527119 1
-527117 1
-526825 4
-526795 7
-526110 6
-525527 3
-525524 3
-524733 7
-524313 4
-523763 2
-523758 3
-522907 1
36
918899 18
919298 2
919301 4
919304 1
919327 2
919449 1
919450 1
920004 6
920129 1
920280 5
920340 2
920344 9
920460 4
920462 2
920465 3
920467 3
920917 4
921055 1
921056 1
921412 13
921427 1
921428 1
921430 1
921431 1
921432 1
921433 1
921773 16
921795 15
921865 2
921867 1
921875 2
921877 1
921878 2
921996 3
922002 4
922342 4
41
930727 1
930808 1
930864 5
930867 2
930876 7
930880 3
930950 7
930994 1
930996 3
930999 2
931046 1
931124 8
931129 5
931153 4
931197 1
931254 9
931256 5
931261 2
931362 1
931365 4
931429 20
931537 2
931541 9
931563 2
931613 2
931662 12
931684 15
931717 5
931799 4
931808 9
931829 2
931830 1
931832 1
931834 1
931835 1
931849 2
931865 1
931867 2
931880 2
931884 5
931886 4
46
-802404 1
-802403 2
-802401 1
-802382 3
-802377 2
-802363 3
-802360 1
-802259 2
-802256 1
-802255 3
-802125 3
-802123 1
-802070 1
-802068 1
-802043 1
-802040 3
-802038 1
-802004 10
-801998 1
-801995 5
-801916 4
-801907 8
-801777 1
-801776 2
-801756 5
-801750 1
-801748 1
-801745 3
-801743 6
-801651 2
-801649 3
-801647 4
-801639 6
-801537 5
-801532 6
-801530 1
-801525 3
-801453 2
-801317 7
-801315 1
-801308 5
-801303 5
-801237 2
-801143 3
-801137 9
-800970 19
55
236340 1
236362 5
236384 5
236396 2
236406 1
236408 1
236426 3
236435 5
236455 1
236469 3
236491 3
236492 2
236520 1
236528 2
236536 4
236539 1
236550 1
236579 9
236611 2
236625 10
236654 1
236655 1
236659 1
236661 2
236690 6
236699 3
236713 6
236731 12
236748 6
236769 10
236789 1
236791 1
236808 2
236823 3
236829 5
236852 3
236870 1
236872 1
236883 10
236904 9
236932 2
236945 2
236947 1
236963 11
236973 1
236986 1
237007 9
237026 3
237047 3
237052 3
237069 4
237087 9
237114 1
237115 1
237140 3
32
-320197 1
-320124 5
-320089 6
-320083 4
-320076 1
-320073 7
-320003 13
-319983 1
-319975 2
-319974 2
-319947 1
-319868 2
-319866 1
-319865 4
-319762 4
-319696 6
-319689 3
-319641 3
-319636 3
-319539 4
-319535 3
-319533 2
-319494 13
-319489 1
-319402 3
-319332 2
-319329 3
-319327 1
-319326 1
-319184 2
-319077 3
-319044 5
40
420955 21
421197 2
421198 3
421204 5
421442 17
421709 5
421718 5
421973 10
422188 3
422191 6
422194 7
422203 12
422217 7
422224 3
422225 1
422226 2
422230 3
422470 5
422473 1
422477 10
422790 1
422791 1
422792 1
422794 1
422795 1
422796 1
422797 1
422798 1
423112 2
423115 1
423116 2
423118 1
423119 1
423307 2
423309 2
423312 3
423313 1
423318 3
423543 2
423545 2
52
336870 1
336882 5
336897 2
336898 1
336900 1
336901 1
336910 3
336913 1
336917 1
336919 2
336921 1
336931 1
336932 1
336934 1
336935 1
336936 1
336950 14
336966 1
336968 1
336977 6
336978 6
336990 5
336996 2
336997 1
337006 2
337014 1
337016 1
337025 6
337038 2
337040 3
337054 3
337065 5
337068 3
337083 4
337092 6
337095 2
337098 4
337101 2
337108 2
337109 1
337128 19
337142 1
337155 3
337173 19
337196 10
337202 8
337210 1
337216 4
337219 1
337224 1
337231 2
337234 3
61
196066 1
196166 1
196437 1
196438 1
196552 2
196733 1
196847 2
196849 1
196978 6
197175 1
197176 1
197446 1
197516 4
197742 1
197744 5
197924 6
198193 1
198195 1
198230 6
198277 6
198493 1
198494 1
198538 5
198801 2
199075 1
199092 3
199096 4
199299 19
199407 4
199423 2
199536 6
199540 1
199609 6
199853 5
199857 3
200112 6
200183 4
200189 3
200191 2
200342 2
200350 3
200474 4
200695 1
200798 2
200800 3
200807 4
200917 1
200918 1
201164 11
201362 10
201500 7
201589 1
201590 1
201693 1
201694 1
201816 5
201817 5
201972 2
202205 1
202406 2
202454 5
22
-18887 4
-18881 5
-18877 6
-18685 3
-18681 5
-18679 4
-18675 2
-18672 9
-18667 4
-18664 6
-18662 6
-18658 6
-18653 5
-18639 5
-18638 6
-18632 4
-18630 6
-18612 7
-18603 7
-18596 8
-18587 13
-18584 10
61
-517167 1
-516559 4
-516186 2
-515607 1
-515599 2
-515394 3
-515339 2
-514799 1
-514537 6
-514353 2
-514053 6
-513507 4
-513290 6
-513185 5
-512921 6
-512311 1
-511927 2
-511921 8
-511448 6
-510872 3
-510626 1
-510275 3
-509864 3
-509296 2
-508902 1
-508484 1
-508041 3
-507919 5
-507796 4
-507466 3
-507064 1
-506465 1
-506463 1
-506198 6
-506100 5
-505759 4
-505547 4
-505100 2
-504561 2
-504303 2
-503949 3
-503436 2
-503280 1
-503279 1
-503262 2
-503119 2
-503035 3
-502571 3
-502173 3
-502114 2
-501898 2
-501319 3
-500692 1
-500516 5
-500217 5
-499810 5
-499696 8
-499286 6
-498747 2
-498481 4
-497960 1
2
999999 100
1000000 100
1
-1000000 200
43
-760348 5
-760344 4
-760336 6
-760334 4
-760333 4
-759853 5
-759849 5
-759295 1
-759293 2
-758976 1
-758974 2
-758971 2
-758770 3
-758764 4
-758475 1
-758473 1
-758471 2
-758358 14
-757999 24
-757970 9
-757966 11
-757957 9
-757942 8
-757361 2
-757360 1
-757358 1
-757356 2
-757355 1
-757353 1
-756940 1
-756938 1
-756771 18
-756765 3
-756764 2
-756762 2
-756279 1
-756278 1
-756069 1
-756068 1
-756067 1
-756065 1
-756064 1
-756063 1
47
440374 5
440542 2
440599 2
441098 5
441931 3
442652 5
443057 7
443176 3
443791 2
444076 2
444417 1
444419 2
444900 11
445494 3
445843 7
446225 13
446903 2
447734 6
448300 4
449059 7
449749 6
449953 1
450446 3
450774 2
451498 11
451605 4
452133 4
452252 3
452764 5
452803 1
452805 3
453494 5
454035 3
454158 4
455008 2
455591 1
456204 1
457002 2
457433 10
457577 1
457611 8
457780 1
458193 4
458564 3
459207 9
459335 3
460046 1
