50
3 2
0 1
3 2
6 1
2 2
0 3
1 1
20 5
-95695 1
-95072 4
-92648 1
-87338 2
-66824 5
-58025 5
-48437 1
-37469 5
-37449 5
-24666 3
-19298 5
-11946 4
29570 3
33839 2
44392 1
46521 5
47497 2
62343 3
75288 4
85984 3
18 3
-83791 1
-56935 1
-32017 1
-15306 1
703 1
21042 1
21308 1
23806 1
33482 1
39302 1
47641 1
53575 1
57119 1
70624 1
72424 1
73686 1
74877 1
79912 1
2 1
-28428 27
277 70
9 2
-39223 8
56 18
10216 2
20476 14
36943 8
46321 17
47577 10
55638 19
67367 4
1 5
79770 100
11 5
-36753 1
-19559 1
-1731 1
-869 1
519 1
17306 1
29646 1
44210 1
48755 1
51765 1
88393 1
6 2
-6404 16
-6394 20
-6384 14
-6376 25
-6374 16
-6368 7
20 5
-100000 9
-93827 4
-89584 3
-89258 9
-85117 1
-44190 5
-42527 4
-32603 8
-19876 7
-9460 1
-253 5
2082 6
46818 6
50398 3
60766 3
66526 5
70574 4
74028 8
97567 4
100000 5
20 4
-100000 5
-94347 2
-93921 3
-93051 6
-57256 4
-42471 5
-31107 5
-29047 7
-23638 7
-239 4
2357 4
19007 6
40249 5
50681 3
57262 8
76181 6
80100 2
88386 3
93709 8
100000 7
13 1
-12 9
-10 8
-9 7
-4 15
0 5
1 3
2 11
3 6
6 8
7 2
9 5
10 12
13 8
20 5
-89162 4
-80703 4
-78430 1
-65192 1
-63714 2
-52663 1
-52643 2
-34469 1
1184 4
14123 2
20561 1
38503 2
57346 5
62194 1
65648 5
65657 4
76615 1
84499 4
88898 2
91757 2
20 5
-100000 3
-82775 3
-71658 3
-64527 3
-63786 7
-50781 6
-36045 7
-16725 7
-7462 7
792 2
4089 7
14547 4
19880 1
47795 9
52244 4
56094 1
70793 6
75725 6
92761 5
100000 9
1 2
-11492 73
14 4
-72072 1
-71848 1
-60206 1
-41326 1
-36406 1
-34543 1
-31975 1
5386 1
16846 1
43992 1
62395 1
85259 1
90611 1
93360 1
13 2
-70214 4
-70184 4
-70155 3
-70152 12
-70148 5
-70147 5
-70118 7
-70107 1
56326 14
56335 6
56362 18
56364 8
56394 6
1 5
-67827 100
13 2
-98557 79
-98540 1
94704 2
94710 2
94734 3
94742 2
94769 3
94792 2
94796 1
94825 1
94844 2
94859 1
94867 1
13 4
-51628 14
-51627 4
-51623 10
-51621 4
-51612 7
-51608 6
-51604 5
-51595 12
-51590 11
-51584 13
-51579 2
-51572 5
-51566 4
2 5
2 36
4 61
1 2
59228 51
20 4
-100000 8
-68052 3
-58769 2
-42545 9
-13115 4
-4118 11
2945 2
3214 5
12551 2
18213 3
35615 4
37172 6
40748 8
42619 8
43020 2
63702 8
66665 4
88993 4
89663 3
100000 4
20 3
-98728 1
-96661 5
-82381 4
-72490 1
-71550 1
-69240 2
-67385 1
-67246 5
-67244 4
-51561 5
-30617 2
-2590 1
14382 1
19458 5
20287 5
31563 4
48939 3
71926 3
75695 3
83566 2
20 5
-100000 5
-84936 5
-54516 1
-47221 1
-41046 8
-30253 5
-27018 3
-26777 8
-19266 7
-8562 2
-4360 7
15004 6
27365 1
38820 8
41444 6
54744 4
61463 3
73260 6
91871 4
100000 10
12 3
-35 5
-32 4
-18 8
-13 16
-3 16
4 12
10 2
13 13
25 5
28 11
30 4
32 3
1 5
4748 100
20 5
-100000 4
-97236 5
-96431 2
-94180 4
-88972 9
-69613 6
-33795 5
-30633 3
-29364 9
-4806 4
-3370 7
6650 6
27017 2
43553 4
48012 4
50644 7
56408 4
71277 10
83290 3
100000 2
5 2
-10 18
-9 27
-4 11
1 17
4 23
20 3
-100000 6
-96678 4
-78802 8
-60350 2
-60151 4
-52284 7
-45179 3
-36044 3
-34837 2
-3652 2
-1732 5
1596 2
42815 4
58646 7
77099 5
78197 10
80147 3
93429 5
94616 9
100000 9
20 3
-77108 1
-76566 4
-74303 2
-67462 5
-60379 3
-58982 1
-40754 1
-29554 3
-29552 3
-29375 1
-14909 4
14989 4
19830 4
40048 5
42453 4
48627 4
54853 1
75916 5
79246 1
93850 4
16 1
56835 12
56836 6
56842 11
56852 6
56860 10
56867 9
56868 5
56877 8
56885 3
56891 5
56892 5
56901 2
56903 6
56906 4
56914 5
56917 2
15 4
-60 7
-50 7
-36 5
-34 11
-22 3
-12 12
2 4
9 5
11 1
27 4
30 9
42 8
43 5
51 10
58 9
20 3
-97365 1
-92971 4
-92970 4
-90242 1
-71468 3
-68310 2
-56182 3
-36529 3
-22416 1
-8793 4
20688 5
25261 5
28738 5
63639 5
68977 5
74094 1
81184 5
82588 1
84143 1
93334 1
1 5
-74013 59
20 5
-100000 4
-80880 6
-75379 2
-54265 3
-51673 3
-41784 4
-35862 5
-26322 8
-22709 2
18329 6
46709 8
53445 4
58642 3
61135 3
62719 6
75289 9
76295 7
86351 8
90777 3
100000 6
20 3
-83394 1
-63358 3
-47570 1
-46437 4
-40377 3
-33226 3
-32377 1
-24029 2
-5180 4
-5179 4
3455 5
28902 1
32779 3
38990 4
44033 5
51652 5
69881 4
70135 3
73131 3
76896 3
12 5
-55 6
-49 13
-46 7
-17 4
-14 12
-2 7
18 15
19 8
39 4
41 6
50 4
52 13
20 5
-100000 9
-93553 2
-87481 3
-84683 4
-67199 5
-55156 3
-53827 8
-42245 7
-31540 4
5077 8
12464 4
38188 4
39539 1
71123 6
71706 3
84964 3
85141 3
86790 7
92633 8
100000 8
1 5
57853 100
8 3
-71729 2
-49362 6
-44958 4
-9789 17
-9642 20
-5824 24
11570 12
64036 15
18 2
-33 7
-30 7
-28 8
-21 8
-19 3
-18 2
-15 6
-10 4
-3 6
-2 7
4 5
6 3
13 5
24 4
26 9
30 10
33 2
35 4
20 5
-95850 2
-95431 1
-78526 3
-76818 4
-74462 2
-74301 5
-58344 2
-40887 5
-40876 3
-26575 3
-25420 5
-21170 4
-15109 4
-10314 3
-2814 3
2715 2
5607 2
58891 3
82451 2
91079 3
9 1
-8 9
-7 5
-5 5
-4 24
-1 16
2 18
6 9
7 7
9 6
20 4
-100000 8
-87198 7
-72090 2
-43784 5
-37064 8
-32061 1
-15366 5
-3746 5
35 2
5530 4
15350 4
29208 8
42980 7
45299 7
48518 6
55878 3
66632 7
84717 3
90078 2
100000 6
20 5
-99447 3
-93178 4
-89329 4
-82074 4
-82057 5
-73496 2
-57485 2
-57348 4
-46614 5
-31028 1
-29307 2
-19937 4
-12936 5
-2221 3
24124 4
50319 4
51406 1
55278 5
72069 4
87246 4
1 5
11181 100
20 4
-87831 1
-73880 4
-48870 4
-48669 5
-48142 3
-48112 5
-41404 4
-39711 2
-39709 4
-32289 2
-26355 2
7187 1
24939 2
41593 1
42370 3
57290 4
70124 1
72666 2
85585 1
91953 5
17 2
29298 5
29302 11
29307 7
29316 5
29318 5
29327 6
29337 8
29341 3
29342 11
29352 2
29356 4
29359 10
29361 6
29369 8
29377 6
29384 2
29389 1
20 3
-93377 3
-92017 5
-85687 5
-80481 2
-66603 4
-63602 5
-63595 4
-57307 3
-51496 1
-39763 2
-7914 1
-795 1
6329 1
7836 4
10880 1
16701 4
21632 2
39395 2
67561 3
70881 4
