55
1
-18 81 29 22
15
-1657 5674 4 -56
1028 -4325 1 -24
9852 -5202 1 -228
-9365 3683 2 122
-6363 -5529 20000 499
-1712 2717 1 -177
-9139 3086 4 393
8707 7165 18 -314
-7841 330 208 -280
2608 -846 79 -288
-6780 8868 2 460
-6643 -7813 672 86
2519 -5474 3 -423
-9019 615 547 -212
-3476 8253 93 -489
15
6152 3916 40 -585
916 -3946 45 -77
4410 -1988 13 -619
8344 -8805 4 365
-3299 -2203 1 -184
-3342 9554 8 -464
-3195 570 45 -84
2261 8217 38 203
2407 -6766 17317 420
-3688 -3708 19 -35
8605 -4823 1176 511
6628 -3905 137 -353
-7087 5197 13 691
-9326 1362 1 -447
3289 6322 2 -644
15
-335 18 16 -551
-495 18 16 -547
-447 34 32 439
-511 34 32 232
-431 18 16 -898
-351 2 32 622
-383 34 32 532
-543 2 32 970
-399 18 16 -699
-319 34 32 8
-527 18 16 -340
-367 18 16 -832
-415 2 32 603
-463 18 16 -508
-479 2 32 193
15
1383 1700 9 -622
-4321 -9926 128 -523
-6132 -7719 2 -149
-4202 3018 22 233
-2699 -7152 2 -87
4620 -5214 15017 493
2773 -5193 3 -417
7692 7486 14 -712
-3092 4837 3 -252
-1772 2508 35 428
-5649 -9086 2 -589
9664 8601 4 -427
-3764 5859 762 144
-380 3670 4 -175
8929 2981 1032 226
15
7096 -5577 9573 -184
4492 5978 20000 203
-92 -4411 1534 -739
2248 -4160 2 -143
-9382 9087 1 -131
8225 3684 2 -415
-9695 903 1 -615
-3453 4030 4 15
7134 9977 66 780
4151 -5708 104 550
-2713 7445 20 168
8988 5601 4 261
6580 616 399 -751
2752 8009 289 -453
-7988 -4219 181 366
15
-9176 -6179 1 -652
-4240 -5590 4 344
7894 -6347 5 622
1880 4683 6 -297
9330 8170 39 600
2908 2184 33 89
642 1276 2 -146
3723 2799 96 643
4820 6888 4 -274
-4016 -943 16 -617
-5079 2238 20000 97
-8099 -6338 115 262
-2223 -6331 1 -235
7686 3620 2155 -88
9977 8806 1 -47
15
7269 -4723 4 -611
3062 6684 9 -795
-8344 6342 108 693
-9894 1661 1 -889
-6452 -9191 8 807
9800 4759 1 -17
6259 -8504 381 487
9190 1908 36 246
-1107 -7764 20000 646
-5574 6394 13 -484
3245 -3530 1 -666
-2945 -3391 134 558
-1269 -5390 1 -451
4274 9768 130 -563
4569 7167 4 -429
13
-183 47 36 147
-147 11 36 619
-345 29 18 -225
-291 11 36 941
-255 47 36 383
-201 29 18 -747
-237 29 18 -323
-219 11 36 545
-165 29 18 -154
-327 47 36 18
-129 29 18 -391
-309 29 18 -662
-273 29 18 -761
13
-177 49 26 53
-229 49 26 704
-268 62 13 -718
-138 62 13 -818
-242 62 13 -626
-190 62 13 -387
-125 49 26 869
-203 75 26 539
-151 75 26 808
-255 75 26 164
-164 62 13 -971
-112 62 13 -585
-216 62 13 -80
15
20 4 6 0
2 4 2 0
0 4 1 -13
35 4 8 0
44 4 9 0
104 4 14 0
9 4 4 0
90 4 13 0
5 4 3 0
54 4 10 0
27 4 7 0
119 4 15 14
65 4 11 0
14 4 5 0
77 4 12 0
15
821 -2985 18502 355
9679 -8951 2 -82
-2845 -1084 50 19
3930 -6331 2 -191
-5725 -5677 2 -435
2226 -5269 2 -154
1263 -6334 3 374
8827 -9423 1 -291
7241 7795 21 -412
5613 490 12 73
-1696 6926 4 228
4061 -9597 97 158
631 1471 4 276
5814 4937 3 435
7564 -3367 10 -137
15
-682 -7350 881 15
9894 1730 33 -336
1614 -5032 17731 3
-3425 -8551 1 -261
-6860 -8033 1637 94
-3192 2434 1 -181
737 7188 278 230
7577 -2893 2 -91
7670 3174 17 321
-9630 6027 4 158
-7596 -9953 18 0
-6953 -4963 4 -339
-5975 -9072 2264 228
-4215 -9336 18 228
588 -4306 1 -66
15
5311 -4397 19 49
-67 -3956 11 48
4499 -8388 891 41
-4870 -5122 3 -35
-3845 -9263 20000 468
-1278 244 2 141
-3839 -3670 6 -44
-6122 3071 647 -30
6105 -1996 2 22
-3568 -4313 5 -261
578 5183 7 421
3128 5981 2 -347
2244 -6095 185 -247
2968 -5552 1 -398
9511 4627 1 -79
15
1027 -6981 178 515
3265 1262 4 -321
4737 -9205 131 -228
4615 -2164 72 251
-5387 2443 8 -400
-6820 -6690 3 -211
1894 -4111 733 -289
6676 8435 1 -261
4461 3757 14 -30
3658 -3732 1111 67
-2388 2534 1191 -486
4142 6749 4 60
-1207 -6699 7 229
8994 4923 1 -120
6059 -2685 17483 205
15
-8374 -4646 18 380
306 4846 20000 117
5411 5648 32 638
5989 -8239 10 -84
-6245 4661 8 -521
8702 -5408 136 -220
714 -3057 903 -317
-1168 295 9 -2
4631 -4178 48 -503
9466 -3511 128 534
4075 -1747 2 -280
-6136 6089 2 197
-7403 4851 2 -108
-5350 6234 260 -585
-995 -747 8 255
14
-552 30 35 -976
-775 552 70 976
-412 30 35 -976
-915 552 70 976
-740 517 35 -976
-880 517 35 -976
-447 -5 70 976
-377 65 70 976
-810 517 35 -976
-482 30 35 -976
-517 65 70 976
-845 482 70 976
-587 -5 70 976
-950 517 35 -976
15
6432 9370 2 -190
1646 4841 2 -457
-7735 -4464 152 -651
4570 -3789 17433 316
3067 6030 69 471
2405 -4579 34 -340
-6164 -4001 2 -465
7070 9082 6922 292
-8701 -7697 135 424
5385 280 4 -569
2933 -2983 1 -761
-7844 -6579 18 754
2326 2361 19 617
-9190 511 7 203
-1151 3088 2 688
15
-3277 -7020 1 -799
-5087 5788 17264 695
-8188 -5843 1 -20
9120 6727 2 819
1539 -5656 10 187
-5346 9447 1 -30
7571 6098 4 -315
-9769 -9548 2 608
-6178 -9536 28 -89
3936 7627 16 397
1994 9754 5 -607
1589 -7443 577 429
-220 4245 1 -913
9137 1466 1 -115
-6213 -1435 1 -397
15
-2290 -3970 2 45
83 3868 20000 306
7181 7679 4 330
8608 553 1 -84
-3347 -7941 2 -219
-8306 3771 1 -85
8642 -2378 8 396
-7239 5375 21 356
-4627 2767 1 -315
9996 2972 4420 213
-2128 9894 2 -119
-5064 -4264 5 176
-4394 -4560 5 -244
-1189 -6938 7 -209
-8131 4878 40 48
15
-6621 -7575 1 -693
-4055 7500 298 692
1061 1145 2 10
6264 5780 2589 -425
4597 3181 2 -203
-3217 3636 1 -368
587 -699 65 -548
-4097 8478 4 -447
-5090 -6612 2 -745
9575 -6648 19 -113
2713 5724 20000 728
5328 -8696 112 663
-5633 4658 2 -783
-7987 5599 11 -69
7975 -9996 25 402
15
-7503 6429 2 440
-428 -3343 20000 359
-9943 2716 1 -211
2346 5413 1 -175
-7888 6761 1 -479
1216 4917 1 -710
8945 3365 9 463
-5508 -7798 8 155
6350 3247 46 624
4407 9479 4 425
-4396 5781 6 -240
-1700 -406 268 605
-6628 -6411 8 95
-8626 8320 9 200
9819 4408 1 -134
15
-4935 -6611 10 -790
1479 -5020 1 -387
7292 5894 4 -693
-3839 3065 46 -425
-4950 -1366 1 -285
804 5835 17 -906
2869 5080 18 944
4658 841 1 -370
-290 8686 15 -600
2315 3500 13128 -745
2465 7 2 -209
5331 5862 4 -243
2094 3375 26 -817
-2490 7058 283 -427
5134 9336 2 -546
15
-4747 -2931 2 15
690 2434 1 -807
-8388 -5550 16 -323
9902 1263 2 -145
-6152 -849 40 -702
9081 -8169 4 516
-1846 -6668 3 -481
5524 1834 4 -425
7527 -8775 4 -86
-1661 -3322 1 -386
988 6695 304 -209
-2921 8549 2 353
-1438 2365 17068 474
-7481 2278 32 -675
-7559 8320 1 -510
15
-4248 2404 82 470
-724 5271 13977 229
-8078 -6385 91 752
2488 1764 12 -341
-5552 6729 2937 572
-67 680 170 -387
-9055 4469 288 -98
51 2377 289 708
474 3710 1 -148
-6398 5130 5 623
-1153 -5510 3 31
2240 4017 79 -1
-7211 5625 164 304
8461 -4117 4 13
2377 9106 8 162
15
2197 9355 4 -24
2158 -8106 2 -127
3871 -421 103 -159
-2126 4350 20000 133
-3751 -6265 1 -186
-3057 -5286 2 -65
-3955 -9055 1 -114
-9700 8997 7 281
-1088 -2884 2 216
-8191 -4328 22 -327
3428 1393 16 336
7914 6568 1 -272
-691 5315 33 80
9217 -4984 2 -8
9082 -9864 186 -46
15
162 4 7 0
149 4 5 0
155 4 6 0
254 4 15 11
189 4 10 0
200 4 11 0
144 4 4 0
225 4 13 0
239 4 14 0
170 4 8 0
212 4 12 0
140 4 3 0
135 4 1 -13
179 4 9 0
137 4 2 0
15
-4494 -4373 17235 57
-3605 8173 3 -102
-4232 8172 90 -507
-2241 -3393 10 -467
7913 6813 1 -366
-2994 -7628 1 -240
-4497 -3171 87 -335
-2013 -1583 5 4
4070 2269 3 -301
8665 -3521 624 33
8250 5019 7 368
2514 -3113 2 123
-8263 -5804 2 222
-8805 -9595 162 -30
49 -2223 2 513
15
-811 37 14 -763
-671 37 14 -889
-643 37 14 -421
-699 37 14 -246
-727 37 14 -99
-755 37 14 -913
-741 51 28 515
-685 51 28 589
-713 23 28 389
-825 23 28 280
-769 23 28 793
-783 37 14 -866
-657 23 28 309
-797 51 28 19
-629 51 28 809
15
9919 496 1478 374
6190 8488 4395 -120
-2218 -4953 529 289
-5307 -1559 2 -89
-1035 -9454 1 -351
322 -5716 2 -309
1529 2710 45 -472
9047 -3807 1 -196
4507 6433 1 -353
9472 -4908 80 -51
-7978 4602 17 -57
5127 9100 133 20
-754 -8693 267 15
-5895 1148 20000 105
8180 -6307 17 400
15
3261 -5390 2 -59
8404 2731 4108 -272
9508 -6186 1 -497
8498 -2215 5 -197
-4752 -5802 2 126
4297 6555 4 -59
5217 -318 1 -178
-3301 5912 1 -204
-3 -7415 140 -868
-7480 5349 9 -575
5107 -9209 9 10
3286 4982 18758 9
802 -7771 545 25
-3746 4698 2 -365
4597 -4692 4 -9
5
15 1 2 -20
10 0 6 10
0 -1 7 10
5 0 1 -15
0 1 7 10
15
5606 4117 2 343
7006 -5433 1 -154
6251 6578 2 277
9568 -4402 3 -213
792 6521 8 275
-9517 2397 37 15
5553 -337 5 199
-5356 -1583 39 350
-6177 -286 20000 301
3856 -5540 39 -346
-8424 2119 740 -295
-8753 -3092 2 -62
3865 1509 2 -269
3447 2480 16 -278
9498 1952 1240 116
14
-280 16 26 977
173 512 13 -977
-306 42 26 977
-332 16 26 977
160 525 26 977
-293 29 13 -977
-254 42 26 977
134 499 26 977
147 512 13 -977
-267 29 13 -977
108 525 26 977
-319 29 13 -977
95 512 13 -977
121 512 13 -977
15
3859 2125 34 314
-7503 3381 17 -169
-4669 791 1 -173
4823 -1826 1 -187
-6013 7185 4 -310
2303 -993 16894 271
-6115 9546 2 -198
9628 -8355 2 -19
-9936 8477 2291 -137
9734 -3235 4 31
-9311 -614 2611 -11
8161 5687 3 212
-2544 5527 15 66
-9230 -1875 5 210
9508 8624 41 50
14
-317 547 29 -700
-596 108 58 700
-375 547 29 -700
-567 79 29 -700
-404 576 58 700
-346 518 58 700
-288 576 58 700
-259 547 29 -700
-538 50 58 700
-480 108 58 700
-509 79 29 -700
-654 50 58 700
-625 79 29 -700
-433 547 29 -700
15
5476 -4285 38 -272
8632 -8431 5228 452
8330 -7193 2 7
-2793 704 3 -56
-8053 -70 1 -654
724 -9773 2 198
5184 -5211 6 -46
9655 3855 4 -386
4960 4357 16390 142
5608 -2407 100 24
-6893 5175 163 -151
5090 -2494 4 -650
-7493 9009 1 -273
4667 -7296 1 -134
7287 7232 536 84
15
-699 53 34 980
-580 70 17 -439
-529 87 34 868
-461 87 34 914
-478 70 17 -996
-648 70 17 -402
-495 53 34 747
-597 87 34 24
-563 53 34 115
-682 70 17 -27
-665 87 34 737
-512 70 17 -921
-631 53 34 704
-546 70 17 -830
-614 70 17 -999
15
9309 6962 1 -258
273 8469 111 -136
7784 -6283 71 58
-8174 14 1 -226
-255 3524 16445 247
1219 -5259 2 -280
-5620 -6231 2742 -35
7241 -1616 348 -136
6381 885 11 -162
-4626 -8628 5 -251
1674 -4012 1059 -230
-3103 -7485 8 -124
693 9116 4 431
-5199 -1469 4 290
-4061 8605 81 287
15
1962 -5144 38 -110
-6228 -1613 1 -306
7751 8747 9 -466
957 -4349 17 -292
-2402 -7018 19976 360
-8690 7986 1 -252
-8616 4362 2 -491
-6837 4853 1265 -247
-6314 7117 1206 -265
5665 -5195 2 -146
2415 -9149 1 -65
-7981 -4982 32 -25
8391 5106 10 -137
-4850 296 17 -55
-6224 8880 10436 510
12
0 0 1 0
2 3 1 1
1 0 1 -1
3 0 1 -3
0 2 1 2
0 1 1 1
3 2 1 -1
0 3 1 3
2 0 1 -2
1 3 1 2
3 3 1 1
3 1 1 -2
15
-2166 7358 697 -370
1065 -6876 334 -50
-3916 -3581 8 -243
-3673 -9310 4 396
9097 6406 24 433
-9777 2664 7 12
-2116 4893 4 -74
-5920 5153 4 -472
-929 3492 20000 23
-4191 9916 7 326
-9825 6796 3 475
7760 -4014 75 131
9017 7356 1 -371
3080 -7867 2 -91
-9353 -3350 1 -151
15
4 5 42 1
9 17 50 -1
6 17 46 -1
17 17 40 -1
15 19 43 -1
10 7 43 1
7 18 48 1
20 1 46 1
17 7 41 1
15 10 48 1
1 7 48 -1
14 8 49 -1
1 12 50 1
0 19 45 1
3 19 42 -1
13
262 27 19 -374
110 27 19 -109
148 27 19 -282
300 27 19 -901
72 27 19 -421
129 8 38 637
243 46 38 342
281 8 38 452
205 8 38 249
91 46 38 865
186 27 19 -667
167 46 38 934
224 27 19 -52
15
-2657 1962 1 -406
-8212 6248 10 42
-265 -7924 1 -93
2278 4062 323 175
1927 -6890 1 -104
4964 -1132 54 498
-9069 5029 151 -740
-2480 2504 17760 360
3735 4199 10 181
-9461 2236 2 -710
9905 6061 58 -512
3601 -937 2 -757
-4892 -8504 4 343
-3347 -7567 1 -11
-1869 -3042 1 -412
15
-3741 -4336 133 -373
-4893 -5966 45 -506
-2404 981 20000 676
5439 -1090 4 255
488 4905 1 -391
4457 -3763 7 -683
-5715 5472 5 321
-4360 3435 6 -263
-9839 -8174 6 267
-6301 9408 4499 597
8703 -7280 595 -738
-3530 4649 4207 684
5223 277 2200 -336
-3101 4945 357 479
1489 5302 2 -558
15
-6625 7286 83 -271
5333 8960 3 191
974 -4448 133 341
-5626 3438 23 588
449 4772 1 -86
4467 -6047 17 -485
-3769 -5001 18789 128
-8886 517 5 194
-7795 -458 10 222
-6016 -7859 9 -93
-303 -1749 1 -345
-2983 -9657 816 -598
3407 2337 2 582
2753 -1526 12 528
-7245 -8020 4 -375
15
-8322 -8716 1 -536
-5370 2811 22 -222
903 -6536 16489 165
-5343 -1493 2 -44
-4064 1909 72 -238
-675 9466 39 -327
-5044 5829 17 -539
-4661 383 4293 -70
4011 3102 1 -149
-2332 -8591 3 -381
432 -9250 18 508
-3378 2644 323 -197
2115 -5525 35 372
-5336 -9614 3 537
-502 -8858 2 69
15
-1164 -7142 3 340
2100 6625 377 -219
-3787 9591 140 -221
5301 -7870 27 273
-253 9584 10454 82
-641 7627 1717 269
-8683 5051 577 59
-6272 1534 12 -1
-7855 -2682 1 -237
4946 -4771 1 -153
-3059 4980 2351 -21
-5725 1143 17 -232
252 3357 6 -199
3915 2385 17413 78
-823 1679 5 -51
1
-4 -39 7 -48
15
-6177 -2191 145 639
-4263 -7873 8 535
6373 9786 2 -247
-7505 -1383 9 -502
-9284 8528 3005 -539
6981 1427 3 -417
-1209 9148 2 -339
-736 8844 9 625
-7325 -3213 5 -64
511 -5332 19135 83
5039 -9979 514 242
8092 -1034 76 594
9778 2325 1 -504
7797 -5618 712 -251
-1080 -3032 16 -649
15
-3876 2159 2 59
-3051 5914 2 10
9207 5423 10 -267
-4169 -1840 8 403
9927 -294 21 137
982 -9367 4 -263
1522 8508 183 -326
-9432 -327 40 150
8702 -3356 2 53
9735 4236 2 130
-1467 9257 12 241
-2487 2740 1 -326
976 -7172 20000 365
885 5163 20 98
925 1661 20000 245
15
-9247 -862 5 157
6881 -6212 20000 278
4279 -1876 1 -264
6326 -8308 9 -72
-1305 2006 2 90
-809 3885 83 -109
9494 2408 16 -176
-8428 -742 5 -298
5621 -1718 17514 251
8535 7095 4 -188
-2729 -4635 1 -192
6878 3287 1 -162
2230 6373 4 -241
5450 -8360 2 -273
-2547 -4688 4 216
15
5383 -6610 6 -176
7887 -7776 5 223
-4421 -9723 135 -87
6579 -6601 80 126
6253 1135 16479 53
1162 -9467 9832 -118
7390 -7073 8715 154
3076 -5595 36 49
-4866 1623 7 307
-1137 4536 1 -90
-164 5085 9 -251
-8939 860 2 -271
-3221 8526 1 -214
1652 4972 8 116
-8525 -8919 2593 342
15
-8374 -9861 2 -59
-6282 6279 9 -282
-6211 -6014 3 -58
-7571 -6706 16 288
-800 3759 5 373
-7484 167 1 -316
8721 2204 183 -246
-4516 -2809 2 -271
-9465 9402 4 -306
2261 -4723 130 288
-4604 8717 2 -235
-7449 5254 277 -41
-4044 -5692 54 -232
-3810 -4870 20000 151
6586 2059 2 187
