20
7
1 2 3 4 5 6 7
4
1 10 11 200
4
1000 1520 7520 7521
5
1 2 3 4 5
5
0 1 2 3 4
5
1 600 601 8 9
5
600 601 8 9 608
6
601 8 9 608 609 9884
6
8 9 608 609 9884 9885
6
9 608 609 9884 9885 477
1000
0 0 0 0 0 0 0 0 0 0 0 0 0 0 0 0 0 0 0 0 0 0 0 0 0 0 0 0 0 0 0 0 0 0 0 0 0 0 0 0 0 0 0 0 0 0 0 0 0 0 0 0 0 0 0 0 0 0 0 0 0 0 0 0 0 0 0 0 0 0 0 0 0 0 0 0 0 0 0 0 0 0 0 0 0 0 0 0 0 0 0 0 0 0 0 0 0 0 0 0 0 0 0 0 0 0 0 0 0 0 0 0 0 0 0 0 0 0 0 0 0 0 0 0 0 0 0 0 0 0 0 0 0 0 0 0 0 0 0 0 0 0 0 0 0 0 0 0 0 0 0 0 0 0 0 0 0 0 0 0 0 0 0 0 0 0 0 0 0 0 0 0 0 0 0 0 0 0 0 0 0 0 0 0 0 0 0 0 0 0 0 0 0 0 0 0 0 0 0 0 0 0 0 0 0 0 0 0 0 0 0 0 0 0 0 0 0 0 0 0 0 0 0 0 0 0 0 0 0 0 0 0 0 0 0 0 0 0 0 0 0 0 0 0 0 0 0 0 0 0 0 0 0 0 0 0 0 0 0 0 0 0 0 0 0 0 0 0 0 0 0 0 0 0 0 0 0 0 0 0 0 0 0 0 0 0 0 0 0 0 0 0 0 0 0 0 0 0 0 0 0 0 0 0 0 0 0 0 0 0 0 0 0 0 0 0 0 0 0 0 0 0 0 0 0 0 0 0 0 0 0 0 0 0 0 0 0 0 0 0 0 0 0 0 0 0 0 0 0 0 0 0 0 0 0 0 0 0 0 0 0 0 0 0 0 0 0 0 0 0 0 0 0 0 0 0 0 0 0 0 0 0 0 0 0 0 0 0 0 0 0 0 0 0 0 0 0 0 0 0 0 0 0 0 0 0 0 0 0 0 0 0 0 0 0 0 0 0 0 0 0 0 0 0 0 0 0 0 0 0 0 0 0 0 0 0 0 0 0 0 0 0 0 0 0 0 0 0 0 0 0 0 0 0 0 0 0 0 0 0 0 0 0 0 0 0 0 0 0 0 0 0 0 0 0 0 0 0 0 0 0 0 0 0 0 0 0 0 0 0 0 0 0 0 0 0 0 0 0 0 0 0 0 0 0 0 0 0 0 0 0 0 0 0 0 0 0 0 0 0 0 0 0 0 0 0 0 0 0 0 0 0 0 0 0 0 0 0 0 0 0 0 0 0 0 0 0 0 0 0 0 0 0 0 0 0 0 0 0 0 0 0 0 0 0 0 0 0 0 0 0 0 0 0 0 0 0 0 0 0 0 0 0 0 0 0 0 0 0 0 0 0 0 0 0 0 0 0 0 0 0 0 0 0 0 0 0 0 0 0 0 0 0 0 0 0 0 0 0 0 0 0 0 0 0 0 0 0 0 0 0 0 0 0 0 0 0 0 0 0 0 0 0 0 0 0 0 0 0 0 0 0 0 0 0 0 0 0 0 0 0 0 0 0 0 0 0 0 0 0 0 0 0 0 0 0 0 0 0 0 0 0 0 0 0 0 0 0 0 0 0 0 0 0 0 0 0 0 0 0 0 0 0 0 0 0 0 0 0 0 0 0 0 0 0 0 0 0 0 0 0 0 0 0 0 0 0 0 0 0 0 0 0 0 0 0 0 0 0 0 0 0 0 0 0 0 0 0 0 0 0 0 0 0 0 0 0 0 0 0 0 0 0 0 0 0 0 0 0 0 0 0 0 0 0 0 0 0 0 0 0 0 0 0 0 0 0 0 0 0 0 0 0 0 0 0 0 0 0 0 0 0 0 0 0 0 0 0 0 0 0 0 0 0 0 0 0 0 0 0 0 0 0 0 0 0 0 0 0 0 0 0 0 0 0 0 0 0 0 0 0 0 0 0 0 0 0 0 0 0 0 0 0 0 0 0 0 0 0 0 0 0 0 0 0 0 0 0 0 0 0 0 0 0 0 0 0 0 0 0 0 0 0 0 0 0 0 0 0 0 0 0 0 0 0 0 0 0 0 0 0 0 0 0 0 0 0 0 0 0 0 0 0 0 0 0 0 0 0 0 0 0 0 0 0 0 0 0 0 0 0 0 0 0 0 0 0 0 0 0 0 0 0 0 0 0 0 0 0 0 0 0 0 0 0 0 0 0 0 0 0 0 0 0 0 0 0 0 0 0 0 0 0 0 0 0 0 0 0 0 0 0 0 0 0 0 0 0 0 0 0 0 0 0 0 0 0 0 0 0
5
0 9907 9912 9812 9822
7
1866 1 668 1200 1867 9999 659
994
46 8496 851 9301 8435 6878 5059 3502 2636 1079 3377 1820 954 9404 7585 6028 5162 3605 5967 4410 3544 1987 168 8618 7752 6195 9415 7858 6992 5435 3616 2059 1193 9643 1998 441 9582 8025 6206 4649 3783 2226 4524 2967 2101 544 8732 7175 6309 4752 7114 5557 4691 3134 1315 9765 8899 7342 3460 1903 1037 9487 7668 6111 5245 3688 6050 4493 3627 2070 251 8701 7835 6278 8576 7019 6153 4596 2777 1220 354 8804 1159 9609 8743 7186 5367 3810 2944 1387 7251 5694 4828 3271 1452 9902 9036 7479 9841 8284 7418 5861 4042 2485 1619 62 2360 803 9944 8387 6568 5011 4145 2588 4950 3393 2527 970 9158 7601 6735 5178 1296 9746 8880 7323 5504 3947 3081 1524 3886 2329 1463 9913 8094 6537 5671 4114 6412 4855 3989 2432 613 9063 8197 6640 9002 7445 6579 5022 3203 1646 780 9230 1744 187 9328 7771 5952 4395 3529 1972 4334 2777 1911 354 8542 6985 6119 4562 6860 5303 4437 2880 1061 9511 8645 7088 9450 7893 7027 5470 3651 2094 1228 9678 5796 4239 3373 1816 10004 8447 7581 6024 8386 6829 5963 4406 2587 1030 164 8614 905 9355 8489 6932 5113 3556 2690 1133 3495 1938 1072 9522 7703 6146 5280 3723 9587 8030 7164 5607 3788 2231 1365 9815 2170 613 9754 8197 6378 4821 3955 2398 4696 3139 2273 716 8904 7347 6481 4924 7286 5729 4863 3306 1487 9937 9071 7514 3632 2075 1209 9659 7840 6283 5417 3860 6222 4665 3799 2242 423 8873 8007 6450 8748 7191 6325 4768 2949 1392 526 8976 1331 9781 8915 7358 5539 3982 3116 1559 4779 3222 2356 799 8987 7430 6564 5007 7369 5812 4946 3389 1570 13 9154 7597 9895 8338 7472 5915 4096 2539 1673 116 2478 921 55 8505 6686 5129 4263 2706 8831 7274 6408 4851 3032 1475 609 9059 1414 9864 8998 7441 5622 4065 3199 1642 3940 2383 1517 9967 8148 6591 5725 4168 6530 4973 4107 2550 731 9181 8315 6758 2615 1058 192 8642 6823 5266 4400 2843 5205 3648 2782 1225 9413 7856 6990 5433 7731 6174 5308 3751 1932 375 9516 7959 314 8764 7898 6341 4522 2965 2099 542 6667 5110 4244 2687 868 9318 8452 6895 9257 7700 6834 5277 3458 1901 1035 9485 1776 219 9360 7803 5984 4427 3561 2004 4366 2809 1943 386 8574 7017 6151 4594 6513 4956 4090 2533 714 9164 8298 6741 9103 7546 6680 5123 3304 1747 881 9331 1622 65 9206 7649 5830 4273 3407 1850 4212 2655 1789 232 8420 6863 5997 4440 558 9008 8142 6585 4766 3209 2343 786 3148 1591 725 9175 7356 5799 4933 3376 5674 4117 3251 1694 9882 8325 7459 5902 8264 6707 5841 4284 2465 908 42 8492 4349 2792 1926 369 8557 7000 6134 4577 6939 5382 4516 2959 1140 9590 8724 7167 9465 7908 7042 5485 3666 2109 1243 9693 2048 491 9632 8075 6256 4699 3833 2276 8401 6844 5978 4421 2602 1045 179 8629 984 9434 8568 7011 5192 3635 2769 1212 3510 1953 1087 9537 7718 6161 5295 3738 6100 4543 3677 2120 301 8751 7885 6328 9548 7991 7125 5568 3749 2192 1326 9776 2131 574 9715 8158 6339 4782 3916 2359 4657 3100 2234 677 8865 7308 6442 4885 7247 5690 4824 3267 1448 9898 9032 7475 3593 2036 1170 9620 7801 6244 5378 3821 6183 4626 3760 2203 384 8834 7968 6411 8709 7152 6286 4729 2910 1353 487 8937 1292 9742 8876 7319 5500 3943 3077 1520 7384 5827 4961 3404 1585 28 9169 7612 9974 8417 7551 5994 4175 2618 1752 195 2493 936 70 8520 6701 5144 4278 2721 5083 3526 2660 1103 9291 7734 6868 5311 1429 9879 9013 7456 5637 4080 3214 1657 4019 2462 1596 39 8227 6670 5804 4247 6545 4988 4122 2565 746 9196 8330 6773 9135 7578 6712 5155 3336 1779 913 9363 7581 6024 5158 3601 1782 225 9366 7809 164 8614 7748 6191 4372 2815 1949 392 2690 1133 267 8717 6898 5341 4475 2918 5280 3723 2857 1300 9488 7931 7065 5508 1626 69 9210 7653 5834 4277 3411 1854 4216 2659 1793 236 8424 6867 6001 4444 6742 5185 4319 2762 943 9393 8527 6970 9332 7775 6909 5352 3533 1976 1110 9560 5417 3860 2994 1437 9625 8068 7202 5645 8007 6450 5584 4027 2208 651 9792 8235 526 8976 8110 6553 4734 3177 2311 754 3116 1559 693 9143 7324 5767 4901 3344 9469 7912 7046 5489 3670 2113 1247 9697 2052 495 9636 8079 6260 4703 3837 2280 4578 3021 2155 598 8786 7229 6363 4806 7168 5611 4745 3188 1369 9819 8953 7396 609 9059 8193 6636 4817 3260 2394 837 3199 1642 776 9226 7407 5850 4984 3427 5725 4168 3302 1745 9933 8376 7510 5953 8315 6758 5892 4335 2516 959 93 8543 4661 3104 2238 681 8869 7312 6446 4889 7251 5694 4828 3271 1452 9902 9036 7479 9777 8220 7354 5797 3978 2421 1555 10005 2360 803 9944 8387 6568 5011 4145 2588 8452 6895 6029 4472 2653 1096 230 8680 1035 9485 8619 7062 5243 3686 2820 1263 3561 2004 1138 9588 7769 6212 5346 3789 6151 4594 3728 2171 352 8802 7936 6379 2497 940 74 8524 6705 5148 4282 2725 5087 3530 2664 1107 9295 7738 6872 5315 7613 6056 5190 3633 1814 257 9398 7841 196 8646 7780 6223 4404 2847 1981 424 2343 786 9927 8370 6551 4994 4128 2571 4933 3376 2510 953 9141 7584 6718 5161 7459 5902 5036 3479 1660 103 9244 7687 42 8492 7626 6069 4250 2693 1827 270 6395 4838 3972 2415 596 9046 8180 6623 8985 7428 6562 5005 3186 1629 763 9213 1504 9954 9088 7531 5712 4155 3289 1732 4094 2537 1671 114 8302 6745 5879 4322 179 8629 7763 6206 4387 2830 1964 407
963
207 4161 2813 5079 3731 7685 6337 3127 1779 5733 4385 562 9221 3168 1820 8617 7269 1216 9875 5219 3871 7825 6477 3267 1919 5873 4525 702 9361 3308 1960 8757 7409 1356 8 2325 977 4931 3583 373 9032 2979 1631 7815 6467 414 9073 5863 4515 8469 7121 2465 1117 5071 3723 513 9172 3119 1771 7955 6607 554 9213 6003 4655 8609 7261 9527 8179 2126 778 7575 6227 174 8833 5010 3662 7616 6268 3058 1710 5664 4316 9667 8319 2266 918 7715 6367 314 8973 5150 3802 7756 6408 3198 1850 5804 4456 6316 4968 8922 7574 4364 3016 6970 5622 1799 451 4405 3057 9854 8506 2453 1105 6456 5108 9062 7714 4504 3156 7110 5762 1939 591 4545 3197 9994 8646 2593 1245 3511 2163 6117 4769 1559 211 4165 2817 9001 7653 1600 252 7049 5701 9655 8307 3651 2303 6257 4909 1699 351 4305 2957 9141 7793 1740 392 7189 5841 9795 8447 572 9231 3178 1830 8627 7279 1226 9885 6062 4714 8668 7320 4110 2762 6716 5368 712 9371 3318 1970 8767 7419 1366 18 6202 4854 8808 7460 4250 2902 6856 5508 7774 6426 373 9032 5822 4474 8428 7080 3257 1909 5863 4515 1305 9964 3911 2563 7914 6566 513 9172 5962 4614 8568 7220 3397 2049 6003 4655 1445 97 4051 2703 4563 3215 7169 5821 2611 1263 5217 3869 46 8705 2652 1304 8101 6753 700 9359 4703 3355 7309 5961 2751 1403 5357 4009 186 8845 2792 1444 8241 6893 840 9499 1758 410 4364 3016 9813 8465 2412 1064 7248 5900 9854 8506 5296 3948 7902 6554 1898 550 4504 3156 9953 8605 2552 1204 7388 6040 9994 8646 5436 4088 8042 6694 4461 3113 7067 5719 2509 1161 5115 3767 9951 8603 2550 1202 7999 6651 598 9257 4601 3253 7207 5859 2649 1301 5255 3907 84 8743 2690 1342 8139 6791 738 9397 1656 308 4262 2914 9711 8363 2310 962 7146 5798 9752 8404 5194 3846 7800 6452 1796 448 4402 3054 9851 8503 2450 1102 7286 5938 9892 8544 5334 3986 7940 6592 8452 7104 1051 9710 6500 5152 9106 7758 3935 2587 6541 5193 1983 635 4589 3241 8592 7244 1191 9850 6640 5292 9246 7898 4075 2727 6681 5333 2123 775 4729 3381 5647 4299 8253 6905 3695 2347 6301 4953 1130 9789 3736 2388 9185 7837 1784 436 5787 4439 8393 7045 3835 2487 6441 5093 1270 9929 3876 2528 9325 7977 1924 576 2708 1360 5314 3966 756 9415 3362 2014 8198 6850 797 9456 6246 4898 8852 7504 2848 1500 5454 4106 896 9555 3502 2154 8338 6990 937 9596 6386 5038 8992 7644 9910 8562 2509 1161 7958 6610 557 9216 5393 4045 7999 6651 3441 2093 6047 4699 43 8702 2649 1301 8098 6750 697 9356 5533 4185 8139 6791 3581 2233 6187 4839 6699 5351 9305 7957 4747 3399 7353 6005 2182 834 4788 3440 230 8889 2836 1488 6839 5491 9445 8097 4887 3539 7493 6145 2322 974 4928 3580 370 9029 2976 1628 3894 2546 6500 5152 1942 594 4548 3200 9384 8036 1983 635 7432 6084 31 8690 4034 2686 6640 5292 2082 734 4688 3340 9524 8176 2123 775 7572 6224 171 8830 1140 9799 3746 2398 9195 7847 1794 446 6630 5282 9236 7888 4678 3330 7284 5936 1280 9939 3886 2538 9335 7987 1934 586 6770 5422 9376 8028 4818 3470 7424 6076 8342 6994 941 9600 6390 5042 8996 7648 3825 2477 6431 5083 1873 525 4479 3131 8482 7134 1081 9740 6530 5182 9136 7788 3965 2617 6571 5223 2013 665 4619 3271 5131 3783 7737 6389 3179 1831 5785 4437 614 9273 3220 1872 8669 7321 1268 9927 5271 3923 7877 6529 3319 1971 5925 4577 754 9413 3360 2012 8809 7461 1408 60 2326 978 4932 3584 374 9033 2980 1632 7816 6468 415 9074 5864 4516 8470 7122 2466 1118 5072 3724 514 9173 3120 1772 7956 6608 555 9214 6004 4656 8610 7262 9394 8046 1993 645 7442 6094 41 8700 4877 3529 7483 6135 2925 1577 5531 4183 9534 8186 2133 785 7582 6234 181 8840 5017 3669 7623 6275 3065 1717 5671 4323 6589 5241 9195 7847 4637 3289 7243 5895 2072 724 4678 3330 120 8779 2726 1378 6729 5381 9335 7987 4777 3429 7383 6035 2212 864 4818 3470 260 8919 2866 1518 3378 2030 5984 4636 1426 78 4032 2684 8868 7520 1467 119 6916 5568 9522 8174 3518 2170 6124 4776 1566 218 4172 2824 9008 7660 1607 259 7056 5708 9662 8314 573 9232 3179 1831 8628 7280 1227 9886 6063 4715 8669 7321 4111 2763 6717 5369 713 9372 3319 1971 8768 7420 1367 19 6203 4855 8809 7461 4251 2903 6857 5509 4472 3124 7078 5730 2520 1172 5126 3778 9962 8614 2561 1213 8010 6662 609 9268 4612 3264 7218 5870 2660 1312 5266 3918 95 8754 2701 1353 8150 6802 749 9408 1667 319 4273 2925 9722 8374 2321 973 7157 5809 9763 8415 5205 3857 7811 6463 1807 459 4413 3065 9862 8514 2461 1113 7297 5949 9903 8555 5345 3997 7951 6603 8463 7115 1062 9721 6511 5163 9117 7769 3946 2598 6552 5204 1994 646 4600 3252 8603 7255 1202 9861 6651 5303 9257 7909 4086 2738 6692 5344 2134 786 4740 3392 5658 4310 8264 6916 3706 2358 6312 4964 1141 9800 3747 2399 9196 7848 1795 447 5798 4450 8404 7056 3846 2498 6452 5104 1281 9940 3887 2539 9336 7988 1935 587 2719 1371 5325 3977 767 9426 3373 2025 8209 6861 808 9467 6257 4909 8863 7515 2859 1511 5465 4117 907 9566 3513 2165 8349 7001 948 9607 6397 5049 9003 7655
916
6852 6490 2881 2519 2486 2124 8522 8160 8366 8004 4395 4033 6939 6577 2968 2606 2812 2450 8848 8486 9827 9465 5856 5494 5700 5338 1729 1367 4273 3911 302 9947 146 9791 6182 5820 5787 5425 1816 1454 1660 1298 7696 7334 233 9878 6269 5907 6113 5751 2142 1780 3671 3309 9707 9345 9551 9189 5580 5218 8124 7762 4153 3791 3997 3635 26 9671 9638 9276 5667 5305 5511 5149 1540 1178 4084 3722 113 9758 9964 9602 5993 5631 5580 5218 1609 1247 1453 1091 7489 7127 26 9671 6062 5700 5906 5544 1935 1573 1540 1178 7576 7214 7420 7058 3449 3087 5993 5631 2022 1660 1866 1504 7902 7540 9431 9069 5460 5098 5304 4942 1333 971 3877 3515 9913 9551 9757 9395 5786 5424 5391 5029 1420 1058 1264 902 7300 6938 9844 9482 5873 5511 5717 5355 1746 1384 2378 2016 8414 8052 8258 7896 4287 3925 6831 6469 2860 2498 2704 2342 8740 8378 8345 7983 4374 4012 4218 3856 247 9892 2791 2429 8827 8465 8671 8309 4700 4338 6229 5867 2258 1896 2102 1740 8138 7776 675 313 6711 6349 6555 6193 2584 2222 2189 1827 8225 7863 8069 7707 4098 3736 6642 6280 2671 2309 2515 2153 8551 8189 8138 7776 4167 3805 4011 3649 40 9685 2584 2222 8620 8258 8464 8102 4493 4131 4098 3736 127 9772 9978 9616 6007 5645 8551 8189 4580 4218 4424 4062 453 91 1982 1620 8018 7656 7862 7500 3891 3529 6435 6073 2464 2102 2308 1946 8344 7982 7949 7587 3978 3616 3822 3460 9858 9496 2395 2033 8431 8069 8275 7913 4304 3942 5283 4921 1312 950 1156 794 7192 6830 9736 9374 5765 5403 5609 5247 1638 1276 1243 881 7279 6917 7123 6761 3152 2790 5696 5334 1725 1363 1569 1207 7605 7243 9134 8772 5163 4801 5007 4645 1036 674 3580 3218 9616 9254 9460 9098 5489 5127 5094 4732 1123 761 967 605 7003 6641 9547 9185 5576 5214 5420 5058 1449 1087 1036 674 7072 6710 6916 6554 2945 2583 5489 5127 1518 1156 1362 1000 7398 7036 7003 6641 3032 2670 2876 2514 8912 8550 1449 1087 7485 7123 7329 6967 3358 2996 4887 4525 916 554 760 398 6796 6434 9340 8978 5369 5007 5213 4851 1242 880 847 485 6883 6521 6727 6365 2756 2394 5300 4938 1329 967 1173 811 7209 6847 4273 3911 302 9947 146 9791 6182 5820 8726 8364 4755 4393 4599 4237 628 266 233 9878 6269 5907 6113 5751 2142 1780 4686 4324 715 353 559 197 6595 6233 8124 7762 4153 3791 3997 3635 26 9671 2570 2208 8606 8244 8450 8088 4479 4117 4084 3722 113 9758 9964 9602 5993 5631 8537 8175 4566 4204 4410 4048 439 77 26 9671 6062 5700 5906 5544 1935 1573 4479 4117 508 146 352 9997 6388 6026 5993 5631 2022 1660 1866 1504 7902 7540 439 77 6475 6113 6319 5957 2348 1986 3877 3515 9913 9551 9757 9395 5786 5424 8330 7968 4359 3997 4203 3841 232 9877 9844 9482 5873 5511 5717 5355 1746 1384 4290 3928 319 9964 163 9808 6199 5837 7178 6816 3207 2845 3051 2689 9087 8725 1624 1262 7660 7298 7504 7142 3533 3171 3138 2776 9174 8812 9018 8656 5047 4685 7591 7229 3620 3258 3464 3102 9500 9138 1022 660 7058 6696 6902 6540 2931 2569 5475 5113 1504 1142 1348 986 7384 7022 6989 6627 3018 2656 2862 2500 8898 8536 1435 1073 7471 7109 7315 6953 3344 2982 2931 2569 8967 8605 8811 8449 4840 4478 7384 7022 3413 3051 3257 2895 9293 8931 8898 8536 4927 4565 4771 4409 800 438 3344 2982 9380 9018 9224 8862 5253 4891 6782 6420 2811 2449 2655 2293 8691 8329 1228 866 7264 6902 7108 6746 3137 2775 2742 2380 8778 8416 8622 8260 4651 4289 7195 6833 3224 2862 3068 2706 9104 8742 4246 3884 275 9920 119 9764 6155 5793 8699 8337 4728 4366 4572 4210 601 239 206 9851 6242 5880 6086 5724 2115 1753 4659 4297 688 326 532 170 6568 6206 8097 7735 4126 3764 3970 3608 10006 9644 2543 2181 8579 8217 8423 8061 4452 4090 4057 3695 86 9731 9937 9575 5966 5604 8510 8148 4539 4177 4383 4021 412 50 10006 9644 6035 5673 5879 5517 1908 1546 4452 4090 481 119 325 9970 6361 5999 5966 5604 1995 1633 1839 1477 7875 7513 412 50 6448 6086 6292 5930 2321 1959 3850 3488 9886 9524 9730 9368 5759 5397 8303 7941 4332 3970 4176 3814 205 9850 9817 9455 5846 5484 5690 5328 1719 1357 4263 3901 292 9937 136 9781 6172 5810 7151 6789 3180 2818 3024 2662 9060 8698 1597 1235 7633 7271 7477 7115 3506 3144 3111 2749 9147 8785 8991 8629 5020 4658 7564 7202 3593 3231 3437 3075 9473 9111 995 633 7031 6669 6875 6513 2904 2542 5448 5086 1477 1115 1321 959 7357 6995 6962 6600 2991 2629 2835 2473 8871 8509 1408 1046 7444 7082 7288 6926 3317 2955 2904 2542 8940 8578 8784 8422 4813 4451 7357 6995 3386 3024 3230 2868 9266 8904 8871 8509 4900 4538 4744 4382 773 411 3317 2955 9353 8991 9197 8835 5226 4864 6755 6393 2784 2422 2628 2266 8664 8302 1201 839 7237 6875 7081 6719 3110 2748 2715 2353 8751 8389 8595 8233 4624 4262 7168 6806 3197 2835 3041 2679 9077 8715
874
198 6805 9006 5606 8968 5568 8174 4774 8136 4736 6376 2976 6338 2938 5544 2144 5506 2106 4307 907 4269 869 3475 75 3437 37 7200 3800 7162 3762 6368 2968 6330 2930 5131 1731 5093 1693 4299 899 4261 861 5111 1711 5073 1673 4279 879 4241 841 3042 9649 3004 9611 2210 8817 2172 8779 5935 2535 5897 2497 5103 1703 5065 1665 3866 466 3828 428 3034 9641 2996 9603 1236 7843 1198 7805 404 7011 366 6973 9174 5774 9136 5736 8342 4942 8304 4904 2060 8667 2022 8629 1228 7835 1190 7797 9998 6598 9960 6560 9166 5766 9128 5728 2395 9002 2357 8964 1563 8170 1525 8132 326 6933 288 6895 9501 6101 9463 6063 3219 9826 3181 9788 2387 8994 2349 8956 1150 7757 1112 7719 318 6925 280 6887 8527 5127 8489 5089 7695 4295 7657 4257 6458 3058 6420 3020 5626 2226 5588 2188 9351 5951 9313 5913 8519 5119 8481 5081 7282 3882 7244 3844 6450 3050 6412 3012 7262 3862 7224 3824 6430 3030 6392 2992 5193 1793 5155 1755 4361 961 4323 923 8086 4686 8048 4648 7254 3854 7216 3816 6017 2617 5979 2579 5185 1785 5147 1747 3387 9994 3349 9956 2555 9162 2517 9124 1318 7925 1280 7887 486 7093 448 7055 4211 811 4173 773 3379 9986 3341 9948 2142 8749 2104 8711 1310 7917 1272 7879 8700 5300 8662 5262 7868 4468 7830 4430 6631 3231 6593 3193 5799 2399 5761 2361 9524 6124 9486 6086 8692 5292 8654 5254 7455 4055 7417 4017 6623 3223 6585 3185 4825 1425 4787 1387 3993 593 3955 555 2756 9363 2718 9325 1924 8531 1886 8493 5649 2249 5611 2211 4817 1417 4779 1379 3580 180 3542 142 2748 9355 2710 9317 3560 160 3522 122 2728 9335 2690 9297 1491 8098 1453 8060 659 7266 621 7228 4384 984 4346 946 3552 152 3514 114 2315 8922 2277 8884 1483 8090 1445 8052 9692 6292 9654 6254 8860 5460 8822 5422 7623 4223 7585 4185 6791 3391 6753 3353 509 7116 471 7078 9684 6284 9646 6246 8447 5047 8409 5009 7615 4215 7577 4177 6378 2978 6340 2940 5546 2146 5508 2108 4309 909 4271 871 3477 77 3439 39 7202 3802 7164 3764 6370 2970 6332 2932 5133 1733 5095 1695 4301 901 4263 863 2503 9110 2465 9072 1671 8278 1633 8240 434 7041 396 7003 9609 6209 9571 6171 3327 9934 3289 9896 2495 9102 2457 9064 1258 7865 1220 7827 426 7033 388 6995 1238 7845 1200 7807 406 7013 368 6975 9176 5776 9138 5738 8344 4944 8306 4906 2062 8669 2024 8631 1230 7837 1192 7799 10000 6600 9962 6562 9168 5768 9130 5730 7370 3970 7332 3932 6538 3138 6500 3100 5301 1901 5263 1863 4469 1069 4431 1031 8194 4794 8156 4756 7362 3962 7324 3924 6125 2725 6087 2687 5293 1893 5255 1855 2676 9283 2638 9245 1844 8451 1806 8413 607 7214 569 7176 9782 6382 9744 6344 3500 100 3462 62 2668 9275 2630 9237 1431 8038 1393 8000 599 7206 561 7168 8808 5408 8770 5370 7976 4576 7938 4538 6739 3339 6701 3301 5907 2507 5869 2469 9632 6232 9594 6194 8800 5400 8762 5362 7563 4163 7525 4125 6731 3331 6693 3293 7543 4143 7505 4105 6711 3311 6673 3273 5474 2074 5436 2036 4642 1242 4604 1204 8367 4967 8329 4929 7535 4135 7497 4097 6298 2898 6260 2860 5466 2066 5428 2028 3668 268 3630 230 2836 9443 2798 9405 1599 8206 1561 8168 767 7374 729 7336 4492 1092 4454 1054 3660 260 3622 222 2423 9030 2385 8992 1591 8198 1553 8160 4827 1427 4789 1389 3995 595 3957 557 2758 9365 2720 9327 1926 8533 1888 8495 5651 2251 5613 2213 4819 1419 4781 1381 3582 182 3544 144 2750 9357 2712 9319 952 7559 914 7521 120 6727 82 6689 8890 5490 8852 5452 8058 4658 8020 4620 1776 8383 1738 8345 944 7551 906 7513 9714 6314 9676 6276 8882 5482 8844 5444 9694 6294 9656 6256 8862 5462 8824 5424 7625 4225 7587 4187 6793 3393 6755 3355 511 7118 473 7080 9686 6286 9648 6248 8449 5049 8411 5011 7617 4217 7579 4179 5819 2419 5781 2381 4987 1587 4949 1549 3750 350 3712 312 2918 9525 2880 9487 6643 3243 6605 3205 5811 2411 5773 2373 4574 1174 4536 1136 3742 342 3704 304 1125 7732 1087 7694 293 6900 255 6862 9063 5663 9025 5625 8231 4831 8193 4793 1949 8556 1911 8518 1117 7724 1079 7686 9887 6487 9849 6449 9055 5655 9017 5617 7257 3857 7219 3819 6425 3025 6387 2987 5188 1788 5150 1750 4356 956 4318 918 8081 4681 8043 4643 7249 3849 7211 3811 6012 2612 5974 2574 5180 1780 5142 1742 5992 2592 5954 2554 5160 1760 5122 1722 3923 523 3885 485 3091 9698 3053 9660 6816 3416 6778 3378 5984 2584 5946 2546 4747 1347 4709 1309 3915 515 3877 477 2117 8724 2079 8686 1285 7892 1247 7854 48 6655 10 6617 9223 5823 9185 5785 2941 9548 2903 9510 2109 8716 2071 8678 872 7479 834 7441 40 6647 2 6609
935
7172 7024 7388 6418 6782 6634 6998 5825 6189 6041 6405 5435 5799 5651 6015 7676 8040 7892 8256 7286 7650 7502 7866 7064 7428 7280 7644 6674 7038 6890 7254 8915 9279 9131 9495 8525 8889 8741 9105 5081 5445 5297 5661 4691 5055 4907 5271 6932 7296 7148 7512 6542 6906 6758 7122 6320 6684 6536 6900 5930 6294 6146 6510 8171 8535 8387 8751 7781 8145 7997 8361 7188 7552 7404 7768 6798 7162 7014 7378 9039 9403 9255 9619 8649 9013 8865 9229 8427 8791 8643 9007 8037 8401 8253 8617 271 635 487 851 9888 245 97 461 3087 3451 3303 3667 2697 3061 2913 3277 4938 5302 5154 5518 4548 4912 4764 5128 4326 4690 4542 4906 3936 4300 4152 4516 6177 6541 6393 6757 5787 6151 6003 6367 5194 5558 5410 5774 4804 5168 5020 5384 7045 7409 7261 7625 6655 7019 6871 7235 6433 6797 6649 7013 6043 6407 6259 6623 8284 8648 8500 8864 7894 8258 8110 8474 5939 6303 6155 6519 5549 5913 5765 6129 7790 8154 8006 8370 7400 7764 7616 7980 7178 7542 7394 7758 6788 7152 7004 7368 9029 9393 9245 9609 8639 9003 8855 9219 8046 8410 8262 8626 7656 8020 7872 8236 9897 254 106 470 9507 9871 9723 80 9285 9649 9501 9865 8895 9259 9111 9475 1129 1493 1345 1709 739 1103 955 1319 3945 4309 4161 4525 3555 3919 3771 4135 5796 6160 6012 6376 5406 5770 5622 5986 5184 5548 5400 5764 4794 5158 5010 5374 7035 7399 7251 7615 6645 7009 6861 7225 6052 6416 6268 6632 5662 6026 5878 6242 7903 8267 8119 8483 7513 7877 7729 8093 7291 7655 7507 7871 6901 7265 7117 7481 9142 9506 9358 9722 8752 9116 8968 9332 5308 5672 5524 5888 4918 5282 5134 5498 7159 7523 7375 7739 6769 7133 6985 7349 6547 6911 6763 7127 6157 6521 6373 6737 8398 8762 8614 8978 8008 8372 8224 8588 7415 7779 7631 7995 7025 7389 7241 7605 9266 9630 9482 9846 8876 9240 9092 9456 8654 9018 8870 9234 8264 8628 8480 8844 498 862 714 1078 108 472 324 688 3314 3678 3530 3894 2924 3288 3140 3504 5165 5529 5381 5745 4775 5139 4991 5355 4553 4917 4769 5133 4163 4527 4379 4743 6404 6768 6620 6984 6014 6378 6230 6594 5421 5785 5637 6001 5031 5395 5247 5611 7272 7636 7488 7852 6882 7246 7098 7462 6660 7024 6876 7240 6270 6634 6486 6850 8511 8875 8727 9091 8121 8485 8337 8701 9971 328 180 544 9581 9945 9797 154 1815 2179 2031 2395 1425 1789 1641 2005 1203 1567 1419 1783 813 1177 1029 1393 3054 3418 3270 3634 2664 3028 2880 3244 2071 2435 2287 2651 1681 2045 1897 2261 3922 4286 4138 4502 3532 3896 3748 4112 3310 3674 3526 3890 2920 3284 3136 3500 5161 5525 5377 5741 4771 5135 4987 5351 7977 8341 8193 8557 7587 7951 7803 8167 9828 185 37 401 9438 9802 9654 11 9216 9580 9432 9796 8826 9190 9042 9406 1060 1424 1276 1640 670 1034 886 1250 77 441 293 657 9694 51 9910 267 1928 2292 2144 2508 1538 1902 1754 2118 1316 1680 1532 1896 926 1290 1142 1506 3167 3531 3383 3747 2777 3141 2993 3357 9340 9704 9556 9920 8950 9314 9166 9530 1184 1548 1400 1764 794 1158 1010 1374 572 936 788 1152 182 546 398 762 2423 2787 2639 3003 2033 2397 2249 2613 1440 1804 1656 2020 1050 1414 1266 1630 3291 3655 3507 3871 2901 3265 3117 3481 2679 3043 2895 3259 2289 2653 2505 2869 4530 4894 4746 5110 4140 4504 4356 4720 7346 7710 7562 7926 6956 7320 7172 7536 9197 9561 9413 9777 8807 9171 9023 9387 8585 8949 8801 9165 8195 8559 8411 8775 429 793 645 1009 39 403 255 619 9453 9817 9669 26 9063 9427 9279 9643 1297 1661 1513 1877 907 1271 1123 1487 685 1049 901 1265 295 659 511 875 2536 2900 2752 3116 2146 2510 2362 2726 191 555 407 771 9808 165 17 381 2042 2406 2258 2622 1652 2016 1868 2232 1430 1794 1646 2010 1040 1404 1256 1620 3281 3645 3497 3861 2891 3255 3107 3471 2298 2662 2514 2878 1908 2272 2124 2488 4149 4513 4365 4729 3759 4123 3975 4339 3537 3901 3753 4117 3147 3511 3363 3727 5388 5752 5604 5968 4998 5362 5214 5578 8204 8568 8420 8784 7814 8178 8030 8394 48 412 264 628 9665 22 9881 238 9443 9807 9659 16 9053 9417 9269 9633 1287 1651 1503 1867 897 1261 1113 1477 304 668 520 884 9921 278 130 494 2155 2519 2371 2735 1765 2129 1981 2345 1543 1907 1759 2123 1153 1517 1369 1733 3394 3758 3610 3974 3004 3368 3220 3584 9567 9931 9783 140 9177 9541 9393 9757 1411 1775 1627 1991 1021 1385 1237 1601 799 1163 1015 1379 409 773 625 989 2650 3014 2866 3230 2260 2624 2476 2840 1667 2031 1883 2247 1277 1641 1493 1857 3518 3882 3734 4098 3128 3492 3344 3708 2906 3270 3122 3486 2516 2880 2732 3096 4757 5121 4973 5337 4367 4731 4583 4947 7573 7937 7789 8153 7183 7547 7399 7763 9424 9788 9640 10004 9034 9398 9250 9614 8812 9176 9028 9392 8422 8786 8638 9002 656 1020 872 1236 266 630 482 846 9680 37 9896 253 9290 9654 9506 9870 1524 1888 1740 2104 1134 1498 1350 1714 912 1276 1128 1492 522 886 738 1102 2763 3127 2979 3343 2373 2737 2589 2953
1
2
883
2239 8892 2310 1393 4818 4857 8282 7365 783 3311 6736 5819 9244 9283 2701 1784 5209 634 4059 3142 6567 6606 24 9114 2532 5060 8485 7568 986 1025 4450 3533 6958 8274 1692 775 4200 4239 7664 6747 165 2693 6118 5201 8626 8665 2083 1166 4591 16 3441 2524 5949 5988 9413 8496 1914 4442 7867 6950 368 407 3832 2915 6340 2986 6411 5494 8919 8958 2376 1459 4884 7412 830 9920 3338 3377 6802 5885 9310 4735 8160 7243 661 700 4125 3208 6633 9161 2579 1662 5087 5126 8551 7634 1052 6512 9937 9020 2438 2477 5902 4985 8410 931 4356 3439 6864 6903 321 9411 2829 8261 1679 762 4187 4226 7651 6734 152 2680 6105 5188 8613 8652 2070 1153 4578 1224 4649 3732 7157 7196 614 9704 3122 5650 9075 8158 1576 1615 5040 4123 7548 2973 6398 5481 8906 8945 2363 1446 4871 7399 817 9907 3325 3364 6789 5872 9297 606 4031 3114 6539 6578 10003 9086 2504 5032 8457 7540 958 997 4422 3505 6930 2355 5780 4863 8288 8327 1745 828 4253 6781 199 9289 2707 2746 6171 5254 8679 5325 8750 7833 1251 1290 4715 3798 7223 9751 3169 2252 5677 5716 9141 8224 1642 7074 492 9582 3000 3039 6464 5547 8972 1493 4918 4001 7426 7465 883 9973 3391 2200 5625 4708 8133 8172 1590 673 4098 6626 44 9134 2552 2591 6016 5099 8524 3949 7374 6457 9882 9921 3339 2422 5847 8375 1793 876 4301 4340 7765 6848 266 6919 337 9427 2845 2884 6309 5392 8817 1338 4763 3846 7271 7310 728 9818 3236 8668 2086 1169 4594 4633 8058 7141 559 3087 6512 5595 9020 9059 2477 1560 4985 6301 9726 8809 2227 2266 5691 4774 8199 720 4145 3228 6653 6692 110 9200 2618 8050 1468 551 3976 4015 7440 6523 9948 2469 5894 4977 8402 8441 1859 942 4367 1013 4438 3521 6946 6985 403 9493 2911 5439 8864 7947 1365 1404 4829 3912 7337 2762 6187 5270 8695 8734 2152 1235 4660 7188 606 9696 3114 3153 6578 5661 9086 1594 5019 4102 7527 7566 984 67 3492 6020 9445 8528 1946 1985 5410 4493 7918 3343 6768 5851 9276 9315 2733 1816 5241 7769 1187 270 3695 3734 7159 6242 9667 6313 9738 8821 2239 2278 5703 4786 8211 732 4157 3240 6665 6704 122 9212 2630 8062 1480 563 3988 4027 7452 6535 9960 2481 5906 4989 8414 8453 1871 954 4379 5695 9120 8203 1621 1660 5085 4168 7593 114 3539 2622 6047 6086 9511 8594 2012 7444 862 9952 3370 3409 6834 5917 9342 1863 5288 4371 7796 7835 1253 336 3761 407 3832 2915 6340 6379 9804 8887 2305 4833 8258 7341 759 798 4223 3306 6731 2156 5581 4664 8089 8128 1546 629 4054 6582 0 9090 2508 2547 5972 5055 8480 7289 707 9797 3215 3254 6679 5762 9187 1708 5133 4216 7641 7680 1098 181 3606 9038 2456 1539 4964 5003 8428 7511 929 3457 6882 5965 9390 9429 2847 1930 5355 2001 5426 4509 7934 7973 1391 474 3899 6427 9852 8935 2353 2392 5817 4900 8325 3750 7175 6258 9683 9722 3140 2223 5648 8176 1594 677 4102 4141 7566 6649 67 1383 4808 3891 7316 7355 773 9863 3281 5809 9234 8317 1735 1774 5199 4282 7707 3132 6557 5640 9065 9104 2522 1605 5030 7558 976 59 3484 3523 6948 6031 9456 6102 9527 8610 2028 2067 5492 4575 8000 521 3946 3029 6454 6493 9918 9001 2419 7851 1269 352 3777 3816 7241 6324 9749 2270 5695 4778 8203 8242 1660 743 4168 6970 388 9478 2896 2935 6360 5443 8868 1389 4814 3897 7322 7361 779 9869 3287 8719 2137 1220 4645 4684 8109 7192 610 3138 6563 5646 9071 9110 2528 1611 5036 1682 5107 4190 7615 7654 1072 155 3580 6108 9533 8616 2034 2073 5498 4581 8006 3431 6856 5939 9364 9403 2821 1904 5329 7857 1275 358 3783 3822 7247 6330 9755 1064 4489 3572 6997 7036 454 9544 2962 5490 8915 7998 1416 1455 4880 3963 7388 2813 6238 5321 8746 8785 2203 1286 4711 7239 657 9747 3165 3204 6629 5712 9137 5783 9208 8291 1709 1748 5173 4256 7681 202 3627 2710 6135 6174 9599 8682 2100 7532 950 33 3458 3497 6922 6005 9430 1951 5376 4459 7884 7923 1341 424 3849 2658 6083 5166 8591 8630 2048 1131 4556 7084 502 9592 3010 3049 6474 5557 8982 4407 7832 6915 333 372 3797 2880 6305 8833 2251 1334 4759 4798 8223 7306 724 7377 795 9885 3303 3342 6767 5850 9275 1796 5221 4304 7729 7768 1186 269 3694 9126 2544 1627 5052 5091 8516 7599 1017 3545 6970 6053 9478 9517 2935 2018 5443 6759 177 9267 2685 2724 6149 5232 8657 1178 4603 3686 7111 7150 568 9658 3076 8508 1926 1009 4434 4473 7898 6981 399 2927 6352 5435 8860 8899 2317 1400 4825 1471 4896 3979 7404 7443 861 9951 3369 5897 9322 8405 1823 1862 5287 4370 7795 3220 6645 5728 9153 9192 2610 1693 5118 7646 1064 147 3572 3611 7036 6119 9544 2052 5477 4560 7985 8024 1442 525 3950 6478 9903 8986 2404 2443 5868 4951 8376 3801 7226
