50
1 1
2 2
1 2
2 2
2 2
3 2
3 2 4
2 3
1 2
5 2 3 4 5
2 2
5 2
5 2 3 4 5
7 2 4 5 6 7 8
1000 2
10 2 30 40 50 300 400 500 600 700
7 20 40 50 60 70 80
98 2
49 2 3 4 5 6 7 8 9 10 11 12 13 14 15 16 17 18 19 20 21 22 23 24 25 26 27 28 29 30 31 32 33 34 35 36 37 38 39 40 41 42 43 44 45 46 47 48 49
46 55 56 57 58 59 60 61 62 63 64 65 66 67 68 69 70 71 72 73 74 75 76 77 78 79 80 81 82 83 84 85 86 87 88 89 90 91 92 93 94 95 96 97 98 99
196 2
49 4 6 8 10 12 14 16 18 20 22 24 26 28 30 32 34 36 38 40 42 44 46 48 50 52 54 56 58 60 62 64 66 68 70 72 74 76 78 80 82 84 86 88 90 92 94 96 98
46 165 168 171 174 177 180 183 186 189 192 195 198 201 204 207 210 213 216 219 222 225 228 231 234 237 240 243 246 249 252 255 258 261 264 267 270 273 276 279 282 285 288 291 294 297
294 2
49 6 9 12 15 18 21 24 27 30 33 36 39 42 45 48 51 54 57 60 63 66 69 72 75 78 81 84 87 90 93 96 99 102 105 108 111 114 117 120 123 126 129 132 135 138 141 144 147
46 275 280 285 290 295 300 305 310 315 320 325 330 335 340 345 350 355 360 365 370 375 380 385 390 395 400 405 410 415 420 425 430 435 440 445 450 455 460 465 470 475 480 485 490 495
1000000000 2
50 2 3 4 5 6 7 8 9 10 11 12 13 14 15 16 17 18 19 20 21 22 23 24 25 26 27 28 29 30 31 32 33 34 35 36 37 38 39 40 41 42 43 44 45 46 47 48 49 50
50 2 3 4 5 6 7 8 9 10 11 12 13 14 15 16 17 18 19 20 21 22 23 24 25 26 27 28 29 30 31 32 33 34 35 36 37 38 39 40 41 42 43 44 45 46 47 48 49 50
999999999 2
50 2 5 8 11 14 17 20 23 26 29 32 35 38 41 44 47 50 53 56 59 62 65 68 71 74 77 80 83 86 89 92 95 98 101 104 107 110 113 116 119 122 125 128 131 134 137 140 143 146
50 2 5 8 11 14 17 20 23 26 29 32 35 38 41 44 47 50 53 56 59 62 65 68 71 74 77 80 83 86 89 92 95 98 101 104 107 110 113 116 119 122 125 128 131 134 137 140 143 146
999999998 2
50 2 7 12 17 22 27 32 37 42 47 52 57 62 67 72 77 82 87 92 97 102 107 112 117 122 127 132 137 142 147 152 157 162 167 172 177 182 187 192 197 202 207 212 217 222 227 232 237 242
50 2 7 12 17 22 27 32 37 42 47 52 57 62 67 72 77 82 87 92 97 102 107 112 117 122 127 132 137 142 147 152 157 162 167 172 177 182 187 192 197 202 207 212 217 222 227 232 237 242
1000000000 1
2 2
999990000 1
2 2
1000000000 2
2 2
2 2
999980001 2
2 2
2 2
903034301 2
50 9952 9953 9954 9955 9956 9957 9958 9959 9960 9961 9962 9963 9964 9965 9966 9967 9968 9969 9970 9971 9972 9973 9974 9975 9976 9977 9978 9979 9980 9981 9982 9983 9984 9985 9986 9987 9988 9989 9990 9991 9992 9993 9994 9995 9996 9997 9998 9999 10000
50 9903 9905 9907 9909 9911 9913 9915 9917 9919 9921 9923 9925 9927 9929 9931 9933 9935 9937 9939 9941 9943 9945 9947 9949 9951 9953 9955 9957 9959 9961 9963 9965 9967 9969 9971 9973 9975 9977 9979 9981 9983 9985 9987 9989 9991 9993 9995 9997 9999
903014302 2
50 9952 9953 9954 9955 9956 9957 9958 9959 9960 9961 9962 9963 9964 9965 9966 9967 9968 9969 9970 9971 9972 9973 9974 9975 9976 9977 9978 9979 9980 9981 9982 9983 9984 9985 9986 9987 9988 9989 9990 9991 9992 9993 9994 9995 9996 9997 9998 9999 10000
50 9903 9905 9907 9909 9911 9913 9915 9917 9919 9921 9923 9925 9927 9929 9931 9933 9935 9937 9939 9941 9943 9945 9947 9949 9951 9953 9955 9957 9959 9961 9963 9965 9967 9969 9971 9973 9975 9977 9979 9981 9983 9985 9987 9989 9991 9993 9995 9997 9999
1480 1
50 15 26 44 52 54 63 64 75 117 137 144 155 195 265 299 302 363 368 369 373 374 391 421 424 426 473 477 513 519 564 565 568 570 626 638 650 683 755 823 835 840 866 870 872 874 876 879 903 984
1239 1
40 30 41 49 92 123 140 166 216 241 300 318 325 342 347 351 361 405 426 434 457 517 535 556 578 624 648 702 746 750 761 767 785 804 819 912 932 941 952 988
597 1
30 37 54 119 135 145 213 220 231 239 272 305 319 348 350 362 386 390 446 563 680 797 846 879 916 924 928 933 975 996
268639 2
50 9019 9034 9124 9149 9193 9219 9228 9245 9270 9306 9340 9350 9353 9368 9379 9451 9481 9488 9491 9497 9500 9503 9528 9555 9567 9586 9618 9624 9675 9683 9708 9709 9715 9723 9732 9743 9764 9771 9796 9829 9841 9846 9856 9871 9914 9921 9927 9965 9987
50 9011 9029 9121 9128 9143 9183 9227 9228 9235 9237 9275 9324 9365 9369 9395 9404 9407 9428 9432 9437 9443 9470 9474 9490 9499 9505 9529 9538 9551 9590 9606 9613 9644 9688 9725 9743 9763 9772 9776 9793 9818 9840 9858 9859 9904 9917 9928 9936 9996
865319 2
50 9036 9062 9082 9197 9258 9282 9299 9305 9311 9320 9340 9343 9348 9355 9379 9416 9422 9444 9452 9464 9465 9468 9507 9522 9542 9550 9568 9600 9605 9611 9622 9624 9626 9637 9661 9669 9708 9730 9736 9746 9786 9801 9804 9810 9828 9878 9899 9924 9954
50 9009 9071 9084 9090 9095 9107 9131 9163 9172 9179 9190 9199 9206 9210 9255 9301 9321 9336 9340 9342 9348 9372 9376 9412 9418 9445 9466 9542 9587 9659 9660 9668 9684 9713 9756 9773 9813 9881 9887 9894 9899 9926 9930 9933 9936 9959 9973 9981 9996
12997 2
50 9004 9042 9081 9084 9127 9150 9155 9190 9209 9222 9224 9228 9269 9273 9292 9298 9299 9336 9379 9385 9396 9422 9524 9581 9590 9599 9625 9630 9640 9658 9667 9672 9705 9713 9721 9732 9769 9776 9811 9819 9850 9898 9904 9920 9939 9940 9972 9984 9994
50 9021 9033 9036 9046 9133 9142 9189 9202 9205 9248 9249 9255 9259 9303 9326 9333 9363 9368 9498 9500 9504 9506 9528 9529 9567 9579 9613 9621 9648 9746 9753 9754 9784 9788 9797 9808 9842 9850 9860 9868 9872 9884 9890 9908 9944 9958 9961 9990 9993
121 2
5 14 52 73 82
8 13 18 25 36 65 92 96
162 2
5 16 112 136 183
2 108
171 2
4 37 39 237
4 39 68 276
345 2
9 30 105 114 191 231 280 305 351
5 19 248 292 395
267 2
5 19 66 263 297
4 29 157 193
523 2
15 17 36 109 165 228 230 400 415 424 462 483 490 538 545
2 523
658 2
11 81 100 136 192 218 319 387 400 435 443
14 42 127 177 202 244 278 390 458 474 532 586 612 670
557 2
5 2 109 204 468
4 375 481 668
649 2
3 828 878
8 38 65 86 141 210 328 813
914 2
14 49 118 177 224 462 516 600 625 822 896 908 977 995
18 5 43 47 173 188 211 461 557 645 647 657 673 803 864 925 931 956
994673283 2
49 605 769 834 858 1014 1186 1353 1450 1646 2018 2173 2207 2462 2935 2951 3329 3893 4543 4605 4695 5238 5531 5973 6068 6305 6399 6473 6545 6914 7192 7233 7327 7446 7669 7862 7913 7999 8434 8497 8607 8661 8952 9210 9249 9255 9696 9894 9950
48 246 352 402 624 635 651 1025 1036 1639 1704 1749 2020 2039 2209 2396 2439 2473 2651 2904 3418 3518 4408 4462 4543 5235 5621 5667 5716 6261 6304 6505 6651 6669 6844 6906 6940 7618 7719 7757 8198 8279 8437 8653 8965 9068 9210 9558
994170796 2
50 37 778 889 892 993 1268 1478 2104 2237 2441 2591 2728 2787 2971 3063 3193 3255 3475 3796 4005 4278 4510 4720 4721 4757 4918 5251 5463 5512 5649 6265 6443 6450 6482 7226 7353 7541 7585 7986 8218 8273 8415 8476 8492 8713 8717 8962 9133 9969
50 20 464 520 612 630 962 1017 1142 1478 1690 1743 1752 1779 2296 2770 2895 3045 3232 3245 3401 3821 3841 4271 4692 4698 5043 5218 5268 5529 5872 6033 6082 6091 6186 6240 6264 6288 6688 6877 7257 7494 7633 7636 7815 8077 8291 8534 8919 9663
999902513 2
46 246 267 728 864 931 1043 1217 1264 1431 1790 1955 2683 2840 3023 3049 3237 3266 3577 3619 3913 4646 4717 5046 5080 5555 5578 5630 5755 6121 6220 6757 7144 7217 7480 7627 7686 7898 8044 8068 8290 8558 9416 9603 9825 9848
41 407 672 933 1274 1313 1534 1604 2028 2561 2765 3218 3650 3674 3857 4145 4264 4411 4656 5127 5186 5450 6273 6357 6513 6684 7028 7245 7499 7550 7683 7747 8063 8205 8711 8759 9024 9202 9304 9381 9547
999245448 2
45 32 199 365 406 860 1525 1639 1676 1726 2372 2696 2819 2844 2906 4133 4330 4388 4855 4986 5116 5213 5337 5669 5902 6382 6422 6677 6823 7096 7205 7553 7623 7733 8032 8184 8366 8692 8736 8993 9063 9480 9617 9667 9738
42 629 1165 1220 1603 2155 2348 2463 2799 2947 3248 3334 3584 3612 4107 4249 4577 4811 4983 5135 5177 6194 6696 6726 6740 7102 7139 7258 7778 8017 8200 8302 8437 8708 8783 8999 9201 9218 9593 9598 9776 9928
992565846 2
49 300 409 491 671 887 983 1117 2132 2269 2355 2514 2539 2671 2789 3412 3528 3857 4102 4181 4426 4745 4972 5021 5249 5279 5447 5602 5687 5868 6309 6380 6683 6894 7482 7497 7532 7544 7584 7624 7800 8545 8666 9096 9119 9214 9342 9611 9691
44 163 692 906 919 1115 1234 2101 2764 2810 2926 2941 2986 3113 3127 3244 3374 3423 3825 3903 3913 4197 4725 5016 5019 5030 5034 5035 5332 5416 5935 5939 5985 6231 6912 7162 7235 8322 8510 8628 8700 8795 9202 9225
993994784 2
46 501 773 817 878 1137 1224 1443 1470 1948 1961 1994 2141 2185 2397 2460 3484 3723 3836 4112 4194 4642 4885 5694 5861 5879 6168 6190 6256 6571 6965 7049 7193 7355 7512 7796 8045 8123 8237 8238 8357 9096 9351 9369 9433 9973
47 143 215 395 714 832 1138 1274 1457 1634 2089 2170 2668 2927 2954 3152 3161 3205 3482 4290 4489 4805 5147 5174 5649 5720 5823 6309 6978 6983 7200 7339 7377 7382 7450 7593 7679 7728 8472 8610 8641 8754 9036 9118 9783 9797 9847
993660357 2
47 78 377 390 1069 1086 1460 1520 1827 2102 2188 2431 2528 2545 2687 2692 3228 3346 4150 4223 4673 4743 4815 5621 5732 5889 5914 6032 6070 6312 6339 6342 6447 6906 7001 7004 7007 7175 8050 8281 8523 8921 9063 9554 9656 9683 9857
47 67 156 541 563 678 799 941 1116 1533 1867 2436 2569 2593 3080 3223 4268 4346 4663 5148 5186 5413 5737 6293 6298 6362 6560 6925 7096 7263 7312 7499 7615 7644 7711 7753 7865 8009 8786 9053 9075 9114 9211 9359 9424 9441 9555
992287005 2
41 338 616 691 705 783 1293 1462 1573 1585 2266 2357 2477 2486 3414 3669 3719 4359 4422 4572 4845 5316 5368 5555 6033 6265 6318 6435 6814 7465 7497 7935 8210 8400 8697 9004 9199 9324 9875 9911 9940
45 239 327 421 836 1713 1801 2009 2367 2723 2748 3392 3476 3539 3776 3780 3814 4350 4353 4394 4651 4684 4970 5083 5171 5264 5546 5753 5953 6222 6415 7311 7358 7386 7548 7967 8174 8325 8804 8877 9129 9770 9807 9830 9999
995819430 2
48 303 545 651 897 1004 1231 1255 1640 1709 1798 1838 2767 2827 2886 3071 3204 3221 3372 3426 3596 3782 4248 4287 4290 4320 4505 4668 4837 5178 5213 5593 5777 5914 6255 6889 7214 8229 8366 8480 8523 8662 8769 8807 8966 8997 9001 9964
45 73 432 893 1096 1100 1153 1155 1339 1397 1700 2098 2368 2781 2894 3291 3306 3325 3384 3644 3955 4095 4422 4471 4499 5248 5424 5479 5664 5801 5886 6163 6247 6834 7122 7126 7250 7260 7278 7305 8077 8401 9112 9457 9638
990470846 2
44 448 462 569 643 1155 1327 1520 2308 2961 3413 3883 4201 4387 4710 4926 5019 5562 5663 6089 6359 6579 6609 6614 6715 7254 7265 7477 7667 7897 7994 8402 8462 8525 8711 8721 8796 8800 9089 9097 9179 9409 9678 9688
47 1550 2700 2704 2866 3000 3356 3537 3646 3661 3678 3768 3907 4670 4708 4793 4990 5050 5123 5153 5222 5239 5261 5479 5488 5920 6146 6350 6771 6837 6991 7058 7650 7708 7725 7821 7825 8275 8361 8433 8634 9120 9166 9312 9469 9514 9859
78480870 2
50 214 300 381 885 1218 1283 2017 2597 2752 2755 2806 3202 3285 3352 3404 3554 3608 3610 3657 3792 3883 3912 4320 4324 4367 4373 4600 5291 6243 6268 6506 6563 6618 6660 6722 6723 7147 7316 7573 7879 8159 8283 8359 8648 8869 9563 9740 9849 9887
29 145 196 999 1218 1228 1258 1478 2175 2317 2554 2716 2796 3144 3150 3526 3927 4884 5232 5569 5796 5940 6634 7568 8066 8565 8626 8661 9864
194064089 2
10 106 276 1759 1984 3480 4158 5043 5705 9743
7 526 3346 4957 6377 9419 9519
217852624 2
33 10 649 981 1008 1238 1583 1910 2503 2617 2692 2836 3157 3774 4504 4777 5225 5294 5420 5526 5842 5936 6071 6314 6460 6469 6896 7250 7733 8917 9174 9595 9738
23 171 576 1200 2593 3572 3701 3797 4141 4245 5281 6169 6603 6678 6855 8091 8115 8454 8572 8633 9280 9293 9833
523782141 2
32 155 266 612 1901 1992 2289 2744 3087 3248 3311 4105 5378 5471 5721 6130 6570 6620 6693 6785 6987 7332 7784 7983 8195 8452 8611 8901 9068 9505 9517 9631
3 275 2816
81458261 2
4 3049 5559 8961
4 5532 6695 8885
899542554 2
6 1511 2166 2751 6269 8936
24 569 577 826 851 2233 2364 2374 3874 4560 5612 5911 6107 6423 6949 7621 7982 8086 8211 8569 9073 9097 9280 9416
