1
1
1
1
1
1
1
1
1
1
1
1
1
1
1
1
1
1
1
1
1
1
2
3
4
5
6
7
8
9
10
11
12
13
14
15
16
17
18
19
20
21
1
3
6
10
15
21
28
36
45
55
66
78
91
105
120
136
153
171
190
210
231
1
4
10
20
35
56
84
120
165
220
286
364
455
560
680
816
969
1140
1330
1540
1771
1
5
15
35
70
126
210
330
495
715
1001
1365
1820
2380
3060
3876
4845
5985
7315
8855
10626
1
6
21
56
126
252
462
792
1287
2002
3003
4368
6188
8568
11628
15504
20349
26334
33649
42504
53130
1
7
28
84
210
462
924
1716
3003
5005
8008
12376
18564
27132
38760
54264
74613
100947
134596
177100
230230
1
8
36
120
330
792
1716
3432
6435
11440
19448
31824
50388
77520
116280
170544
245157
346104
480700
657800
888030
1
9
45
165
495
1287
3003
6435
12870
24310
43758
75582
125970
203490
319770
490314
735471
1081575
1562275
2220075
3108105
1
10
55
220
715
2002
5005
11440
24310
48620
92378
167960
293930
497420
817190
1307504
2042975
3124550
4686825
6906900
10015005