50
4289507805145280 63
55944 9352 44464 15568 51184 21784 22736 1456 22344 29288 39480 46536 13776 7280 54096 18704 1232 7168 25032 20328 11928 25984 21896 22232 6888 48944 10304 23912 32872 38472 31808 8456 8120 35448 17920 3584 3248 22176 17752 36624 20384 26320 24304 46984 52304 25536 26656 6328 42840 31584 28896 45248 30688 4368 39760 12432 36176 6832 32424 19936 19152 50792 45472
52055781703755 58
42888 24680 39183 35451 18131 53248 8581 29104 8209 7583 90353 92235 22491 59606 61689 58105 77687 5296 93601 66391 77916 1814 64970 58964 60943 35493 16193 77489 1973 18678 78970 6949 46094 50080 96984 84966 88097 40801 86134 913 88860 3112 1225 14940 39968 50507 2599 75371 16087 4379 27874 1540 64727 14083 77265 51147 55776 89979
92727896492586 47
29235 21819 2174 72395 27869 64256 5107 64536 33913 2018 15513 90586 94443 27944 54633 25872 79259 44946 73441 12404 57140 26953 34967 29999 54915 82750 91982 5110 42688 88174 90398 93628 41995 83188 22542 37477 37616 82519 57207 384 82084 1289 5873 74127 48272 79713 14275
51001150248095 56
29642 57499 6129 91748 13578 68678 59184 7656 11271 5136 59983 55431 55506 71642 56135 24477 97779 168 34182 53485 79808 89677 68474 24660 80740 1011 39193 83446 13332 97026 4314 11744 19578 15242 24784 12974 97975 31196 7194 67329 56007 46887 23481 23469 87570 58117 56833 63743 43926 90158 71832 14125 31472 56033 13806 22375
1000066159188 100
8383 7867 4101 17636 20709 20387 8981 30260 33652 35910 27954 4598 38840 32886 36821 10380 40187 15638 48847 36119 19149 26992 6895 30136 31240 11495 29438 48523 40835 1216 2597 28202 33065 26775 10014 32525 31214 9485 25431 7075 28375 37355 21801 19003 13724 35571 38613 31996 21987 29839 20181 47881 44035 49798 26640 19037 36853 17859 8088 22507 21 14683 18763 39110 31763 15138 25318 40185 18988 28846 27499 36818 100000 28003 30452 19398 17087 16361 9160 17558 30662 47999 28453 41167 17031 4663 29619 31906 13998 41282 11444 25944 37118 14489 276 25953 6777 33464 38025 22461
29929794319899 44
71549 45259 64151 68819 85529 86748 20678 19099 78324 646 90019 37476 12038 89412 5708 7254 72460 50797 31750 93441 581 900 40607 91680 86370 61872 98623 35569 8934 18640 6620 80155 67533 78394 46860 28837 15957 23135 94172 83576 73418 71044 74055 65510
639289283343487 89
20692 5096 26852 5012 24976 5712 19628 1848 17696 27160 13328 13776 5684 1932 8708 17136 7364 27524 19124 25536 19264 18788 25396 24332 21868 14392 8344 26460 20104 6356 9716 12152 3164 9576 19012 14784 2912 420 8960 9996 15652 14476 6412 9380 12432 25312 26152 26908 10556 19740 15568 21196 9100 21476 19096 2800 12264 2324 980 4508 10360 25004 5544 27720 18424 3444 18452 11984 364 9352 8792 16492 22316 1652 12684 504 15344 18816 2296 23688 25592 5880 8428 21364 19292 11368 5432 10976 2128
28680536323237 62
19632 47825 5549 53611 20662 57896 81103 2925 28061 23889 37533 38809 32317 1652 14072 91284 87782 47025 70582 84886 24985 43490 83673 52407 24194 80478 87055 36324 76301 7455 6524 72778 58120 66462 43230 71294 49607 84091 87737 69290 43354 32536 85069 41436 57025 245 67793 82698 64110 54172 69645 89476 5655 8874 81860 59605 76887 91935 53009 52963 10075 51223
1000069199760 100
42359 31194 37184 18270 11070 30927 42037 7760 33207 33741 25308 45483 7893 4320 14947 20442 22796 34693 24796 5412 45172 34584 45286 48168 28360 19796 41117 46956 23799 39600 37212 39950 10077 3198 33680 20310 49494 6192 22865 3196 7534 38462 32555 26111 25650 39679 2750 18837 30804 31553 34741 44784 38578 1767 46851 15135 681 4980 11300 29683 7222 16394 47537 38749 49590 10023 958 49357 11163 7770 22945 39249 10122 25268 12463 30042 45405 20883 28582 12693 28392 20969 44720 11632 10070 46653 100000 11387 12643 17073 13692 6414 11999 40344 22579 43616 5383 14218 22715 6438
723850590182840 70
13704 20112 11544 10752 3408 21744 20400 22680 18744 4128 1200 6816 3360 8184 21048 5184 18072 10536 16776 20592 840 4248 168 23568 19584 10944 13104 22176 22608 10296 18768 23064 4584 12432 10512 12384 22392 4896 22776 9336 20232 2040 21768 11568 21096 8136 7344 15840 20424 13416 12600 6144 23832 96 6624 20160 22368 22800 15384 18624 13224 17376 3504 19008 1872 4752 20856 15648 3552 4392
66819809652437 85
70710 34160 46917 98937 46550 99583 63537 64476 86633 36424 11026 46127 90137 48269 6271 8528 40934 89772 6300 36496 95941 72090 30883 70821 21185 96109 52227 68894 78847 19677 99246 67009 93726 38265 80105 8597 3379 68550 99765 18577 53321 79020 25989 56926 8203 3997 60161 18543 3937 61784 98550 63695 92268 55349 93819 13824 93304 14652 3157 60598 13901 2344 88847 39818 12894 38091 71777 61629 79523 73560 78991 48790 65745 27553 6387 88730 44498 99085 35820 92195 9694 26969 17245 3357 48741
104202255858 4
53790 27657 28106 45823
75941822026638 20
17725 23246 65832 76098 36816 74722 75759 41388 21447 43949 51944 92440 76327 79035 84834 49759 68709 69380 51346 16968
745168605476702 45
6370 8526 4788 98 12376 12544 2170 3038 10626 10682 378 12502 6608 6132 3556 560 406 7882 5012 7336 3080 12292 5432 4844 7854 2548 1204 9394 2730 12096 6804 11060 7700 11018 3318 13314 2814 9688 6622 1148 2408 5222 602 6734 168
299982837900003 5
5 100000 2 99999 1
51414297756951 25
95321 81924 78080 47895 65102 52474 15360 81682 99434 83420 99389 52319 53687 2659 63520 65325 83999 60786 96379 70491 88608 53169 74533 1546 45470
57694613950328 83
22316 73251 98105 41278 77055 36631 40098 64894 39433 50070 47963 19904 77377 80756 43935 4439 22987 81652 23646 64034 21391 59872 64292 14130 41837 38100 66916 51111 23765 34294 97238 12687 85720 16796 78017 43796 64009 77401 87352 91678 51170 81275 77708 59492 87175 37739 58837 67324 96857 83014 30625 27326 43501 4766 6387 19683 22510 59901 28116 26143 84671 53106 76406 71430 16959 14530 79784 5371 49014 33999 44645 35658 96803 96666 20978 14821 70692 61720 93503 48379 44052 96873 28428
72722378047612 29
67301 21295 41941 90921 26411 82326 82973 16029 53322 26593 74581 22482 6560 26967 67324 66642 1070 61739 6571 62026 850 39558 84462 99223 69974 96789 42402 75669 74748
6361576460859 73
11677 68326 77925 39965 37362 63965 22641 12854 58943 83951 17598 75837 87043 70595 31808 40367 38972 2572 86630 49951 22563 61746 27497 85225 72060 66127 50551 97874 31840 70710 21150 77036 55515 4600 42307 86227 58511 55421 31967 41786 67034 2623 37276 49446 53046 3300 93023 93104 34261 99419 77680 59384 3239 87122 92483 89972 95881 35241 93844 48899 50672 79127 33485 36492 27200 95709 70002 78444 36288 43607 57554 31820 65816
94107265869902 6
90930 53914 43055 404 52875 76437
1000039692098 100
1624 26620 33688 9521 31440 40008 13846 43678 22399 22569 8253 4296 35658 20513 22440 47391 39648 29001 48768 45734 10137 13302 40250 35403 41201 18049 15142 7302 41815 46522 38560 40344 17528 24083 2233 29861 3939 1393 11893 12877 26640 37108 9418 2490 45614 3845 39371 8657 6626 46061 100000 25491 7014 40613 28375 35421 24458 21009 9925 38736 10293 3906 36297 17370 10162 3070 14581 38589 9114 980 39770 716 27129 27375 48640 4986 20015 2306 28372 28346 48105 17379 6795 43029 28254 48938 24360 34418 6488 21707 12967 49658 41808 14558 18309 24169 27076 27602 19026 2809
1000000000000000000 1
1
1000078298500005 100
384 672 445 560 285 265 415 650 775 352 413 964 128 653 658 908 206 9 465 308 334 968 14 951 129 716 3 881 892 297 812 65 980 193 262 612 584 82 155 857 592 43 4 645 121 861 46 771 289 1 245 572 31 840 92 220 395 516 839 911 457 84 422 307 640 781 278 13 313 805 319 917 316 349 974 7 959 232 54 184 444 866 6 240 721 336 893 50 614 190 619 418 93 2 100000 871 185 657 99999 366
1000019504500008 100
15769 16669 8401 11938 27517 17644 1528 13141 19030 7348 2854 16258 28252 14722 25435 24973 26836 17188 24874 19084 29677 4930 18838 27145 26392 29941 10993 28420 11110 3817 8053 3676 2 11731 25708 29353 99997 6553 4102 9916 8176 11725 16309 23086 21142 22177 12364 2176 445 18586 29215 25816 18034 15301 3 23194 5410 1459 20047 16894 4540 17806 1 16837 8803 17578 12874 11299 7435 20878 2098 18229 28399 3646 14743 19828 27643 133 7372 20347 20887 100000 18871 7078 22573 12607 16096 20191 28990 21442 20287 7882 8005 709 4306 13570 682 12073 3781 24484
1000061350299460 100
99938 99875 150 99860 765 99887 99869 254 743 99851 801 99974 99995 99947 99911 256 99872 99923 902 132 99980 99932 623 99944 99884 99998 25 841 99959 621 302 231 99899 523 99953 99902 99962 199 47 49 405 278 792 618 325 431 80 99863 99983 99926 455 3 573 99956 99866 99905 99950 99881 756 224 235 99941 99977 643 99896 991 218 608 99878 596 99965 99968 921 62 99917 99935 707 99929 287 115 64 99908 99920 612 490 201 99854 624 332 99857 99893 99890 102 99989 99986 99992 99914 236 99971 439
39291664881134 14
38710 7911 26495 19193 66792 16817 40752 72137 40774 10378 27709 34793 64845 84574
12345680134200000 98
16006 26761 21436 98692 57230 67752 57973 32601 29562 88528 72807 81730 71161 85683 51383 87732 34238 40794 51524 77548 22804 74274 51941 50453 12221 7436 65309 89147 96572 53772 71253 71931 59513 36799 56337 48838 4203 67401 47381 67458 26674 74154 21651 87878 79925 18570 70698 71772 92310 62717 57681 20284 97555 77174 22094 42823 14625 32039 36764 52622 60866 43453 78489 72536 17470 39633 51066 13168 66976 28072 13019 76155 56140 60040 79121 24862 31732 100000 98306 42308 39268 74408 43997 60120 24601 58080 31516 9891 34562 99483 19579 83715 70829 36337 1533 82818 12376 30704
5677800030019200 2
56778 3180
404824676100015 63
16680 10560 4120 19000 19760 8000 15360 6060 11340 2920 8980 13680 8540 16220 10920 11960 3000 5240 7980 17860 14280 17020 5020 3360 12300 7620 14720 13500 3640 7580 8660 14640 780 9460 17840 12100 7560 11520 14540 13480 18620 7660 16020 15960 5340 2680 13380 8180 5940 4000 6340 5100 8220 10260 11080 14260 10800 16560 18380 16440 12280 17060 820
44102139112550 12
89721 3196 47192 26998 39117 66593 5199 1392 8378 99619 28015 45312
72336156316459 96
52505 14681 37118 16818 45158 62476 99881 25227 38629 51717 78903 46218 67063 37310 25180 22619 2550 20136 58003 29546 71047 23397 74683 4261 50157 45053 9303 86181 65694 27722 6193 99164 25479 57547 50344 33522 74569 90085 56388 85899 86720 47018 3557 10609 63553 64917 90906 737 16942 51134 55087 66617 31309 10061 9915 70705 25225 69213 81550 48028 68072 16171 23841 37541 50535 29674 59602 33174 69532 80210 18636 85296 12687 26350 69803 94668 31364 17228 6235 89651 14358 26661 52201 72073 30430 15887 89138 57174 48707 43563 31416 81938 12757 48849 68419 32499
355019296083856 2
6776 13762
91489083859520 65
27177 73493 66169 36741 88975 35823 74749 45737 81749 41923 57341 81933 94441 1652 68949 17386 96076 89590 9982 42708 52584 30306 6954 88801 2636 22799 99188 13260 99130 32057 24979 3406 56584 73404 80773 47979 22661 91574 3430 5491 94759 687 53013 64443 11188 87529 53007 12249 35171 19616 92062 92664 85385 43596 85338 47238 26621 44561 29752 2265 46266 56754 89712 16955 15310
33230833798788 98
62233 47808 49484 73884 20039 30260 36088 86669 61163 48974 12373 30764 43164 74186 19743 39651 45404 91263 99280 26553 209 86351 7695 1034 18113 35060 36889 86627 85318 1127 98633 42245 95346 64016 84265 27258 17779 46245 27203 43105 35899 71228 36973 90033 12815 28690 49621 73755 2181 10348 53191 54420 74006 18855 43549 21759 24781 91896 9187 595 92343 23007 37439 19106 22417 90880 32305 21015 71302 5397 6796 90503 34366 97565 68432 88646 26480 30744 97714 96137 84772 58956 26309 82025 81486 6165 23818 35759 64704 32888 36542 33036 45621 47793 4070 71438 74570 21269
6510640865928 84
12302 78432 48434 21873 75602 793 57311 46340 27256 93831 10726 64749 74471 33060 57909 75912 52268 3872 14065 18032 57425 64968 54821 67361 25997 73752 47185 26886 83699 17972 58861 9366 66171 33433 71605 3184 53868 9829 84669 51655 21988 28533 49152 94661 64327 29047 73117 81857 62493 10931 70961 28372 76943 38561 15005 47780 39311 81835 71083 73825 47643 41779 89005 72674 23634 87606 85907 52821 50053 48279 12833 96203 56015 88287 32870 38335 48971 12597 8188 42306 88445 60047 67424 76561
59140453129619 38
79512 11572 99197 533 30372 17788 38545 45109 97877 91202 99626 90590 70454 50416 66084 62743 78384 25555 12785 74428 52877 85181 90400 91602 91580 75698 79147 52759 85886 19280 30949 43262 11582 9108 11002 19591 65407 41037
1000061683947 100
1428 39072 3954 40128 33773 26203 3808 47957 42164 45570 26403 45958 1507 8609 12700 15179 26186 34614 21750 6999 45394 3947 12665 6624 23565 35551 14544 34792 46698 46367 45346 47178 41201 22880 29735 27589 27691 32508 32120 39593 30620 4693 28853 15202 24966 25075 48324 37059 27447 24986 102 413 39617 22738 22861 25535 32141 37790 41367 29756 36127 8622 37524 27463 23318 45623 23868 41779 10517 29743 40798 30685 2241 4522 14066 14588 31596 8200 48133 2762 32418 10874 19354 31431 37990 10092 18933 47928 20124 43964 11196 5635 100000 46771 27929 24937 22112 35419 49981 20795
74367455363203 16
7661 26469 53957 80750 23333 52657 7462 38703 42239 39695 63354 56629 21075 98675 51744 25175
1000040414019 100
46346 45925 24722 2466 37415 36121 33495 35690 22201 45972 26586 2497 100000 29832 23883 34192 21428 16215 7294 18039 28377 10357 45156 38354 40144 40134 49340 29372 8543 10080 29226 22946 12827 7066 42756 11859 45267 48775 36015 14581 28325 49538 45208 48398 14160 17348 25417 13768 27159 28786 23361 7834 29869 30936 49651 2890 48355 7726 29491 15064 31751 48266 3293 32786 44512 45598 13146 46697 34708 40146 33099 36831 6512 7936 3834 20177 18254 32521 35535 23574 10290 42744 15556 479 48695 34969 14577 38138 15506 5036 29166 6204 35331 23889 2328 9362 29306 10754 8181 20364
498543811563005 5
5140 4630 5470 7980 6240
4218281896353438 39
7920 1056 44016 34752 38352 13392 3504 5088 14208 27072 144 1584 28560 29856 40848 39120 32544 34464 21264 32736 46656 44688 7200 4704 4368 6240 6768 5040 39408 29520 1152 31824 42192 6384 37248 31056 28224 44352 12432
22551473047810 95
2758 33815 65440 1341 27031 3811 10531 92337 66612 43610 77117 28675 6017 42623 13148 70243 60903 19494 16940 4104 47395 28748 72284 99286 20410 19169 80046 8989 83447 34827 63195 17100 79642 74133 68609 1326 90701 1535 50844 95893 90159 72773 67251 97267 38269 59766 96066 82573 7502 57526 79506 18667 57537 1091 99910 67533 9904 22212 78283 87298 60724 5473 98306 83543 67737 95636 61870 45634 68038 78557 90758 5783 97849 25222 57094 39796 95007 61510 17704 22886 36124 58027 79572 5755 72582 85090 88499 77886 14078 59439 93368 31450 57475 12546 25383
25898618514778333 2
88926 88925
12345679225200000 98
49311 1830 64699 81439 66921 78551 25493 5930 88027 89293 79015 71398 70387 93270 59149 56932 16461 70340 52547 38133 11158 33875 60466 59761 92003 3402 25237 58832 12580 81775 41458 31369 46597 59999 4662 98996 25225 23339 60493 80501 85910 10374 83041 80667 44852 46673 85586 40421 5709 15951 77373 5898 36934 43045 71704 86052 63389 97689 56196 74965 74064 5508 34291 4142 56596 53283 77901 94737 34131 97616 36418 28196 32282 19612 75391 33323 52109 81333 90856 94154 55762 85911 52032 22266 11448 13254 30498 5542 100000 43747 56526 83944 11661 40002 64635 85845 20293 95109
1000065331910001 100
532 209 975 763 409 524 747 99996 529 431 40 305 630 99998 99997 840 745 782 262 816 493 235 55 214 653 155 353 390 324 330 259 591 845 618 885 416 104 398 405 605 995 318 99994 67 99992 437 535 689 206 27 695 319 329 99999 587 46 500 627 20 199 767 197 546 180 540 84 31 756 32 307 537 947 99993 191 66 5 872 391 448 334 252 651 595 342 249 661 366 221 888 625 99991 99995 100000 536 400 151 781 708 619 574
43733879191520 25
39456 51579 50392 75716 38459 34171 44883 74462 56628 15263 31704 64066 48481 48805 32677 49087 42039 35556 5739 6432 37269 27557 81572 29305 80509
11838477182641 18
90086 12518 25355 93640 92060 93183 21978 14042 78747 77546 54135 13975 58902 22332 91019 16938 86412 95990
1515355432418152 100
2160 1664 3072 432 4688 8880 1968 12672 12832 4928 12064 7424 3792 15840 9936 3840 9216 1552 4304 15744 10384 320 7664 7648 15536 14672 11264 4448 11408 704 14832 8304 2480 9184 6512 2960 592 15952 8592 14208 9488 1040 9728 14384 10768 13472 6352 12944 4608 880 13680 8112 8816 768 10288 14448 14544 7808 2400 496 4384 4656 3456 11680 96 11056 4784 12032 4560 2976 4144 14592 15488 6640 4080 4416 14192 13072 10144 992 6192 6784 2832 8688 1056 2256 14880 3168 7376 13504 1328 3952 10080 13280 7328 12960 1216 13872 272 10960
1026007084591 1
10257
55378798498354 47
25932 95580 71922 94563 97344 8674 40562 46634 89095 56177 74396 45623 33773 23775 67662 71923 87390 98387 55252 18268 60680 30478 48225 54589 26357 22590 60409 86973 5553 28685 86441 31041 70130 2535 6792 19218 62686 80137 90734 87651 96091 72494 48991 52049 23279 75911 83836
