50
54423047044737 27
95 10 24 65 39 27 34 76 52 4 69 2 68 83 8 9 99 23 18 42 46 98 71 66 51 37 74
58561893747222 99
70 51 15 100 18 92 49 45 52 24 90 2 48 26 20 77 59 66 95 42 68 85 55 88 87 14 29 10 9 47 65 63 97 19 75 11 54 80 78 57 34 58 6 38 44 84 99 64 7 4 17 93 98 8 53 1 36 16 35 28 62 86 56 5 69 12 71 96 32 30 41 37 50 27 79 40 81 21 89 60 61 73 76 74 67 43 82 31 13 33 91 94 25 23 3 72 83 39 46
247474747474747452 1
50
72408664479306 67
68 75 1 99 22 78 61 62 65 89 100 26 87 90 39 96 60 79 35 80 44 36 57 52 45 53 88 21 77 31 18 54 92 86 94 97 83 74 25 34 30 24 49 59 23 63 73 82 46 9 85 32 51 93 91 16 66 41 69 95 11 28 4 10 67 71 37
29576356070878 74
11 71 50 20 43 6 24 56 65 34 90 81 85 2 16 44 58 31 36 59 83 45 15 91 17 9 48 10 75 93 77 53 76 29 57 72 97 26 49 38 1 60 96 21 30 5 46 33 12 42 80 7 25 19 78 98 8 89 41 73 87 37 74 70 35 68 79 95 47 27 84 51 94 32
1375122984834 22
94 10 34 18 65 20 97 47 42 59 83 51 50 38 32 37 16 26 93 44 19 1
13167708228290 18
94 71 13 21 29 65 32 3 27 30 56 67 14 100 57 15 97 45
1927501396418 27
96 12 57 36 87 90 39 24 45 51 15 18 48 63 72 93 69 81 30 9 54 27 84 75 6 60 21
82657107910717 39
40 50 97 99 76 69 45 72 6 24 31 7 47 21 36 35 92 83 100 98 52 41 23 84 56 10 49 59 2 20 65 18 62 33 14 73 60 93 87
1000096898066 15
1 34 50 47 44 6 31 40 29 100 3 24 32 13 14
51770421529805 87
56 71 40 5 1 64 19 97 27 92 28 51 44 23 34 68 86 87 16 61 54 91 49 81 15 83 62 88 22 53 4 3 95 63 26 29 75 9 12 14 46 85 42 8 79 35 66 76 60 43 6 90 21 59 67 82 74 25 77 78 47 48 39 18 7 84 69 98 93 72 96 31 13 57 55 80 32 94 89 99 36 52 24 2 20 17 38
65676066551340 59
96 51 46 85 77 49 100 21 17 48 18 72 76 65 32 9 90 20 29 86 12 47 6 4 16 87 66 8 45 1 71 34 42 64 26 60 89 33 68 83 63 13 41 84 43 11 52 28 55 69 27 56 91 98 22 61 88 78 5
1000000150408 11
3 27 28 15 22 2 38 100 13 30 43
80877841053193 76
72 62 50 75 49 31 1 14 83 25 19 59 90 20 42 6 28 74 89 40 94 99 30 23 34 32 47 82 52 87 100 51 64 37 27 54 97 55 95 12 16 73 10 85 80 98 44 46 65 67 88 24 29 41 4 8 78 58 53 26 17 33 36 39 18 43 71 69 3 76 81 15 2 35 45 84
12345680134213 100
3 1 88 22 97 70 29 49 68 47 79 18 59 34 77 11 61 40 84 65 27 66 33 37 25 6 67 55 28 8 78 60 98 58 83 43 51 10 30 4 20 31 48 63 45 90 24 46 94 5 71 100 87 76 42 52 73 74 89 9 44 19 2 7 82 54 23 80 53 32 41 96 85 56 72 95 91 21 26 93 50 92 13 15 17 86 39 14 64 99 16 36 75 35 38 62 81 57 12 69
98798798799496301 100
14 89 86 81 42 84 85 28 45 78 48 46 37 35 62 95 51 54 55 4 8 53 88 64 66 99 65 5 100 10 58 94 21 26 96 91 11 41 82 47 7 98 27 6 76 19 61 17 18 83 68 44 3 60 38 87 97 9 79 31 39 57 93 34 13 70 15 22 1 16 72 56 52 30 50 12 29 73 69 25 67 59 36 75 33 43 92 74 40 20 63 77 23 80 49 24 32 71 2 90
78990789976153 25
90 41 20 17 97 87 44 53 39 46 18 78 12 60 66 35 79 70 92 36 33 55 4 3 50
1928732188503 5
99 100 2 1 5
12345679923200 98
16 9 73 53 26 19 89 36 63 74 21 35 80 98 71 27 46 96 6 58 1 17 23 28 40 32 57 13 34 84 44 68 76 56 48 50 33 75 67 24 38 8 64 15 4 11 18 59 99 7 70 10 14 3 49 97 95 52 69 61 54 94 25 100 91 88 2 65 82 78 41 85 62 45 51 55 79 20 93 12 87 39 86 42 72 31 47 66 30 81 92 60 83 43 100 37 22 90
98382943197628 20
15 88 53 95 39 48 74 36 77 62 37 2 40 69 12 89 96 52 45 66
4065715204122 61
38 35 96 75 32 28 36 40 86 44 6 90 67 30 33 54 66 79 42 60 59 43 94 58 23 76 37 97 10 47 62 41 39 5 49 7 56 78 8 61 88 24 3 29 31 55 34 85 46 4 80 1 57 93 26 82 64 100 68 51 14
3046008936701 45
88 62 2 68 96 16 52 58 40 12 6 84 82 98 18 36 20 46 42 90 70 34 54 28 100 22 38 32 10 56 24 4 30 74 8 80 60 86 94 14 48 66 76 72 26
4411883694829 12
51 45 24 33 39 12 42 3 6 48 18 27
10000000001 3
100 52 22
1000049836954 21
20 3 23 40 49 32 8 28 26 37 30 34 43 41 100 33 12 13 7 1 15
46203448686179 37
85 39 92 67 89 11 2 88 41 95 20 61 27 83 16 63 51 98 23 30 4 100 72 62 40 74 46 43 54 9 10 65 8 64 37 33 25
5298149681834 43
45 78 91 37 94 3 56 96 14 52 58 8 59 26 25 79 55 46 35 23 70 66 20 4 21 75 73 30 5 16 51 87 24 65 11 33 72 92 77 99 1 39 6
24463973673301 2
84 83
4748901939709 4
75 33 50 57
78167549125357 51
8 30 3 54 64 7 34 55 69 74 91 90 63 58 98 48 2 75 10 11 28 25 97 51 5 96 99 4 17 13 15 26 72 93 14 76 21 84 46 88 33 50 9 18 65 89 67 92 95 45 44
99168780871398 30
28 54 61 5 53 30 56 15 84 36 62 24 12 67 68 83 10 18 42 86 70 7 22 97 78 76 79 77 59 96
6892501607550 25
88 39 70 14 99 97 63 74 100 91 54 16 69 26 31 30 76 43 6 86 33 52 85 68 81
25847854093294 39
85 31 55 91 71 59 27 76 8 74 62 53 41 11 35 43 1 50 7 2 25 10 57 70 75 90 26 32 60 89 100 67 13 51 52 45 23 20 69
70888023187377 67
49 79 93 53 1 42 41 90 12 89 34 98 14 7 75 78 85 25 57 39 55 10 66 8 54 88 23 83 38 37 27 26 63 47 13 43 51 99 67 30 80 70 36 84 2 61 68 4 48 62 28 97 91 58 94 69 96 87 74 64 20 71 19 44 50 92 6
1000000000000000000 1
1
78553240362395 99
57 74 89 1 18 3 24 33 64 56 77 86 2 9 79 66 99 80 8 13 93 78 41 51 68 17 97 28 100 90 40 31 29 7 88 45 94 48 55 6 36 71 15 70 12 82 96 39 4 59 63 20 52 46 83 32 60 14 85 22 69 35 30 84 25 62 11 16 23 81 49 73 5 42 10 65 38 50 34 92 87 91 26 67 19 47 37 27 44 98 58 72 54 75 43 21 76 61 53
1000021302882 18
25 26 31 17 16 39 10 4 20 29 2 18 100 3 7 28 1 23
89621084027240 11
22 7 33 5 6 48 18 35 65 77 56
41331105027507 2
27 15
46161236465952 72
28 12 53 42 64 36 85 38 91 95 78 63 74 37 66 62 55 60 6 59 45 72 75 99 39 84 47 70 41 44 1 4 76 9 33 83 32 65 17 10 7 81 21 69 14 5 67 89 46 94 13 93 43 23 100 15 3 30 22 48 24 19 68 40 18 80 73 61 27 98 8 25
12345679697700 100
62 10 79 58 49 50 75 65 55 4 51 12 32 45 92 95 18 77 69 59 15 52 86 2 73 89 83 60 43 29 13 17 23 93 76 36 80 22 7 94 96 98 99 28 44 70 26 20 85 61 24 14 37 40 34 84 39 78 3 71 54 41 63 25 53 33 48 30 97 72 21 47 57 5 35 27 90 42 1 88 8 64 38 11 19 31 16 74 68 56 67 100 87 82 91 46 81 6 9 66
57443484765455 24
69 45 83 35 60 55 8 12 4 92 90 46 18 22 94 32 19 75 42 78 47 86 40 77
2451350112457 18
66 45 48 9 6 27 21 3 30 15 12 60 63 51 18 24 42 69
10000000001 3
51 100 23
1000095969511 18
23 30 39 19 9 16 14 100 38 8 49 31 15 1 45 46 50 43
714871645402 4
69 96 79 41
3900000000300 2
39 30
39517766425057 44
35 100 13 69 43 98 33 75 59 37 85 79 72 45 77 82 73 4 32 3 18 99 30 52 87 44 24 60 96 88 23 11 89 92 83 65 6 64 48 71 9 12 16 70
98798798799571999 100
33 79 81 95 4 41 89 94 74 19 87 28 47 52 15 35 93 68 31 36 64 75 85 34 18 39 10 1 73 46 8 25 88 3 43 61 54 55 38 58 71 77 7 70 26 91 90 80 24 29 30 72 63 50 97 59 9 16 2 48 69 40 96 67 42 21 23 6 49 53 57 27 32 14 84 62 65 76 99 12 66 5 11 92 51 22 17 98 45 44 56 60 100 82 83 78 86 37 20 13
12345679826600 98
11 98 91 9 93 20 41 54 86 97 25 18 72 61 94 3 49 85 35 57 83 78 79 66 23 70 76 42 30 73 46 29 27 92 4 67 96 88 100 53 34 43 12 59 44 50 87 64 71 8 31 63 16 21 40 19 47 74 37 15 52 24 38 36 68 6 81 48 5 26 90 58 62 80 55 82 100 75 65 84 45 39 51 33 7 69 13 10 89 1 60 32 17 28 56 95 99 2
