100
2 3
0 20
20 0
-20 10
40 20
0 19
2 2
5000 5000
-5000 -5000
0 1
9999 10000
2 8
-5163 -4693
-3366 -7082
-7816 -8099
7268 -9424
-9284 -3485
3198 6641
6022 -7765
3810 9763
7060 -7883
-4843 3499
2 4
5557 -2307
4057 -1888
9664 2593
-2751 -1312
2972 -3976
-1825 5211
2 2
3748 -2265
5509 4548
7234 -6324
-6161 -4573
2 9
-3457 -4859
-6868 4592
4998 2650
5172 -7632
5236 4867
4572 -8529
-7556 -9721
-4670 2871
-8370 6447
4437 7748
4620 8611
2 9
477 2363
-7493 596
6261 3747
-6175 7718
-8376 7411
-5184 -2172
-3945 -2483
8497 2200
2002 -7442
472 2778
-521 -3975
2 3
6108 1413
-4671 -898
-7985 529
-7130 2635
-9537 239
2 8
2369 5419
-4868 7102
2984 -948
-8779 -527
-352 -4803
-5054 -6712
875 -3065
9346 982
-2630 8866
9695 2204
2 3
-1998 5077
-2542 6349
1945 -7807
-5000 9228
-266 4938
2 3
4771 -6768
2524 -5768
-899 -3585
-9292 -2060
3860 -94
2 9
-2785 5302
-5630 6981
3116 -7092
2189 -7522
8220 7639
3982 7431
6239 242
1177 -6216
1680 6522
-8806 6496
-5651 -2750
2 6
6098 -743
6961 932
-2199 -5183
-307 5790
7154 -8758
-717 316
9310 -6052
6739 1746
2 7
2414 1020
-3750 -3131
-3213 3389
-9741 -9863
7525 514
8346 1139
7933 -8385
989 -7530
-9771 -2469
2 8
-2790 2629
4078 1286
-367 -5430
-2039 2359
1468 7155
-2011 -9186
659 -8342
-8090 -7638
6490 -9405
-6025 5474
2 2
3543 4850
1174 3946
2098 4155
9213 -5171
2 4
3874 7184
894 -1133
9134 -3963
-4592 6408
7687 -2772
6365 -1307
2 5
-3356 4824
3846 2130
7614 -1540
-2566 -4643
-8182 3689
-8746 7034
-4532 9340
2 5
-4333 1581
5493 -5720
-2382 10
-2690 -6304
8365 -9452
-6591 -4547
-1774 2434
2 4
4798 -5620
-7009 4426
1007 5456
2779 -6010
5147 6958
8978 3899
2 2
3922 -6579
-184 6524
-97 -6695
-2507 4262
2 2
7382 2991
5580 -1732
-8956 -8474
-7419 -4147
2 6
-1508 1302
1806 1660
4941 -8472
3927 -7441
1538 -5043
-24 3624
-4495 7106
9077 7452
2 3
-4785 -5338
1140 -319
-28 3787
-620 4972
6736 -7166
2 2
-1940 -1338
3725 3602
-4567 -2485
5557 -7390
2 7
-5657 6431
-2763 -5164
8034 6016
-9591 -5101
4503 -4159
-8792 -765
-370 -5865
-3466 8208
-106 -2582
2 5
-228 699
7431 -3533
-1846 -4421
-754 8468
4375 -6065
-9811 1896
-3119 -4360
2 4
2933 1067
188 3835
-3899 5381
5450 -4221
-1236 7228
6100 -2778
2 10
4901 1728
6950 3120
-7801 6031
-6378 1613
-8107 -5802
-7596 -6787
6790 -2870
7231 -5187
9577 8434
-2425 9042
-6862 8909
-5775 8710
2 2
928 7342
3999 4933
-4818 6315
3536 -2199
2 2
351 5444
-2092 4304
-7209 4620
-1925 6167
2 6
-6787 -4472
2752 -4397
-7333 5591
8640 7927
-5732 2337
1550 3494
-558 4347
945 -3577
2 7
-4695 -1990
-7414 -3403
-8179 2824
-4430 4219
-8505 -7961
-5379 7689
5955 3900
-8104 -5869
6359 -1587
2 2
-1687 4470
3597 5177
3731 4586
-3672 -4475
2 9
-4118 4822
5295 2428
-9935 1203
-9198 1867
9949 6731
8272 -2430
8504 -6692
8420 -9821
6872 -1522
4536 -8497
-8543 -5843
2 2
-2246 2412
-7158 5928
-4584 -850
-5790 -3889
2 2
1077 -3241
-25 155
9451 9659
50 -8218
2 2
1968 -347
4825 3940
-9361 6692
-8185 -1357
2 3
-513 2180
-6311 -5982
8649 8255
8963 9358
-85 2822
2 6
2446 -2450
-2498 -4305
-6124 9501
-5018 4870
9663 -4304
467 -1381
-64 -8987
-7564 5314
2 6
-198 -2397
5959 4878
-5706 4261
-541 -7692
-2202 -8480
-2926 -4717
321 9864
7624 2133
2 8
6774 6961
6095 32
427 -8649
1116 7846
2397 4453
-9547 -9404
-501 -2405
9456 -7518
6648 -9323
5676 -3705
2 8
5568 -4335
3247 7004
4678 1711
5549 -5788
9018 -6621
-6151 -6200
-1882 -7163
-3435 303
-5261 -2447
879 -824
2 2
-2644 -6416
-6635 5781
-5140 -2531
4213 -1516
2 2
5394 630
-3961 -6585
4010 -2774
-204 1625
2 2
6548 -3853
-2962 6508
-8646 -4430
-520 -6753
2 4
-1514 3820
3026 2897
-805 6732
-2255 3379
-3029 -1552
-720 9846
2 7
-3273 4702
-5370 -1192
-3484 9695
-9742 3590
-5022 4300
7175 -7399
-3568 6213
-8982 -2025
3927 -4791
2 9
4590 3189
6251 2347
-8684 850
-8324 -157
-3662 4356
-5368 2980
-4099 -5360
-8080 4605
5060 5604
-5535 3779
8063 3394
2 4
2372 1163
-4943 615
8519 7996
5424 3391
2402 2181
8954 1536
2 5
-5634 -1989
-4455 750
9914 5013
4440 -688
5311 1723
-2308 -3579
-6856 8874
2 7
-2493 148
-12 2512
-9116 -8658
-3764 3399
5344 -750
506 4870
-8475 -5843
-6314 -1980
-6975 4543
2 9
-940 5675
-2080 1428
2188 9492
-9464 528
8103 8881
8367 -1971
6680 -1313
4603 5157
-7876 1192
-6773 9904
-5195 5489
2 4
2456 517
-4517 2220
5032 9001
685 -5842
-3078 -8646
20 7679
2 2
4582 4271
-5985 1522
5759 -6707
7977 -752
2 5
-4619 -2958
-3796 -6981
-1019 -2909
-3302 2803
3249 -6809
2830 6633
5784 -6201
2 3
1171 2981
-2859 5666
-5018 -818
-9389 3240
3728 8063
2 8
5983 -3332
-3991 6630
-9893 6715
9520 -5008
-5167 -6350
-5838 -3937
7624 -7151
9364 -2743
-2581 -2675
-6664 -7393
2 2
4470 2975
-2651 5443
-3544 -2589
8812 -3968
2 2
724 3247
-3052 -2619
8098 6756
1677 2681
2 2
3779 -6797
-5253 -1021
-268 3955
8850 -3215
2 2
-6118 1043
-7005 4945
4972 -1780
-4938 -6594
2 3
-1150 -4958
987 2999
-4397 409
-3101 -65
-6352 -5653
2 8
-5301 -530
-2036 7277
-9980 1104
-1692 -8327
2719 -6983
-5857 6669
548 -4622
7823 6146
-4187 -6414
-5890 5917
2 6
-3994 -4410
1991 -2569
4955 -4225
-5721 4617
5192 4746
-3044 -4873
5759 -608
-9559 -1018
2 5
-1117 7197
-6675 1764
-4322 6578
7283 4659
-2610 -2299
1182 -5641
892 -2268
2 7
-7069 997
-6412 6015
2821 5044
7204 4347
-7078 -9110
-7634 -4053
5433 -4777
-4472 6786
-9463 -6439
2 8
-4146 4227
2827 6634
32 -6654
3572 -2909
-816 8729
-9410 8039
1750 4479
-8838 148
-90 -9568
8081 2648
2 9
3566 -4319
66 -7226
-9992 -4780
-5018 -3301
3684 -3860
8720 8739
-1071 907
8230 -535
-4845 -9948
-1655 -6479
-1919 -4976
2 10
1086 -6490
-2851 7075
-875 3642
6234 8604
-6613 3573
3648 -511
1061 -3236
2397 -3030
2963 616
-5392 -3056
-1954 -9153
7186 -7057
2 5
-2014 3754
3053 5259
-5977 -363
-7466 5898
5216 1780
4365 3312
9436 8275
2 2
1777 -5717
-6117 1677
-3708 919
6862 625
2 5
-4230 7155
4587 -5070
1408 -4996
-1744 -6271
-1133 1476
5005 -2015
6635 8084
2 6
-7218 7448
3286 3636
4762 133
8312 -4083
5490 -9871
9606 -9536
-9117 -1205
9805 4950
2 9
-6836 2816
-4380 -2734
-7299 -3052
-3855 -9237
-9659 8272
-9224 -3079
5554 -9159
8124 6356
6429 -8208
6808 4700
-637 5311
2 4
5065 4936
1917 -4128
4738 -1924
-5721 -2168
-3258 4420
9221 9658
2 2
-6686 6634
-3263 5324
2836 -1948
-5480 2225
2 3
7140 3036
7265 779
4822 1977
-873 -5799
669 -4138
2 7
-3436 -3839
6329 7127
4637 -3382
8847 -8932
-7169 -6415
2764 6758
2515 4002
-6987 7108
5806 -1445
2 2
-7407 3839
-2713 2059
-7440 5703
6338 8447
2 2
-5569 5136
1664 1579
6633 -8801
-1767 -6232
2 4
689 -3604
1952 -2164
-6780 1276
5398 -4842
9359 783
-5218 8390
2 6
4962 1336
-7172 2417
3430 3052
-9466 4304
8015 -183
-1659 -8956
7486 -1200
2790 -1380
2 3
6296 4917
-3039 -3637
8292 7962
8840 -6276
-4524 8117
2 7
-7038 4520
-6719 6310
856 1116
2836 -3189
-1263 4732
942 -4905
-3135 8488
-4568 2589
4733 -9932
2 5
4687 4576
4804 7466
-3407 -1204
969 8001
3801 9225
-8270 -3612
4422 -9545
2 2
-1281 7208
1224 5982
8308 -1115
6327 7602
2 7
123 -6199
-6466 -6075
-7957 -2036
103 7476
6909 5631
7982 7446
-7087 4503
8393 8815
-4473 -1100
2 8
-899 -3714
-5290 -611
-1512 -3266
-7768 6948
4287 6832
-3877 2075
-5371 5660
-395 8382
-7274 -6824
-4527 1910
2 4
4001 7307
-7130 4251
5311 -1971
2038 -8285
7173 -1559
-3013 -3006
2 7
-1345 3177
3715 878
-5809 -4179
-1391 9384
-5713 9286
-5490 -6234
-1323 -5049
2748 403
6194 195
2 5
6605 6181
7331 -7021
6079 -1645
-482 5992
-6633 -2322
-975 -7601
-6879 6717
2 2
-731 5584
-4734 2578
6417 2968
-1094 -6540
2 2
-349 163
-5656 -7235
-4230 -6355
-5221 3670
2 9
15 -7487
4871 -869
321 -3426
8477 -283
6590 -1929
7780 -107
-1460 2777
-3737 -2567
5145 -8502
-7701 3437
-3310 -5257
2 6
7058 -2629
1825 1142
7319 864
6836 6530
993 -9838
6994 1877
-1043 -9482
-3174 97
2 2
3934 4223
5925 546
9290 -7942
5107 -1145
2 2
6844 -5494
5374 -3492
-984 3019
5134 6913
2 8
4607 -417
-7379 136
-2017 4832
4965 -8387
5264 3046
4261 -7205
4975 4430
8446 -2817
-8837 -5602
-5870 9171
2 2
-7261 5484
2096 1781
-386 -7762
-3548 1733
