Case #1: 1264.98659106 1713.27412287 0.29394405
Case #2: 0.00006667 157048219.89452420
Case #3: 35870765.11535951 366681791.19950200 56659346.57182741 581317824.32744290 270055095.28717154 865754004.07458820 334200548.36382250 207474478.07940573
Case #4: 121288410.87763935 146613298.18740124 14263022.82248910 265248564.07660530
Case #5: 81200901.17063844 292601361.93592990
Case #6: 200335203.98860472 237955945.14900047 250528174.12485320 231795143.20082870 110373805.93081865 1138583.13906092 17785029.57586172 288986780.14652610 327622211.41117360
Case #7: 111118420.62453562 72264207.79505506 90565728.01345818 12126674.13048529 16158782.54073647 201860106.81802186 210022205.86161277 346000.21215183 56000142.96043623
Case #8: 39438115.46049174 46288761.69166870 77490909.24805069
Case #9: 104517082.51324837 186372440.03323546 252500207.56166600 411339015.87711674 169590925.05509767 213953248.91659594 4576632.39621964 200952594.34715688
Case #10: 570325664.08146760 44950051.01811250 8463493.33929456
Case #11: 51767360.29810850 481791522.97860104 91776009.15714966
Case #12: 587047489.05786400 587388413.46883860 390171638.01758670 152209084.29018167 336263877.53387540 458976737.67925570 64440496.50242790 31360358.94195148 199453215.10036750
Case #13: 276102663.31547280 217086313.85467940 203539437.33223343 137904070.43532383 115177021.28543337 2111625.62087648
Case #14: 37330874.65695518 254750550.54156380 79612659.62741303 108227075.14910808 265139328.35013056 70355802.14821270 110840245.96775015
Case #15: 101276155.70915866 1674.44218660 41735701.20398264 285373469.33285440 219720399.02493915 357965468.19847930 334794134.27811724 57212570.83767577
Case #16: 2715.63416887 378476622.84543200
Case #17: 160515973.26263624 98571784.18855166 90759732.08062229 40972147.11755216
Case #18: 86153624.35454261 137728333.57870570 75259432.23296250 106613327.04405949 61280583.64355692
Case #19: 309.34237448 29440272.63654142 69446700.66292286 58027034.78019237 4242073.69251985
Case #20: 35168235.64517300 1918489.65969262 129815326.19546504 155866935.19115815
Case #21: 19729638.62135837 8655774.35296164
Case #22: 788682799.47674760 517759133.51363575
Case #23: 313811212.40329707 235782911.28541195 102902292.85516101 6318612.24256587 119192961.95252064 268812584.55140024
Case #24: 47220041.99342360 80375572.35562861 169845334.02071154
Case #25: 25702002.74790740 184815704.49005643
Case #26: 330188252.30565804 67538066.01504860 115136445.44712271 21967026.00258028 16270753.71202940 19868792.83715225 10500827.66458048
Case #27: 45629597.95551340 171311246.29898070 17881499.86401284 291400165.95026153 68128236.51034287
Case #28: 59522574.13242937 107405062.48815455 42279122.37431649 77949518.68911228
Case #29: 551412559.42882940 396712889.22933850 709705993.51699910 718420143.10012230 65892100.34853180 150324677.65483463 109473770.66717394 306105536.55849516 571022265.14171470 485930050.48469305
Case #30: 101949799.40699280 150378305.38898690
Case #31: 81841540.86646152 3538456.19332432
Case #32: 227050649.19766444 522648591.75928580 81667700.43282013 115945189.62861330 133217359.68877907 256352.97781498
Case #33: 80033841.07722293 112447382.07319112 65607284.25473064 274827672.85962987 465315393.46091450 19383067.34530755 382874089.26539284
Case #34: 669893.64625345 231186430.27875334
Case #35: 138526371.79877716 102259483.96374466 111955362.28896200 96135002.87542310 266728619.30217847 450957078.44387910 50583161.89755707 293377019.70180327 322413864.93087100
Case #36: 31883498.03205472 124059128.43155992
Case #37: 535902690.65407730 80173314.99624419
Case #38: 461698715.98234934 312064683.78940190
Case #39: 377771704.85784924 442754818.29624000 1870331.30325341
Case #40: 507071466.52743350 207946176.07201427 171056599.22364596 2639806.01287038 54166457.22846633 307039048.32371750
Case #41: 134275651.74951893 85472250.40114080 127953000.56019422 40261830.12975130 117902771.36100972 11911153.56085711
Case #42: 334546172.79475844 70685466.96651183 22007238.28588987 1002602049.03690530 135095335.48620910 211771131.14678985 275804576.44822526 44424396.78334118
Case #43: 9116.68886260 6621363.48384494 50087569.23336194 293283210.36085546 143611258.33936800 88578050.11123917 177311599.82157528 13050301.60602454
Case #44: 357441.34528536 99997212.35522439
Case #45: 1735218.15255188 16736620.34458322
Case #46: 222991483.03933018 72160615.43050082
Case #47: 17090809.17296663 2182319.08438976 72562632.71965870 87090690.59018655
Case #48: 77943782.12832402 55262699.37858986 2199885.90100080 513223039.78047985 7260365.63839126 38024512.80847225 237147310.36506858
Case #49: 566959555.61488890 553870752.71121280 217909401.97327206 310462414.45963900 444782012.99727994 509989814.81905350 15810221.03915856 322428629.01308244 12536936.54713397
Case #50: 254869012.36024624 43818920.24114698 1937479.89303690 136539346.62179900
Case #51: 690145829.09262380 228341767.88493490 286262582.30379700 31141085.50222863 221465865.27799305
Case #52: 381334447.10499483 18100575.90924775 105812403.69301096 17852865.02854057 225177854.94246578 60003422.97224002 96713432.39929540
Case #53: 75935854.18254225 153688032.44992860 273115008.66843220 313817302.14388230 212078075.86240290 76623125.59288745 88817675.68050343 142975044.49196762 29094745.32215857
Case #54: 181838498.43986940 89489664.14292498 215983746.19596180 67906769.89189664
Case #55: 232259035.61633405 91055362.89346999
Case #56: 22840894.09963104 108987448.85839391 128457277.93068348 448398213.64039550 243745627.50505137
Case #57: 89024194.79316744 142200726.17792058 65583621.89260019
Case #58: 102528133.74467748 47811964.75704317 147669607.84811765 103680367.79380944 53800544.27185425 32182495.00901436 29784044.78942750 225357858.35302553
Case #59: 118151424.65345640 204279784.30034770
Case #60: 206116092.88607138 2146766.60893157
Case #61: 78122114.48991776 98279407.19521089
Case #62: 384518233.00662530 187599176.78772860
Case #63: 25126377.93361527 9190293.61411078 71020794.84880081
Case #64: 50228943.46680101 218896114.11192146 274814250.12603277 12046697.84029064 122372406.19450536 254446867.41158903 109990422.91704118 8726256.45463064
Case #65: 33786617.97581428 182743327.64666408 189226546.62643564 328118.62801824 56642183.98470876 125622892.95248379
Case #66: 2065324.02260647 215698585.33411820 66049786.75479460 260153209.81137612 123550773.02584620
Case #67: 210759902.13373990 487822462.71962190 320869453.09931636 81121284.75962746 535748399.86413740 11568407.61502993 191621736.71820912
Case #68: 312932141.88322630 171446767.80325680 10572677.25807348 120709549.87120375 2151354.80545185 120657247.80963472 515760673.19936570 123551812.27514216
Case #69: 320284521.79532385 105978357.29384996 674541.42096165 615156014.72570290 111868111.35014380 113322107.00178514 98984326.71791169 9163385.96185025 18277746.84602194
Case #70: 196527.60957826 149678125.81475060 23833129.61782473 13287166.47522615 185975.89215993 2900903.10216168 9787117.07635162 26323894.36389379 41099951.13548328 93199240.09192856
Case #71: 101191013.30758512 104788226.27958551 41155655.54589172 13128950.50254503 156523131.89359218
Case #72: 468691.20575195 124969607.92322473
Case #73: 5283178.50133976 41436403.53040513 95939.79060989 2981763.46130368 119719473.21203896
Case #74: 41736451.92460248 258565180.47362690 528311978.18312370 643408452.94198270 142459275.08074960 136011875.69461760
Case #75: 11068120.73478907 133207439.58485200 118552296.85815033 33588403.24436104 433720637.94337845 560689819.72108030 451099131.87019390 417416106.81721720 95177721.91199950
Case #76: 2235796.56303703 136545683.10892028 95598136.07040301 123400398.04705139
Case #77: 280857541.38107880 25189195.99440292
Case #78: 10258011.63424963 333854961.81348130 204097413.40033800
Case #79: 31715073.50562147 267500184.45907974 64483582.09238437 3886658.66865524 93217.40026989 141337528.28088725 24950693.97795489
Case #80: 8573156.97416463 363706110.38265290
Case #81: 405692076.26816720 162424548.03604075
Case #82: 227356328.79200995 48969179.18870546 198796524.19533056 483923037.36122996
Case #83: 1591075.29450329 26753464.60241230 36223335.33969370 195521972.41967183 38118744.51466057 7899816.29317965
Case #84: 41540310.74826346 154633897.99836046 142622607.91351730
Case #85: 214607133.16577970 477831090.25564490 82350838.84010027 470873805.92100630 53225473.20017401 28131919.50866042 1079232229.71123530
Case #86: 300360452.06006160 36029268.35899730 12609981.44569970 717403935.19038580 626662259.50607030
Case #87: 315363895.51531875 87299341.24792872
Case #88: 47343636.57229266 457983432.90206650 539821852.01801670 725426727.43277570 275153498.85272390 860293697.87447520 40252732.13239826
Case #89: 1.80892482 194525707.76248032 320403372.22352590 19859429.44610868 114267876.39482683 268397877.84870908 74147346.10875395 16830597.23500591
Case #90: 161001199.15753540 414475597.29955030 193423762.12867692 108477571.68900459
Case #91: 183971018.04091087 105354917.51849252 174946446.94976407 254451926.31474155 113906213.22191691 534104.72271859 20760226.26099530
Case #92: 180470.14059287 98585398.38174978 338754549.14190590 137838036.55167150 417620168.43252340
Case #93: 168248911.35059163 261371559.64523768
Case #94: 136044.24619244 71378282.55149537
Case #95: 3155009.35521138 39259717.00920696 7703821.40645072 27097275.76283925 101751815.78643876 57652899.29553331 31130431.93697030 342998623.25190115 31412067.36423723
Case #96: 10629242.77161465 108599701.57228857 196081879.91852704 16463384.88579597 229476169.11139310 76778266.18760441
Case #97: 261883333.96824557 9857841.21221782
Case #98: 260145639.55163100 337242594.35399336
Case #99: 24204484.58745973 136042023.58682683 25238415.58530862 88616816.07906404 44626608.56726868 63105790.86636969 78579148.66618435 152840424.15084220
Case #100: 225435295.24588877 2449806.61773845
