
22 25 6
22 26 1
21 26 0
21 25 0
21 24 0
22 24 0
23 24 0
23 25 1
23 26 1

22 25 6
22 26 1
21 26 1
21 25 1
21 24 0
22 24 0
23 24 0
23 25 1
23 26 1

22 25 6
22 26 1
21 26 1
21 25 1
21 24 0
22 24 0
23 24 0
23 25 1
23 26 1

22 25 6
22 26 1
21 26 1
21 25 1
21 24 0
22 24 0
23 24 0
23 25 1
23 26 1

22 25 6
22 26 1
21 26 1
21 25 1
21 24 0
22 24 0
23 24 0
23 25 1
23 26 0

22 25 6
22 26 0
21 26 1
21 25 1
21 24 0
22 24 0
23 24 0
23 25 0
23 26 1

22 25 7
22 26 1
21 26 1
21 25 0
21 24 1
22 24 0
23 24 0
23 25 0
23 26 1

22 25 7
22 26 1
21 26 1
21 25 1
21 24 1
22 24 0
23 24 0
23 25 0
23 26 0

22 25 0
22 26 0
21 26 0
21 25 1
21 24 1
22 24 1
23 24 0
23 25 0
23 26 0

22 25 2
22 26 0
21 26 0
21 25 1
21 24 1
22 24 1
23 24 1
23 25 1
23 26 0

22 25 2
22 26 0
21 26 0
21 25 1
21 24 1
22 24 1
23 24 1
23 25 1
23 26 0

22 25 2
22 26 0
21 26 1
21 25 1
21 24 1
22 24 1
23 24 1
23 25 1
23 26 0

22 25 1
22 26 1
21 26 1
21 25 1
21 24 1
22 24 1
23 24 1
23 25 0
23 26 0

22 25 0
22 26 1
21 26 1
21 25 1
21 24 1
22 24 1
23 24 0
23 25 0
23 26 1

22 25 7
22 26 1
21 26 1
21 25 1
21 24 1
22 24 0
23 24 0
23 25 1
23 26 0

22 25 6
22 26 0
21 26 1
21 25 1
21 24 0
22 24 0
23 24 0
23 25 0
23 26 1

22 25 7
22 26 0
21 26 1
21 25 0
21 24 1
22 24 0
23 24 0
23 25 0
23 26 1

22 25 7
22 26 1
21 26 1
21 25 0
21 24 1
22 24 0
23 24 0
23 25 0
23 26 0

22 25 0
22 26 0
21 26 0
21 25 1
21 24 0
22 24 1
23 24 0
23 25 0
23 26 0

22 25 2
22 26 0
21 26 0
21 25 1
21 24 1
22 24 0
23 24 1
23 25 1
23 26 0

22 25 2
22 26 0
21 26 0
21 25 1
21 24 1
22 24 1
23 24 0
23 25 1
23 26 0

22 25 2
22 26 0
21 26 0
21 25 1
21 24 1
22 24 1
23 24 1
23 25 1
23 26 0

22 25 2
22 26 0
21 26 0
21 25 0
21 24 0
22 24 1
23 24 1
23 25 1
23 26 0

22 25 4
22 26 1
21 26 0
21 25 0
21 24 0
22 24 1
23 24 1
23 25 1
23 26 1

22 25 4
22 26 1
21 26 0
21 25 0
21 24 1
22 24 1
23 24 1
23 25 1
23 26 1

22 25 3
22 26 0
21 26 0
21 25 1
21 24 1
22 24 1
23 24 1
23 25 1
23 26 1

22 25 2
22 26 0
21 26 1
21 25 1
21 24 1
22 24 1
23 24 1
23 25 1
23 26 0

22 25 1
22 26 1
21 26 1
21 25 1
21 24 0
22 24 1
23 24 1
23 25 0
23 26 0

22 25 0
22 26 0
21 26 1
21 25 1
21 24 1
22 24 1
23 24 0
23 25 0
23 26 0

22 25 1
22 26 0
21 26 0
21 25 1
21 24 1
22 24 1
23 24 1
23 25 0
23 26 0

22 25 2
22 26 0
21 26 0
21 25 0
21 24 1
22 24 1
23 24 1
23 25 1
23 26 0

22 25 3
22 26 0
21 26 0
21 25 0
21 24 1
22 24 1
23 24 1
23 25 1
23 26 1

22 25 3
22 26 0
21 26 0
21 25 0
21 24 1
22 24 1
23 24 1
23 25 1
23 26 1

22 25 3
22 26 0
21 26 1
21 25 0
21 24 1
22 24 1
23 24 1
23 25 1
23 26 1

22 25 1
22 26 0
21 26 1
21 25 0
21 24 0
22 24 0
23 24 1
23 25 0
23 26 0

22 25 1
22 26 0
21 26 0
21 25 0
21 24 0
22 24 0
23 24 1
23 25 0
23 26 0

22 25 5
22 26 0
21 26 1
21 25 0
21 24 0
22 24 0
23 24 1
23 25 0
23 26 0

22 25 5
22 26 0
21 26 1
21 25 0
21 24 1
22 24 1
23 24 1
23 25 1
23 26 1

22 25 3
22 26 0
21 26 0
21 25 0
21 24 1
22 24 1
23 24 1
23 25 1
23 26 1

22 25 3
22 26 0
21 26 0
21 25 1
21 24 0
22 24 0
23 24 0
23 25 1
23 26 1

22 25 2
22 26 0
21 26 0
21 25 1
21 24 0
22 24 0
23 24 0
23 25 1
23 26 0

22 25 2
22 26 0
21 26 0
21 25 0
21 24 0
22 24 0
23 24 0
23 25 1
23 26 0

22 25 6
22 26 0
21 26 0
21 25 1
21 24 0
22 24 0
23 24 0
23 25 1
23 26 0

22 25 6
22 26 0
21 26 0
21 25 1
21 24 0
22 24 0
23 24 0
23 25 1
23 26 1

22 25 6
22 26 1
21 26 0
21 25 1
21 24 0
22 24 0
23 24 0
23 25 1
23 26 1

22 25 6
22 26 1
21 26 1
21 25 1
21 24 0
22 24 0
23 24 1
23 25 1
23 26 1

22 25 5
22 26 1
21 26 1
21 25 0
21 24 1
22 24 1
23 24 1
23 25 1
23 26 1

22 25 3
22 26 0
21 26 0
21 25 0
21 24 1
22 24 0
23 24 0
23 25 1
23 26 1

22 25 3
22 26 0
21 26 0
21 25 0
21 24 1
22 24 1
23 24 1
23 25 0
23 26 1

22 25 3
22 26 0
21 26 0
21 25 0
21 24 0
22 24 0
23 24 0
23 25 1
23 26 1

22 25 6
22 26 1
21 26 0
21 25 1
21 24 0
22 24 0
23 24 0
23 25 1
23 26 0

22 25 6
22 26 0
21 26 1
21 25 1
21 24 0
22 24 0
23 24 0
23 25 1
23 26 0

22 25 6
22 26 0
21 26 0
21 25 1
21 24 0
22 24 0
23 24 0
23 25 1
23 26 1

22 25 6
22 26 1
21 26 0
21 25 1
21 24 0
22 24 0
23 24 0
23 25 0
23 26 0

22 25 0
22 26 1
21 26 1
21 25 0
21 24 1
22 24 1
23 24 0
23 25 0
23 26 0

22 25 0
22 26 1
21 26 1
21 25 1
21 24 0
22 24 1
23 24 0
23 25 0
23 26 0

22 25 0
22 26 1
21 26 1
21 25 1
21 24 1
22 24 1
23 24 0
23 25 0
23 26 0

22 25 0
22 26 1
21 26 1
21 25 1
21 24 1
22 24 1
23 24 0
23 25 0
23 26 1

22 25 7
22 26 0
21 26 1
21 25 1
21 24 1
22 24 0
23 24 1
23 25 1
23 26 0

22 25 5
22 26 1
21 26 1
21 25 0
21 24 0
22 24 1
23 24 1
23 25 1
23 26 1

22 25 4
22 26 1
21 26 0
21 25 0
21 24 0
22 24 1
23 24 0
23 25 1
23 26 1

22 25 4
22 26 1
21 26 0
21 25 0
21 24 0
22 24 0
23 24 1
23 25 0
23 26 1

22 25 5
22 26 0
21 26 1
21 25 0
21 24 0
22 24 1
23 24 1
23 25 1
23 26 1

22 25 4
22 26 1
21 26 0
21 25 0
21 24 0
22 24 0
23 24 0
23 25 1
23 26 1

-1
