100
22 51 100
8 324600
125 300098
55 594326
129 282375
128 132015
70 106650
139 256983
115 307547
7 234734
105 31393
18 620041
121 184120
5 54535
180 19561
4 133932
55 217628
72 80931
61 296591
135 795151
60 481929
175 224823
20 135822
13 613204
164 127840
41 484364
159 488
161 218858
26 258955
66 396401
23 264159
62 249637
55 14371
57 211735
169 832122
72 207673
31 982
68 307257
135 244514
128 3967
69 387
55 347232
145 27531
61 256087
56 134119
142 153707
108 441207
2 137801
103 337190
11 191105
73 35274
160 508876
28 403007
72 603389
103 73753
69 358934
10 46456
52 83837
137 190179
103 122261
136 2664
82 505939
175 309317
1 146073
120 260779
12 445331
1 80012
68 19260
120 224491
73 466502
7 136202
69 235731
161 116064
16 12100
53 537030
110 522608
23 169170
111 113418
124 84084
5 824247
55 788266
187 105729
118 11476
33 253047
20 240999
64 134018
167 732290
20 41314
7 33754
136 438351
108 591208
20 12536
110 192924
105 244559
105 1281
187 1195
22 91783
4 943734
5 153355
20 162804
123 208802
24 173 7
37 0
98 1
81 0
97 0
141 0
148 0
172 0
121 89 100
3 25965
174 76602
100 177292
129 226524
130 80585
121 284198
177 7309
93 670502
104 77387
159 605253
98 506
121 23639
178 644588
130 541
129 245333
92 477003
131 130449
123 58948
104 325990
114 225924
98 86961
176 291570
165 13895
165 496678
93 125854
136 130285
139 187276
114 721518
102 426017
129 47920
93 531195
102 312355
118 351164
103 81785
93 179119
127 12255
101 58410
150 87410
94 16756
98 196525
128 257570
94 36646
106 35919
117 300153
121 233233
149 395273
149 33087
166 215163
138 486068
170 224741
122 27424
96 256
124 360033
187 44674
39 12822
124 16070
149 331972
106 111481
105 225022
156 502244
130 67469
97 18111
125 337618
168 213616
154 500854
111 121002
110 550698
94 138056
103 339937
110 93546
141 41171
173 6111
124 51179
96 45190
138 78457
122 133928
105 690155
109 445839
188 268787
140 509056
124 126406
107 124954
33 495224
113 198496
117 504867
142 410458
151 470258
135 640791
98 687706
93 320215
131 82985
128 394488
122 146340
95 188424
118 15174
134 187355
96 443871
117 174953
110 187076
147 24238
34 50 100
24 2
4 1
17 1
17 2
4 1
1 1
3 1
24 2
29 1
5 1
10 1
5 2
14 1
1 1
13 2
7 1
1 1
7 1
8 1
3 2
11 1
19 1
4 1
17 2
20 1
1 2
8 1
5 1
3 1
3 2
24 1
4 2
10 1
2 2
8 1
3 1
2 1
27 2
7 1
4 1
19 1
3 2
6 1
6 1
5 2
21 1
8 1
13 1
6 1
11 1
14 1
2 2
4 2
3 2
13 2
1 1
3 1
5 1
11 1
2 2
11 1
1 1
7 2
11 1
4 1
33 1
2 1
3 1
1 1
2 2
2 1
1 2
1 1
5 1
1 1
18 1
3 1
5 1
19 1
6 1
11 1
4 1
2 1
17 2
3 2
1 1
8 1
1 1
2 1
15 2
26 1
2 2
9 1
12 1
3 2
6 1
6 1
4 1
12 1
2 1
92 53 57
2 1
108 1
42 1
158 1
5 1
69 1
54 1
108 1
61 1
30 1
54 1
63 1
67 1
118 1
83 1
46 1
110 1
5 1
84 1
81 1
102 1
55 1
90 1
93 1
96 1
101 1
119 1
84 1
34 1
5 1
93 1
150 1
2 1
59 1
59 1
135 1
9 1
63 1
77 1
80 1
77 1
95 1
55 1
147 1
52 1
103 1
63 1
143 1
21 1
84 1
108 1
186 1
135 1
61 1
44 1
58 1
31 1
20 22 100
194 445220
196 39808
190 40970
193 411651
194 749816
193 389081
190 48786
195 50637
198 170106
190 314564
190 445353
193 116544
192 468541
193 375263
191 341708
191 119318
192 170559
194 3324
190 33992
193 80822
191 149299
191 101106
191 47792
191 79841
193 86333
192 281
191 36213
191 201053
196 343895
192 225294
191 767969
193 371326
190 484141
190 100695
197 239594
191 2296
191 133313
193 193609
190 103245
197 158312
193 617215
193 62579
193 282365
195 202241
192 714282
198 424349
194 54192
191 70541
190 81895
193 337862
191 362894
191 69325
191 23606
191 262737
190 182593
190 120282
198 790807
191 166984
194 1638
192 4933
190 323155
197 832390
190 56722
196 176293
191 135970
190 407200
192 542339
194 37608
198 57246
190 57737
193 159592
196 653674
190 780512
197 591140
196 102173
194 28849
190 327602
194 336055
190 36595
190 308014
190 486313
193 290923
192 259847
190 494692
194 95741
195 310309
192 52295
190 155038
197 50265
196 135944
191 154575
191 268126
191 304395
191 254361
190 371341
191 200823
191 224324
191 73248
193 176672
190 26427
23 96 4
32 0
47 0
72 0
95 0
20 50 2
10 1
80 2
67 40 58
81 1
4 1
1 1
72 1
78 1
64 1
86 1
57 1
117 1
53 1
2 1
61 1
32 1
44 1
105 1
6 1
44 1
148 1
37 1
16 1
115 1
19 1
163 1
31 1
92 1
13 1
38 1
10 1
60 1
52 1
74 1
139 1
58 1
5 1
5 1
44 1
45 1
79 1
151 1
29 1
35 1
64 1
112 1
1 1
180 1
12 1
71 1
94 1
4 1
65 1
54 1
11 1
2 1
157 1
44 1
2 1
24 1
79 1
20 147 6
27 0
122 0
86 0
88 1
110 0
144 0
21 78 100
8 0
89 1
181 1
84 1
79 1
90 0
88 0
158 0
17 0
99 0
88 0
92 1
90 1
86 1
93 0
90 0
92 1
83 1
84 0
160 0
6 0
95 0
94 0
170 0
109 1
99 1
159 1
15 0
170 2
92 0
18 0
90 0
92 0
94 0
79 1
88 0
80 0
87 0
91 0
158 0
2 0
82 0
158 1
116 2
88 0
79 0
157 2
7 1
172 1
11 1
90 0
79 0
93 0
90 0
98 2
84 0
84 0
85 0
169 0
9 1
80 2
88 1
84 1
182 0
92 1
175 0
111 0
81 0
93 2
84 1
83 0
188 1
92 0
85 0
80 0
97 0
79 0
79 0
95 0
80 0
162 0
4 0
96 0
86 0
170 2
87 1
96 2
2 1
164 1
114 2
92 0
160 0
13 0
158 1
81 0
20 0
83 1
180 2
92 0
87 0
47 35 1
31 259126
39 50 1
42 0
37 31 69
109 62421
5 412497
111 90471
91 366440
150 540915
49 202546
1 704384
11 19024
16 35138
97 36806
37 762022
57 94538
48 543505
6 280443
38 178629
77 611246
25 221050
8 41591
7 785559
132 12299
8 806319
85 281703
172 37122
11 999
35 23709
88 7703
25 107489
50 195429
3 376939
38 606009
6 183628
14 369617
153 259123
89 210220
1 231963
39 11726
99 395994
10 160379
15 522661
110 22766
23 137108
13 23534
93 275967
5 231974
8 28792
4 138210
10 61794
36 177828
40 492594
25 19132
29 739195
7 348330
98 81306
1 239042
20 123354
47 367135
52 117061
35 301545
18 89142
22 147663
33 419861
15 350544
15 9655
85 2645
169 198437
6 28080
55 258862
9 126579
110 60391
20 104 5
21 3798
64 423369
98 126277
81 831500
102 481107
130 32 1
88 0
24 20 100
193 185421
193 462594
192 107604
190 210029
190 59050
193 7418
191 99318
197 191842
195 58348
191 189964
190 505325
195 147362
190 4237
198 24031
190 500268
194 244127
196 78975
195 337301
191 260427
195 289674
192 370127
194 118581
195 69277
194 879340
190 964033
190 488287
194 272898
194 53129
191 91963
192 677565
193 108040
190 11149
190 623833
191 328744
192 110845
190 239200
197 829811
192 134076
190 673866
190 342928
193 867308
190 251475
191 388932
190 173834
190 118982
196 501434
190 221892
192 506341
190 200135
193 85827
198 115513
195 146516
191 513750
194 176017
195 3485
190 197881
190 848479
191 268466
194 211247
191 106767
192 130232
193 106190
196 95981
193 801005
190 125726
191 6469
191 108699
192 65587
193 282324
194 503789
190 315778
191 34935
197 152709
193 128326
190 138618
190 101709
191 5757
193 755798
197 235602
199 124403
191 534742
194 183318
196 310996
192 248378
190 406639
193 137265
190 47158
196 199356
199 622720
194 219667
192 284787
193 360272
193 131534
191 472496
195 19788
191 2812
190 151213
190 92357
194 138511
191 435192
33 55 52
72 113763
59 30872
6 424386
83 253644
64 422660
124 825
120 221416
37 253742
62 511970
58 426975
132 671109
83 31473
4 63141
155 190668
78 575382
74 124490
76 95692
180 36901
44 21554
87 3633
65 194887
66 267541
145 27604
127 212962
14 209296
72 503998
15 182051
62 362300
134 534383
68 41932
76 25536
14 138766
79 134997
134 10546
14 82939
162 443376
60 605622
71 224865
69 115468
57 385434
72 775361
63 698804
74 251607
59 166949
71 19701
186 70382
22 720976
10 794820
184 412881
48 213604
62 398673
75 556
35 20 100
30 1
21 1
27 1
24 1
21 1
22 1
23 1
26 1
22 1
27 1
25 1
21 1
21 1
21 1
22 1
25 1
23 1
21 1
29 1
21 1
21 1
23 1
22 1
21 1
27 1
27 1
22 1
25 1
28 1
23 1
21 1
28 1
28 1
24 1
23 1
25 1
27 1
26 1
34 1
24 1
21 1
24 1
26 1
22 1
24 1
22 1
27 1
22 1
23 1
29 1
28 1
22 1
21 1
21 1
28 1
29 1
21 1
27 1
24 1
25 1
24 1
32 1
21 1
30 1
25 1
29 1
23 1
29 1
27 1
31 1
24 1
25 1
22 1
26 1
21 1
22 1
26 1
24 1
23 1
22 1
23 1
31 1
21 1
22 1
31 1
25 1
21 1
24 1
23 1
23 1
21 1
27 1
24 1
27 1
21 1
26 1
21 1
27 1
23 1
21 1
27 33 100
1 1
133 1
15 1
66 1
22 1
113 1
12 1
75 1
9 1
14 1
143 1
35 1
47 1
14 1
22 1
85 1
97 1
54 1
84 1
22 1
24 1
76 1
60 1
64 1
9 1
74 1
71 1
53 1
17 1
1 1
97 1
43 1
81 1
124 1
137 1
34 1
91 1
125 1
4 1
56 1
123 1
99 1
23 1
78 1
27 1
29 1
27 1
35 1
85 1
9 1
155 1
18 1
1 1
32 1
60 1
141 1
96 1
146 1
5 1
13 1
6 1
2 1
65 1
85 1
5 1
5 1
118 1
16 1
158 1
18 1
16 1
115 1
180 1
124 1
96 1
161 1
12 1
28 1
13 1
50 1
9 1
78 1
54 1
38 1
1 1
65 1
13 1
11 1
51 1
30 1
1 1
69 1
12 1
7 1
13 1
1 1
21 1
51 1
93 1
86 1
23 22 100
191 85385
195 455806
191 399298
193 322555
192 58275
192 493015
196 107955
190 136232
195 100074
192 18744
195 33987
192 461530
192 71386
190 540929
190 65639
195 213833
192 238195
190 425657
194 409734
192 366583
194 62244
194 327910
195 410488
190 670751
194 12343
193 613577
193 353545
191 150442
190 13667
196 98874
191 43077
192 426082
194 72296
190 279834
191 110717
192 140903
191 314287
196 27322
195 117979
191 596291
190 199713
190 174651
192 99130
192 131541
190 766214
193 86105
193 495181
197 61281
191 9321
194 329757
196 464715
194 5076
193 245807
192 816882
190 197946
190 355883
191 361777
199 341422
190 645172
190 253803
190 361808
190 12408
190 76145
191 280443
195 471679
190 216390
190 415980
195 126966
191 506547
190 123444
200 33702
196 733965
196 32927
190 402301
190 20072
194 420368
193 76832
190 72512
197 35609
191 8735
194 59864
197 343783
190 246939
191 345282
191 94671
191 11909
191 80867
194 7188
198 100559
197 459891
195 145815
195 101047
197 404400
190 393720
191 92666
192 44614
190 268670
190 166931
191 154642
190 105138
20 32 100
21 1
21 1
22 1
27 1
24 1
22 1
28 1
25 1
29 1
21 1
21 1
21 1
29 1
29 1
22 1
21 1
21 1
22 1
27 1
26 1
21 1
23 1
26 1
21 1
21 1
27 1
22 1
32 1
21 1
21 1
29 1
23 1
25 1
25 1
25 1
26 1
21 1
25 1
30 1
23 1
28 1
21 1
26 1
26 1
23 1
21 1
27 1
21 1
21 1
29 1
23 1
24 1
21 1
21 1
21 1
21 1
27 1
26 1
21 1
23 1
22 1
22 1
29 1
29 1
23 1
25 1
22 1
28 1
24 1
21 1
21 1
22 1
22 1
21 1
27 1
25 1
23 1
28 1
25 1
22 1
27 1
24 1
24 1
21 1
22 1
21 1
28 1
24 1
21 1
27 1
23 1
27 1
22 1
21 1
21 1
21 1
26 1
23 1
22 1
27 1
20 49 100
1 336273
51 30840
105 30302
109 31437
2 50964
17 37606
67 44132
102 334357
11 89196
99 21435
2 174008
101 28106
20 474744
60 441019
110 48887
60 274525
17 11759
61 794596
106 527706
6 52430
53 130209
55 10110
102 135663
76 239664
122 285318
117 406876
20 38419
99 26596
81 316100
59 283171
183 456185
108 395533
22 225454
124 308819
68 199663
155 153168
1 240074
13 349309
115 492035
1 89760
118 265366
114 174019
65 230157
93 56001
58 375572
52 866106
69 200320
103 25908
52 163466
5 16127
53 44367
108 182387
13 12225
113 123622
100 78564
20 223809
165 75582
5 36842
2 509189
53 111226
1 85424
138 198228
106 30503
103 665500
22 615964
60 24883
52 326670
159 285781
65 408561
56 7372
78 376945
120 273210
6 431313
66 587016
58 100569
100 227963
10 285146
111 515413
104 41061
127 495770
8 223788
71 170433
149 238766
17 623420
103 483803
113 15460
37 496570
8 4161
61 268254
151 25966
19 186331
60 392231
15 35453
156 147391
54 418852
28 367886
105 149724
119 377050
8 474133
163 32796
20 21 100
195 175103
192 429
192 135815
191 146446
193 390904
193 10154
194 586544
193 245455
191 198
191 746069
195 52728
192 514347
190 120337
192 70678
191 344659
190 36254
191 306825
195 440296
190 175524
190 647828
194 491225
198 82897
192 26966
191 624992
190 75424
195 58578
190 82178
194 65873
190 11118
190 168405
195 462147
191 123033
194 973
191 800638
191 83301
193 291835
193 35031
193 280838
196 1101
191 603300
198 57474
193 119485
190 71444
191 358243
199 14428
196 106006
193 230908
190 266134
190 215245
192 50716
194 195708
192 178853
192 252237
193 90133
193 9414
191 66195
190 32331
191 37651
190 548752
192 124307
190 311612
190 13830
198 758821
192 410895
190 479840
190 132718
193 122294
192 257445
194 519138
191 156529
190 126069
192 26090
195 129309
197 131014
198 75143
191 312039
200 20646
192 611484
190 225994
191 90005
191 107767
193 237147
194 25428
192 29140
196 148838
197 11403
197 480387
190 275979
196 182421
190 197438
194 41970
190 737387
192 648488
192 459631
193 36150
191 542932
190 779035
195 55233
197 624532
193 90997
20 20 100
200 1000000
200 1000000
200 1000000
200 1000000
200 1000000
200 1000000
200 1000000
200 1000000
200 1000000
200 1000000
200 1000000
200 1000000
200 1000000
200 1000000
200 1000000
200 1000000
200 1000000
200 1000000
200 1000000
200 1000000
200 1000000
200 1000000
200 1000000
200 1000000
200 1000000
200 1000000
200 1000000
200 1000000
200 1000000
200 1000000
200 1000000
200 1000000
200 1000000
200 1000000
200 1000000
200 1000000
200 1000000
200 1000000
200 1000000
200 1000000
200 1000000
200 1000000
200 1000000
200 1000000
200 1000000
200 1000000
200 1000000
200 1000000
200 1000000
200 1000000
200 1000000
200 1000000
200 1000000
200 1000000
200 1000000
200 1000000
200 1000000
200 1000000
200 1000000
200 1000000
200 1000000
200 1000000
200 1000000
200 1000000
200 1000000
200 1000000
200 1000000
200 1000000
200 1000000
200 1000000
200 1000000
200 1000000
200 1000000
200 1000000
200 1000000
200 1000000
200 1000000
200 1000000
200 1000000
200 1000000
200 1000000
200 1000000
200 1000000
200 1000000
200 1000000
200 1000000
200 1000000
200 1000000
200 1000000
200 1000000
200 1000000
200 1000000
200 1000000
200 1000000
200 1000000
200 1000000
200 1000000
200 1000000
200 1000000
200 1000000
22 21 100
190 866542
193 88280
191 310764
190 116195
190 57854
194 43608
190 527516
193 694353
190 24753
198 239270
190 267010
193 15142
190 204593
194 66435
192 116645
190 50446
192 95646
191 531103
191 392846
193 11750
194 29552
191 17642
194 327963
190 439588
191 240202
191 150360
190 467945
190 72817
190 457657
191 111183
193 451970
196 258058
194 783030
190 279666
196 122409
190 20077
194 290457
193 552510
190 513189
197 15778
191 32226
190 161877
191 35985
196 305200
195 446036
190 5312
192 528568
199 156485
196 132092
197 499312
200 7728
191 289517
199 674965
191 8088
194 244478
190 164453
190 258027
197 55375
191 57197
198 176302
190 537783
190 314886
194 147081
194 599637
192 410048
191 771061
197 691303
191 5061
191 99327
194 82740
190 231189
195 9626
193 224426
196 340912
190 532604
193 250795
193 63072
190 22700
191 45018
198 43223
192 287827
193 638458
192 401398
191 50681
190 36297
191 356685
190 725353
190 710917
192 616645
198 41285
192 517312
196 239285
191 364774
197 97920
196 667520
193 3142
196 27606
192 3897
197 346581
198 297122
77 20 100
15 1
138 0
6 0
122 2
1 0
54 0
56 0
67 1
5 2
28 0
41 2
29 1
4 0
11 2
169 1
85 0
133 1
87 0
112 1
137 1
9 0
123 2
18 0
31 0
105 2
120 1
1 0
56 0
54 0
86 0
27 0
109 2
2 1
1 0
61 0
93 0
7 0
5 1
71 0
163 2
23 0
167 0
17 2
17 0
157 0
121 0
82 0
45 0
9 0
44 0
11 1
63 0
38 0
13 0
32 0
122 0
71 0
78 1
62 2
129 1
64 0
117 1
21 2
6 1
133 1
148 1
48 0
56 0
20 0
161 0
1 0
24 1
43 2
46 0
9 0
47 1
74 0
162 0
86 0
66 0
3 0
83 0
52 1
20 0
121 0
59 0
25 0
64 0
55 1
4 1
29 2
1 0
12 0
56 0
26 0
24 2
52 0
7 0
73 2
14 0
78 29 100
53 1
5 1
74 1
133 1
27 1
1 1
70 1
18 1
14 1
21 1
69 1
165 1
3 1
38 1
91 1
14 1
40 1
1 1
74 1
52 1
51 1
7 1
2 1
57 1
18 1
35 1
120 1
6 1
52 1
15 1
11 1
31 1
15 1
62 1
74 1
31 1
43 1
16 1
23 1
39 1
105 1
16 1
23 1
124 1
28 1
15 1
79 1
33 1
70 1
45 1
29 1
24 1
147 1
20 1
25 1
53 1
19 1
4 1
7 1
51 1
32 1
45 1
155 1
19 1
32 1
79 1
79 1
34 1
84 1
16 1
51 1
8 1
3 1
181 1
10 1
14 1
115 1
17 1
41 1
20 1
6 1
3 1
35 1
34 1
101 1
126 1
17 1
22 1
82 1
65 1
27 1
12 1
18 1
22 1
63 1
17 1
18 1
72 1
26 1
14 1
98 109 1
100 0
21 43 52
4 392683
114 230098
125 200409
61 117710
44 2522
48 271516
55 17916
152 96626
47 304196
14 63329
107 51701
21 646705
145 67031
10 53993
141 175519
54 1847
20 754166
97 101970
128 49712
28 223356
60 21980
89 92547
89 564521
47 462817
10 186932
1 108584
4 400093
63 29640
46 193840
178 210058
74 309831
30 97067
59 481437
113 253779
22 817759
55 421507
54 91621
51 660310
103 463060
52 32912
70 107580
63 667294
62 526450
157 1597
7 4538
59 12942
64 300747
50 308396
62 257
48 58908
54 67676
61 511683
36 99 1
54 137089
21 20 100
190 108359
195 526698
192 390163
193 262950
191 815877
196 3846
191 254855
198 445554
191 418961
194 147613
192 237007
193 112853
193 206262
191 46879
192 56787
198 640650
192 144383
190 485797
194 861932
194 30424
191 309188
194 25872
192 385729
191 40724
190 257371
197 274861
194 376331
192 888
197 607578
190 267187
197 203038
194 130160
194 114964
190 237233
191 96481
191 181377
191 121053
190 852269
193 229996
190 235217
190 30172
190 132621
196 239594
191 464205
193 82795
193 604103
191 77972
191 740197
195 198389
190 679490
197 266854
199 30005
194 198043
190 856628
190 266139
191 408239
193 745252
190 133418
192 13126
193 23511
195 521587
199 115
192 85141
190 67885
193 557699
195 102615
193 141212
192 35677
196 282858
193 2143
196 470528
193 18207
196 116997
191 84766
190 131396
193 2986
197 151140
190 255143
200 319981
193 223994
190 84197
190 43092
193 369916
198 216357
195 190508
192 20067
197 406695
191 6356
190 30552
191 802212
192 300628
199 464497
190 919017
194 28236
193 166769
191 32905
196 382268
190 147727
190 210086
191 172184
21 21 100
195 156468
199 130923
194 79835
190 100777
193 378870
192 31233
190 847338
193 266874
191 69682
191 39314
194 147429
193 350155
195 4687
191 21635
194 558429
196 82245
192 78638
193 138146
193 76106
193 103761
190 399341
190 15576
192 11443
192 681533
193 265449
190 74112
194 161162
192 355432
192 256408
191 748614
195 391682
190 87118
190 117609
193 195190
192 536101
194 748909
191 637401
194 227337
193 230370
197 220088
192 484121
192 28976
192 343634
191 83592
190 209445
190 738954
193 18248
190 401116
190 970823
194 50242
197 121084
192 72610
198 66262
195 72351
196 166577
190 291093
191 175913
192 3579
190 598932
191 405350
191 10209
195 14820
193 453259
193 304365
190 522060
193 254137
195 175940
191 211566
193 53693
191 8142
199 234561
192 17202
190 2457
190 32092
193 738515
193 315388
195 721828
194 183913
190 1836
193 83034
191 543135
191 270
192 12889
192 230507
195 79832
191 726682
190 62633
192 557531
190 36198
190 681916
192 103496
190 513027
192 39899
194 17641
190 212236
190 148198
192 250219
195 382536
192 161
192 336432
58 99 100
18 33346
143 322433
106 389759
140 29802
143 338088
102 567232
102 789635
154 17851
140 249998
134 283268
149 598021
138 738298
136 14336
127 390752
106 750586
157 202823
120 59558
112 338876
122 438271
131 168233
154 301982
121 103741
137 34352
118 390026
149 455394
105 272797
128 208032
149 52925
131 475229
144 584012
109 141553
136 152263
102 23460
153 351115
106 243337
140 57392
106 14223
135 92231
145 143987
129 20075
113 212591
100 842675
152 43149
136 137777
107 185418
126 6552
123 7469
143 46410
112 496359
110 189922
61 381412
131 54665
132 205527
128 114845
141 407025
138 149668
154 97428
105 642577
136 379266
107 459754
109 55796
153 6986
106 145170
114 3296
150 312894
137 17535
123 692122
127 82725
118 414022
123 370715
108 79358
108 210749
149 503836
140 86609
103 30752
133 3054
123 64430
114 24939
115 213197
106 133637
114 720200
108 118035
104 250824
119 121021
149 171753
113 488923
152 708504
102 6457
123 39641
103 384366
111 462567
101 48731
112 92000
111 446468
146 178017
131 222231
102 765883
123 226352
157 80661
109 212308
125 139 1
127 0
83 48 100
68 2
14 1
25 1
113 1
2 2
16 0
26 0
38 0
38 0
39 0
5 1
7 2
9 0
20 0
43 0
24 1
89 0
57 0
56 2
21 1
48 0
64 0
52 0
30 1
91 0
6 0
14 0
123 0
149 0
2 0
94 0
11 0
2 0
65 0
8 1
172 0
51 1
66 0
10 2
151 0
84 2
38 0
85 1
8 1
2 0
82 1
18 1
157 0
40 1
13 0
66 0
74 0
120 0
48 0
128 1
65 0
6 1
57 2
67 0
6 1
14 0
82 0
26 0
11 2
49 0
44 0
46 0
30 0
26 2
83 1
154 2
102 1
1 1
36 0
44 1
6 0
138 1
8 0
41 0
157 0
6 1
49 2
53 0
23 0
55 0
3 2
31 0
10 0
4 0
2 0
44 2
75 0
25 0
10 0
12 2
45 0
91 1
6 0
5 2
57 0
84 24 62
152 226838
15 274028
117 221893
166 97771
9 200936
70 562533
21 107143
19 5071
53 60864
19 156764
76 136781
14 168117
56 133811
67 15861
22 42594
41 178033
51 636678
34 4627
124 226368
16 118208
120 612800
26 16043
7 37519
125 75716
21 321718
4 469415
2 103130
61 308999
22 25282
25 456984
109 17631
85 758822
51 33864
7 200267
61 30443
4 174229
43 314307
124 28153
87 428274
28 80303
35 68981
86 243163
9 961
2 139664
47 240147
7 6530
48 168605
50 252969
29 15797
170 252242
5 529757
174 183059
6 59255
3 83206
11 166315
47 354844
108 170203
13 790090
1 782082
30 491114
22 14211
2 298005
118 123 1
123 1
52 86 74
4 1
100 1
134 1
88 1
125 1
91 1
184 1
148 1
92 1
136 1
112 1
92 1
175 1
145 1
91 1
97 1
92 1
113 1
89 1
89 1
105 1
113 1
96 1
94 1
90 1
113 1
108 1
91 1
126 1
91 1
129 1
102 1
96 1
108 1
124 1
128 1
88 1
116 1
88 1
108 1
91 1
132 1
125 1
113 1
135 1
90 1
119 1
99 1
131 1
91 1
119 1
119 1
135 1
127 1
97 1
133 1
113 1
105 1
88 1
180 1
31 1
105 1
108 1
115 1
1 1
133 1
102 1
120 1
133 1
95 1
101 1
116 1
102 1
109 1
29 175 4
124 1
143 1
128 0
117 0
42 169 4
61 0
99 1
151 0
169 0
60 62 100
12 1
102 1
85 1
101 1
163 1
3 1
94 1
71 1
74 1
165 1
71 1
45 1
83 1
88 1
111 1
122 1
76 1
71 1
91 1
88 1
110 1
94 1
83 1
110 1
94 1
170 1
101 1
123 1
66 1
107 1
75 1
103 1
114 1
107 1
67 1
138 1
1 1
75 1
175 1
113 1
11 1
83 1
153 1
5 1
161 1
72 1
70 1
130 1
23 1
3 1
107 1
92 1
100 1
67 1
151 1
82 1
38 1
104 1
75 1
105 1
90 1
83 1
149 1
113 1
103 1
77 1
12 1
66 1
98 1
130 1
2 1
137 1
186 1
34 1
91 1
65 1
118 1
68 1
117 1
159 1
29 1
147 1
12 1
118 1
97 1
65 1
126 1
154 1
174 1
18 1
11 1
6 1
112 1
80 1
76 1
80 1
93 1
72 1
86 1
108 1
27 46 79
21 522425
142 93879
51 167211
69 61516
62 224555
2 7855
22 88289
113 169055
69 111301
24 381962
159 426686
11 182067
138 76100
56 158176
93 133398
13 4959
23 736659
122 721167
63 137067
51 596570
135 87672
65 759656
120 510662
130 416649
106 212718
8 374527
148 1
8 25333
64 154821
13 648598
68 3499
59 83180
156 346221
10 710127
88 570536
101 532233
132 444492
82 629400
49 367749
49 443059
110 126011
89 174047
105 488187
51 539947
110 205218
2 275706
32 34842
73 25618
71 97469
97 318810
66 164037
48 7291
119 329516
11 107470
1 241201
147 3070
58 600244
74 366376
165 83982
4 173223
87 158488
21 82940
135 104682
48 390069
53 119413
107 29627
7 134060
192 102711
157 75643
12 59099
15 221801
97 657808
51 244
23 155864
15 81154
16 13806
107 16924
73 1911
34 66633
48 51 79
95 7813
30 413203
62 37762
85 204322
152 353917
115 147093
88 201272
29 117824
89 3651
68 9174
138 133180
13 849143
66 217085
95 278762
139 452655
123 370546
1 98700
30 515916
112 387367
5 195078
117 304239
183 82918
136 197858
86 493577
12 174581
49 698849
39 89024
98 132228
141 601617
160 57853
143 100500
22 125680
24 4631
140 31652
96 27596
9 856284
38 277764
1 293428
135 726161
59 336347
52 201088
45 639098
116 2453
68 676235
43 127323
75 217751
81 180137
53 53499
56 16737
68 13805
64 317236
173 527728
134 148681
27 19876
160 277386
136 285266
23 132465
55 273467
98 369798
63 2113
48 81641
29 15625
1 108467
43 11792
160 76177
53 476115
95 445843
21 135167
45 166077
105 206110
42 55869
190 37906
140 245991
1 13282
64 97332
2 189811
14 481910
151 73899
72 45897
21 41 100
36 291512
38 380862
35 404585
36 90021
28 111559
28 652912
23 94124
31 336527
27 18446
22 491683
26 196784
26 34440
36 201231
22 235700
22 725358
35 35526
34 431374
22 114008
31 14151
22 774142
34 323263
25 152257
22 194574
23 86530
30 527739
23 112599
22 112729
23 379148
22 248163
26 181844
40 508
33 87704
23 374840
26 17725
28 131627
22 10423
23 31877
22 192292
33 146059
25 35590
37 37009
24 135808
29 146364
22 84385
23 159742
25 431559
33 61711
22 193764
28 523448
35 789886
33 138680
30 203600
29 694284
23 733604
26 95939
25 315140
26 93768
24 89580
24 255042
24 191114
27 756994
28 113039
25 219472
25 694222
26 181548
25 943777
23 104573
22 242421
27 239117
32 3991
32 383081
23 40005
22 361307
23 345072
35 113226
41 56741
22 197690
39 516494
25 2723
29 374848
27 35186
22 341085
24 284907
22 7132
23 509650
26 33966
23 290551
24 237480
28 42005
32 584311
23 14057
25 153278
35 249338
23 242753
22 343231
23 20563
33 411644
31 152295
27 376124
23 104687
22 90 100
9 1
182 1
12 1
104 1
104 1
97 1
95 1
97 1
111 1
109 1
93 1
95 1
94 1
95 1
108 1
95 1
109 1
97 1
182 1
9 1
109 1
108 1
111 1
96 1
111 1
103 1
102 1
107 1
106 1
96 1
91 1
96 1
185 1
14 1
104 1
102 1
105 1
101 1
111 1
92 1
106 1
111 1
99 1
102 1
100 1
92 1
110 1
100 1
93 1
94 1
95 1
110 1
106 1
185 1
1 1
111 1
91 1
46 1
112 1
105 1
102 1
106 1
107 1
100 1
112 1
99 1
106 1
94 1
101 1
100 1
96 1
106 1
104 1
188 1
15 1
102 1
98 1
91 1
109 1
108 1
112 1
109 1
100 1
93 1
103 1
98 1
106 1
97 1
103 1
99 1
102 1
105 1
101 1
109 1
99 1
94 1
107 1
99 1
95 1
112 1
29 44 88
56 1
66 1
59 1
18 1
120 1
174 1
64 1
9 1
91 1
71 1
81 1
183 1
1 1
40 1
97 1
80 1
100 1
24 1
129 1
132 1
53 1
115 1
1 1
93 1
71 1
4 1
110 1
12 1
117 1
10 1
126 1
68 1
48 1
54 1
52 1
64 1
51 1
172 1
70 1
12 1
52 1
103 1
82 1
133 1
9 1
8 1
145 1
4 1
104 1
69 1
9 1
86 1
65 1
54 1
54 1
89 1
62 1
6 1
138 1
42 1
149 1
12 1
19 1
65 1
71 1
129 1
51 1
105 1
146 1
10 1
10 1
18 1
54 1
117 1
15 1
66 1
52 1
129 1
104 1
16 1
52 1
101 1
93 1
67 1
7 1
11 1
66 1
57 1
53 50 100
101 276050
94 271574
50 44735
7 51046
145 186470
33 352194
94 219559
56 376812
174 333891
150 2799
12 29154
134 106110
64 6064
45 330027
73 83511
7 19715
83 199409
20 17450
88 36150
93 102987
64 99328
55 79937
136 108984
142 184097
14 405671
65 67387
2 364721
124 140535
173 363597
77 280503
79 258991
95 134061
21 629406
2 210125
30 24639
118 228696
23 574456
101 13123
30 102952
111 310168
23 51459
74 813897
85 194525
151 73614
10 736222
3 54557
74 30540
151 634629
63 126639
2 22150
131 12058
7 197998
33 437618
57 164311
46 529067
191 387343
8 633030
7 563019
59 589238
107 21494
22 495236
68 144129
79 367861
51 211900
146 20384
104 202137
69 78854
91 287678
13 128547
151 218149
65 36927
46 303247
39 178577
22 19744
146 764842
54 39461
120 683586
19 179013
5 588073
86 110926
122 61916
15 46735
147 10657
91 59086
16 17633
82 28483
119 39841
10 453821
134 496488
154 348930
77 216855
20 34273
128 345481
99 108411
129 250667
63 38305
48 27513
99 27823
22 74513
35 182699
20 41 2
21 0
41 1
21 31 100
22 2
23 1
23 1
24 2
23 1
22 1
22 1
25 2
25 1
22 1
23 1
27 2
22 2
23 1
26 1
22 1
23 1
26 1
22 2
24 1
22 1
24 1
22 1
24 1
24 1
23 1
28 1
22 1
22 1
26 1
22 1
28 1
25 1
27 1
25 1
25 1
26 1
22 1
22 1
23 1
23 2
23 1
23 2
26 2
27 1
28 2
25 1
22 1
22 1
24 1
24 1
24 1
27 1
28 1
25 1
28 1
22 2
23 1
23 1
22 1
23 2
23 1
22 1
29 1
23 1
24 1
26 1
22 1
26 2
26 2
24 1
23 1
25 1
22 2
26 2
25 2
24 1
23 2
23 1
28 2
29 1
22 1
27 1
22 1
22 2
24 1
22 1
24 1
23 2
31 1
25 2
22 1
25 2
28 2
24 1
22 1
22 1
24 1
30 1
22 1
20 50 2
100 1
50 1
67 109 12
15 1
10 0
63 0
3 0
13 0
22 0
23 0
108 1
53 0
68 0
73 0
13 0
90 63 100
100 150766
12 128868
145 589102
2 110792
77 31642
77 318199
108 150731
77 793864
186 465712
10 30832
70 168864
100 49303
73 487180
124 423864
133 485665
49 230238
79 560831
98 76286
65 504488
87 17910
110 42528
104 49347
79 7859
112 305287
76 49193
108 713607
76 116025
149 331030
32 154146
183 767515
8 368539
94 52435
121 401432
84 247426
72 56896
98 611511
121 172377
112 671329
79 103628
119 289691
168 672099
104 179309
162 73076
107 472322
27 56885
2 388842
74 954383
91 12203
104 275628
90 542676
70 405189
80 730084
157 425397
188 485841
49 277139
121 109205
106 72050
104 64125
31 450304
70 7038
102 615891
72 384525
74 25600
79 731116
141 95182
45 278350
66 135799
111 21261
95 436054
78 123293
158 265819
63 368030
78 122387
90 44838
71 683037
64 158179
119 776275
111 505185
134 673550
8 713219
89 187547
147 50335
76 120128
30 3322
82 83685
126 10585
122 456360
87 375789
178 8579
5 421867
64 3536
97 97399
113 175777
120 30938
114 450733
103 206201
72 38140
113 332183
102 512450
88 22187
21 175 7
30 1
46 1
94 0
116 0
149 1
136 0
156 0
26 20 100
191 53572
193 509837
195 103746
193 285204
194 42756
191 247368
198 265195
195 488558
191 20516
192 19902
195 139757
193 497940
192 273348
193 329993
194 216184
195 93168
193 408654
190 368717
193 60452
194 51396
191 354153
193 334313
190 708609
191 615652
194 431003
191 777878
192 82926
192 80690
196 399017
193 121076
190 212156
191 183885
190 135430
190 33066
200 109771
191 165282
191 471745
192 286951
190 136227
190 499541
191 59452
190 48828
194 429904
190 237574
191 694969
190 111292
191 946043
191 738306
190 58578
191 303237
197 886002
190 725071
194 873233
195 197324
190 659568
190 95585
195 324576
192 250052
191 758918
193 249913
192 190152
190 449779
192 283807
191 1369
190 508977
192 269606
190 662557
190 212514
197 275978
192 20678
190 42663
198 13252
194 185537
191 427028
195 261939
190 23263
192 57142
193 155393
191 545557
190 282501
192 752199
193 75511
192 118460
196 212468
191 217812
196 316520
198 435719
194 44407
193 187549
191 14981
197 6782
194 13402
195 278493
190 262536
190 627145
190 398168
196 18298
194 153583
191 115510
196 52603
32 170 5
95 0
76 0
112 1
136 0
167 0
25 21 100
190 86196
190 329490
190 342458
196 495964
193 615605
192 721176
191 355855
190 65504
191 11368
192 446366
196 642740
199 224622
191 187460
190 238412
190 24583
195 142882
190 125386
194 417562
198 385070
190 78720
192 558209
190 301634
190 43211
196 152853
191 34876
196 411890
190 493198
193 517789
193 68279
192 303663
193 280051
194 14654
190 159488
193 278010
192 91095
192 442232
191 112191
194 54673
196 184618
190 30456
190 438829
198 12546
191 212108
190 280095
194 64400
190 226741
199 249534
196 241634
198 275460
190 90893
195 48399
190 39383
194 180598
190 437779
193 275401
192 596781
192 69480
191 50560
192 389114
190 119614
191 208215
191 129018
192 341611
192 389696
192 273765
195 56370
190 861694
190 570445
192 97641
192 162650
190 224047
197 67270
193 564
190 544501
194 222574
192 578407
197 267856
194 552966
191 258611
190 578880
194 28055
196 14917
195 308211
195 479890
190 38758
192 247415
196 806153
196 51076
193 475845
193 690936
191 604205
193 67464
191 1399
198 206097
190 193869
193 409255
192 629143
192 456769
192 218688
190 49110
23 21 100
192 178241
195 43168
194 2797
190 231088
190 6626
193 46178
192 209324
194 103399
194 75803
192 553693
193 449012
191 138678
190 169739
195 289205
191 76309
190 198422
191 150527
195 17533
190 592
193 823283
190 523390
196 1670
193 539725
190 7794
190 112319
195 91811
195 15484
192 460062
192 78808
190 240640
193 339549
193 467017
190 296656
199 571095
200 793024
196 438173
192 751971
192 862835
191 3499
191 34723
193 10032
192 182489
190 404321
195 29340
190 310550
192 12224
192 420804
193 12203
190 258224
199 103487
190 214534
193 484837
193 421013
190 510560
194 6166
191 1289
196 5165
194 439913
194 101650
190 950956
195 137771
192 63218
190 439512
196 541931
193 74649
192 110172
190 752893
194 654057
191 677966
190 6250
193 6959
200 476117
191 269130
194 522681
193 271536
198 203499
191 40855
194 69474
192 295284
195 803482
193 57165
196 84989
196 879990
192 527622
193 249949
190 87412
190 211027
198 5825
196 210237
194 7983
193 245816
196 203773
190 154514
191 483525
191 253339
192 121608
194 354348
192 263635
196 29923
194 50269
43 72 100
43 75414
166 488293
34 457841
93 553277
79 422680
97 301369
99 224585
74 14530
100 153680
106 76209
158 292113
186 305748
16 870375
20 530508
80 386970
109 406873
154 432101
3 459651
74 18393
102 507224
83 31275
113 27149
84 201240
88 90392
184 367083
22 593032
90 240209
77 400663
79 43482
96 178016
149 50268
3 46381
102 1425
169 232947
140 154620
110 3377
113 247747
90 138957
81 168502
82 494141
158 53552
110 633374
36 525817
113 171430
157 341971
118 153051
113 54390
145 317446
168 233411
72 98223
29 39826
184 113655
189 29486
42 15985
89 482029
103 737989
163 228639
81 353159
1 227225
79 526391
87 51252
76 263014
85 224621
186 540800
15 19571
105 486586
88 561433
77 330038
111 169089
78 81455
98 217304
82 278946
86 11503
112 210536
153 813724
40 322338
156 51491
36 169299
82 960104
76 141416
148 155705
81 75948
90 137624
93 621839
14 158078
90 11540
74 78062
104 108453
105 103695
88 132086
74 113702
79 98315
148 175119
82 706344
7 355571
94 164105
101 480251
103 556071
146 99682
9 70988
23 20 100
195 791755
191 493329
193 547937
195 680361
193 264348
190 319957
190 4538
193 36747
191 665257
192 789067
198 263378
197 442259
192 673213
194 1679
193 787550
191 352001
192 301644
190 13909
192 689882
190 382657
193 405066
191 156396
190 303391
190 500067
197 19345
191 635412
190 22056
191 325953
191 14629
190 218578
190 375151
194 65634
193 528394
194 188546
200 3681
194 62831
195 215840
192 346377
194 181428
190 283319
194 293380
195 554835
193 681345
190 76772
191 349604
190 498410
191 69204
192 181137
190 41916
194 175657
191 95353
195 100392
192 639826
192 498897
195 17070
197 175145
190 749772
191 3396
197 84919
194 566760
193 770556
199 119548
191 21430
199 224100
196 107941
198 539382
191 97493
193 145495
196 381081
190 148220
192 341246
191 545000
192 544370
190 60538
194 74923
190 225549
190 151954
199 259078
191 85686
190 210551
193 415099
190 211736
191 593792
192 843707
190 243896
192 8011
190 433858
190 31062
191 73741
191 439322
195 32372
192 373816
190 564914
190 464067
197 118231
195 447844
193 127473
191 166543
191 43015
195 391066
22 22 100
190 683170
190 209427
192 84807
195 106590
194 6809
191 185929
192 89902
192 25245
195 50116
194 187789
192 42567
194 45546
190 386579
196 62345
192 135490
190 401625
192 14068
192 390718
194 26071
191 46314
193 766902
195 168905
194 107069
194 794350
191 380598
192 487685
197 59763
191 229488
197 324693
190 107348
191 688287
190 404574
200 89194
193 29297
192 275244
190 269638
191 84799
195 59596
192 161415
190 119927
196 199815
191 127142
193 126739
193 11901
190 39162
197 76636
192 451886
199 93218
193 435865
191 173864
195 112759
192 69468
192 28929
190 24653
191 191817
193 49696
190 162089
190 593527
192 11976
195 174532
192 250197
190 379616
192 32302
192 150074
195 3760
192 19870
192 169208
194 13356
190 7624
193 172317
191 567934
191 703029
194 341476
195 143144
195 28461
196 99811
193 84024
193 649886
190 15742
199 64640
191 146737
190 401107
190 301064
192 336831
190 288959
194 406739
194 463086
191 3036
193 319009
193 6935
192 575096
190 447770
196 564653
190 64272
190 72327
195 81825
192 342328
191 626602
190 220044
190 299776
45 38 51
129 1
80 1
11 0
5 2
128 0
38 0
5 0
162 1
122 1
4 0
12 0
129 1
10 0
5 0
94 0
55 1
94 0
22 2
97 0
35 0
25 2
17 0
1 0
45 1
50 2
106 1
47 0
76 0
19 0
1 0
141 2
67 0
42 0
13 1
55 0
46 0
59 0
139 0
10 2
9 1
52 0
5 0
111 1
24 1
40 0
170 2
139 0
2 0
67 0
68 1
54 0
24 21 100
190 334063
192 251442
192 369835
191 721737
191 225040
191 447799
197 664880
191 26401
194 256019
191 50949
193 229037
190 121182
190 269816
191 146329
194 245337
190 364595
191 542906
190 205916
192 219851
190 92808
190 550617
191 38528
191 204731
194 62122
200 16410
193 15960
190 110057
192 441465
190 192702
192 25075
191 72249
192 761953
190 452953
192 860467
196 741694
190 21844
190 163634
195 34949
191 112776
194 594847
197 172006
196 745940
195 304932
194 280865
190 83603
190 232425
190 7201
192 416058
193 257305
190 449192
194 2018
192 419229
193 10508
191 86942
195 123399
191 516899
196 208625
191 18290
190 484084
191 297733
196 60579
194 704828
194 537932
190 8749
193 194258
192 144302
193 158368
192 134360
190 459940
193 212032
195 491055
191 88157
195 564408
190 116312
190 797691
190 398840
198 52384
193 18563
191 25042
190 519434
190 67906
193 166855
190 55414
195 24382
190 261673
191 230106
191 746864
197 24958
193 3233
193 238547
193 87189
191 43172
190 223899
190 80486
191 102637
191 73396
190 769297
195 755909
191 47353
195 78318
26 21 100
197 607728
192 24710
193 386234
191 6446
194 64432
192 32325
191 215392
190 46587
193 117046
194 21089
191 155050
193 6461
195 63007
191 319697
190 206587
191 11394
197 700906
190 113600
192 301793
196 432062
190 19225
190 196678
190 588404
196 191483
191 60096
194 60559
190 425483
192 215528
197 280678
190 271306
197 68063
193 240771
190 230042
195 397468
191 524883
192 620397
191 225988
193 445320
195 243700
190 138023
191 109163
190 176915
190 83712
190 418975
190 121024
196 13927
193 108206
190 305170
193 155285
197 728157
191 488121
192 467124
191 151601
190 47930
190 51950
190 6000
194 82429
190 398418
195 210584
195 45629
194 90000
192 462197
192 63585
196 732815
190 456927
193 295706
191 363563
191 63976
190 908996
190 37553
191 377009
191 525306
194 263443
190 264202
197 260742
190 322073
191 42503
190 123660
196 528938
191 29375
193 667441
191 15098
195 626548
197 2337
193 197133
194 11025
193 570868
191 77460
193 202502
196 475336
195 447300
190 104701
190 10193
191 53905
193 257724
192 71525
197 18672
195 106300
190 333350
192 307378
97 64 100
15 1
69 1
115 1
157 1
23 1
127 1
87 1
162 1
72 1
3 1
118 1
91 1
141 1
8 1
103 1
85 1
95 1
98 1
92 1
91 1
127 1
138 1
130 1
111 1
12 1
64 1
89 1
120 1
117 1
75 1
98 1
67 1
139 1
108 1
38 1
162 1
86 1
22 1
74 1
65 1
82 1
94 1
67 1
104 1
193 1
43 1
35 1
112 1
134 1
65 1
43 1
80 1
106 1
120 1
144 1
56 1
97 1
74 1
115 1
88 1
68 1
92 1
133 1
14 1
80 1
132 1
70 1
38 1
154 1
132 1
106 1
129 1
17 1
79 1
99 1
145 1
11 1
109 1
30 1
35 1
130 1
66 1
18 1
101 1
110 1
158 1
55 1
102 1
151 1
80 1
77 1
25 1
48 1
70 1
160 1
27 1
135 1
10 1
81 1
70 1
20 28 100
7 0
29 1
129 1
154 0
6 0
6 1
72 1
30 0
48 0
55 0
62 1
7 1
33 0
24 0
2 2
81 1
20 0
60 1
15 2
143 0
133 0
14 0
54 1
30 0
40 0
15 0
107 1
86 1
50 0
20 0
14 0
39 2
24 1
57 0
4 0
68 0
31 1
126 0
80 1
46 0
61 0
116 2
51 0
5 2
109 0
120 0
24 1
19 0
38 0
58 0
84 0
93 0
18 0
13 1
116 0
27 0
23 2
55 1
13 2
21 0
53 0
56 0
4 0
86 0
73 0
55 0
5 1
166 1
20 1
130 1
40 2
22 2
4 1
34 2
4 2
166 0
4 0
12 2
41 1
2 1
63 0
68 0
15 0
52 0
26 1
144 0
13 0
78 0
3 1
111 1
2 1
30 1
9 2
69 0
56 1
46 0
92 0
37 0
27 0
27 0
24 22 100
192 634725
191 362790
190 142770
190 599125
196 171882
190 58893
190 10341
190 135875
192 103728
191 123388
192 147767
196 543670
192 68989
190 60869
193 599442
198 512478
192 71560
190 547112
194 838377
192 141287
191 569227
190 106244
191 111533
196 7453
195 358558
191 6227
191 200487
194 546204
197 222832
192 177006
191 488641
193 113548
193 796235
200 9757
195 87490
190 693223
191 117093
193 75461
193 182342
190 160555
190 472984
190 87315
190 305096
196 82603
190 571451
193 137331
196 232805
190 416564
190 316249
190 189824
190 135423
192 127724
200 27711
190 599388
198 94640
191 91914
191 328564
193 46554
194 639085
190 10205
195 128965
190 22973
191 640844
190 133043
192 57603
194 78760
196 336866
190 417143
192 217594
198 194702
193 366914
191 303545
197 35339
191 512099
190 76815
199 622539
192 876083
193 65744
195 10821
198 41795
195 55973
191 796904
199 131511
192 190187
193 862457
193 51408
195 558819
191 400995
190 237557
196 208545
196 509771
191 651848
190 81487
191 121011
193 24763
193 341653
191 65115
190 582422
191 153867
194 90340
115 129 1
125 1
20 50 2
10 2
80 1
57 94 1
80 245164
86 51 64
42 1
67 1
68 1
61 1
88 1
63 1
57 1
97 1
103 1
9 1
87 1
121 1
1 1
83 1
54 1
65 1
68 1
77 1
121 1
12 1
78 1
86 1
60 1
65 1
78 1
75 1
173 1
112 1
91 1
1 1
41 1
51 1
159 1
36 1
37 1
86 1
138 1
19 1
56 1
73 1
19 1
84 1
94 1
79 1
76 1
163 1
95 1
6 1
1 1
59 1
104 1
104 1
7 1
93 1
14 1
58 1
58 1
81 1
91 1
151 1
34 1
66 1
80 1
55 1
38 193 5
89 121101
78 240357
124 233443
164 406
192 540351
39 55 87
15 97495
140 47336
7 211890
166 179668
172 387768
15 280876
139 540882
1 230119
33 730235
30 1020
29 570774
84 114462
76 148787
148 3393
2 65259
174 157475
46 340994
114 316287
105 517779
89 101271
60 23479
129 129189
6 300778
66 9909
65 34270
130 330091
62 122491
129 3136
18 250722
1 55630
72 327010
83 159537
63 661125
86 110010
181 134121
19 288219
75 89597
99 86916
94 143859
65 184594
89 87282
64 69544
150 25660
120 115212
12 126991
134 6923
11 195959
76 378342
80 281001
148 438593
111 292028
126 30936
11 90756
109 7884
92 676628
18 744444
171 289240
40 391248
92 133659
57 330019
155 147475
69 565002
187 390615
148 13885
46 139374
134 21918
43 590637
122 218350
59 8029
83 627700
87 601156
12 52897
60 136453
85 298592
167 32072
132 224790
44 358614
23 131196
89 246005
59 15744
56 124429
86 328764
63 113062
73 12474
126 177795
5 386563
64 476381
21 61 100
192 48542
1 462181
90 218169
46 163726
89 216039
124 564309
15 41114
78 46186
9 270140
7 526280
24 98344
21 390886
136 130254
49 217864
73 12902
9 411680
28 20480
30 370715
83 80612
84 65684
101 215952
38 298858
11 37153
127 44763
103 8159
107 237898
25 63874
77 304277
28 137151
10 579269
53 699845
140 49036
69 282482
16 15622
17 112417
46 108994
33 7951
16 104779
40 347830
27 293897
67 7134
44 193481
21 76847
42 297505
68 469775
73 78172
70 349616
35 316871
1 599053
7 696827
46 42098
148 874138
51 12078
32 25588
102 338009
30 422475
15 436332
4 198258
72 7682
155 69942
6 29710
102 451696
42 57173
114 127469
7 57855
57 184740
92 112153
50 539368
104 197945
156 217025
76 137896
37 11964
23 270275
3 18695
11 62010
6 272401
7 324845
30 41991
92 63651
41 397686
25 240242
79 645454
19 82168
117 107086
55 412048
7 251475
24 619222
138 152724
84 245312
148 814952
14 670113
69 93069
154 5926
11 738532
98 104642
10 583966
129 199745
22 25403
189 144265
53 205056
56 94 100
83 0
52 0
30 2
80 0
60 0
12 0
34 0
124 0
7 0
50 2
55 2
19 1
109 1
186 1
5 0
12 1
46 0
132 0
11 1
35 0
111 2
5 2
10 0
28 0
130 0
99 0
115 0
12 0
6 0
95 0
150 1
31 0
86 1
14 0
31 0
76 0
25 1
83 0
115 1
20 0
4 0
31 0
30 0
1 0
46 0
107 1
17 2
106 2
5 1
70 0
10 1
51 0
1 0
3 0
74 0
15 1
92 2
3 1
32 0
74 0
26 1
8 0
39 0
120 0
58 0
9 0
80 1
68 2
48 0
76 1
31 0
141 0
1 1
2 0
18 0
17 0
18 0
120 0
66 0
11 1
8 1
65 2
144 1
91 1
115 2
76 2
2 0
31 1
41 0
76 0
28 2
49 0
34 2
29 2
12 0
53 2
135 2
51 0
8 0
104 0
32 99 1
68 28528
54 113 52
16 231204
141 45948
145 35614
124 204622
117 489868
119 599157
159 614341
122 240676
161 69333
127 36426
148 476154
150 281081
133 403319
154 476651
123 1500
143 225889
124 361853
115 54025
161 207101
133 177334
153 410470
132 312368
119 826082
122 9388
161 73767
133 5326
5 35695
116 140814
121 370750
115 75356
158 142339
161 119228
124 62746
136 613232
119 88072
139 91511
128 588985
117 40615
115 303814
127 685226
151 102489
124 177027
127 61760
125 110376
116 58543
164 538
142 592475
119 10643
114 283418
151 227151
115 291445
143 288463
138 98 63
116 597202
19 24184
140 198794
149 169732
172 567529
150 518594
110 122330
106 10876
109 50513
143 222085
99 428876
119 31346
170 65784
125 105098
100 424108
102 235629
129 393590
113 350697
144 16637
105 434921
154 314066
149 123126
104 518148
118 66337
146 825320
142 304361
164 307822
168 357599
105 35857
100 134
121 138611
109 54786
104 66803
50 342585
144 326251
129 291662
135 553115
170 157967
154 104312
107 346848
103 828747
169 279302
128 4423
107 221967
131 14622
156 175429
128 297150
152 428366
114 655325
171 483305
167 330455
112 152151
112 71195
124 420726
130 589810
116 183946
129 11976
119 535333
99 586524
102 440562
110 523608
136 531
104 472956
45 74 100
112 1
119 1
153 1
69 1
153 1
6 1
105 1
93 1
118 1
167 1
12 1
104 1
180 1
15 1
110 1
82 1
98 1
174 1
2 1
88 1
79 1
77 1
94 1
88 1
159 1
27 1
101 1
114 1
77 1
110 1
160 1
13 1
116 1
79 1
98 1
75 1
106 1
92 1
82 1
77 1
108 1
87 1
164 1
16 1
105 1
95 1
164 1
2 1
75 1
100 1
82 1
111 1
105 1
88 1
88 1
102 1
105 1
78 1
117 1
75 1
104 1
81 1
99 1
78 1
188 1
140 1
82 1
154 1
8 1
156 1
15 1
86 1
85 1
87 1
157 1
1 1
87 1
88 1
100 1
91 1
152 1
93 1
89 1
45 1
110 1
93 1
119 1
75 1
85 1
91 1
108 1
112 1
176 1
7 1
114 1
108 1
91 1
77 1
99 1
113 1
57 34 100
128 1
3 0
1 1
8 0
10 0
59 0
81 0
144 1
1 0
3 1
53 0
2 0
10 0
28 0
122 1
5 1
108 0
1 1
11 2
13 2
16 1
142 0
26 1
143 0
89 0
46 1
21 0
10 0
54 0
22 2
103 0
105 2
3 0
73 0
29 0
14 0
71 2
138 1
11 0
72 1
9 1
77 0
31 0
7 2
142 1
53 2
21 0
12 0
57 0
1 0
54 0
5 0
1 0
38 0
17 1
12 0
48 0
86 1
39 0
12 0
47 0
96 1
14 1
69 0
61 0
23 0
64 0
1 0
8 2
64 1
27 0
22 1
34 1
76 1
4 0
1 1
8 1
4 0
41 0
63 2
41 1
10 0
106 0
9 1
31 0
8 0
1 0
2 0
21 2
69 0
19 0
18 0
35 1
62 0
53 0
124 0
21 0
17 1
117 0
21 0
40 120 100
40 106264
129 355171
123 182129
126 590500
125 257325
135 533733
132 2140
155 501239
155 220213
122 1084
123 575788
124 217438
132 35092
137 552441
153 368173
139 82410
141 30031
128 114886
141 218654
122 277929
139 9044
143 207199
126 266887
159 249589
135 312088
121 58176
138 23578
145 105125
146 142927
133 637815
129 54754
125 93248
143 224356
125 604393
130 95179
150 33145
148 253163
144 335880
157 16034
148 644194
129 67519
138 39993
126 211162
153 154022
136 148379
134 67769
146 57909
135 340884
123 234230
143 58111
127 41286
122 660968
146 739579
131 75602
140 23189
124 126447
151 4064
127 762992
140 245169
130 654902
11 294962
147 3462
138 335813
128 10971
152 220192
140 133892
148 342435
123 108901
142 280
128 772240
131 36098
142 660446
149 361191
145 212742
132 743909
138 203515
122 42853
143 457495
150 152218
121 175064
141 506374
147 54811
159 679145
126 358805
126 27294
134 725579
135 146500
155 233854
143 182668
128 375421
143 139025
150 1539
159 43673
144 31551
148 168899
137 112835
126 341751
143 68190
125 2972
146 11038
37 21 100
4 282890
31 383154
64 624922
79 141632
7 125670
2 398148
144 112224
8 562411
70 239174
31 253857
75 236579
13 523461
33 146310
141 397116
1 110680
37 265059
182 393769
104 510694
98 238691
147 58918
141 304515
120 325062
43 421613
50 71048
51 14624
127 528502
73 21373
35 158995
108 92329
57 35559
154 116224
95 42646
17 9674
3 78048
62 216561
95 229952
3 768932
1 175780
36 330450
23 431342
98 63191
84 285811
49 35489
83 455929
3 94999
26 178697
2 101187
97 21665
70 536366
12 206480
109 272870
103 238210
17 636846
84 784060
96 26982
54 2318
44 649472
8 495606
31 974
19 181362
39 205563
121 88283
38 53031
116 510613
42 221405
146 64794
7 82700
9 40464
19 27772
29 207617
95 124184
64 211392
61 258
41 232758
6 745654
55 890
59 15518
108 927364
6 221192
51 354071
27 119105
102 442671
32 225388
36 616528
78 151608
31 797412
25 1217
131 266516
16 255331
6 490879
48 141479
38 286738
60 62651
3 343938
6 214552
100 11318
159 196887
7 206429
31 7268
25 285074
25 20 100
190 69036
191 82889
191 379404
190 77827
190 15143
190 438803
191 782562
190 219092
190 14745
190 505662
192 844634
190 17016
190 602723
190 32704
190 26154
193 615960
191 845095
191 127865
192 700906
191 118567
195 212810
190 655346
190 920647
196 514624
190 606812
194 339375
192 169666
190 12050
196 77925
197 382946
197 2387
190 356702
193 152659
193 192154
190 75746
191 99581
192 30699
193 245042
190 477059
190 293752
194 148825
190 28714
190 107917
191 60305
196 137814
190 3846
190 273476
190 27716
190 211555
190 37796
190 30734
194 381636
190 387046
191 270138
193 275343
196 491380
196 250829
194 707313
200 337401
194 879299
194 267977
193 828661
190 272868
192 19506
193 261291
193 84
190 68536
198 95385
191 59300
193 108449
192 8211
190 410776
190 175531
190 15307
191 63015
190 547717
190 337133
190 570546
192 110778
190 329025
192 7013
198 7481
195 191158
190 51787
195 608846
195 1022
193 142190
194 263169
192 100827
191 640072
190 13650
196 89536
191 523195
190 284643
190 423626
190 11696
192 236544
194 257990
193 323490
194 604810
37 82 74
149 88807
109 90770
183 13228
13 527911
105 57391
83 8820
100 566791
87 717962
108 13055
83 709720
187 10568
27 583988
119 645307
92 837057
105 132236
187 28768
116 72847
136 30866
90 30539
103 308716
96 656295
167 177337
4 84726
101 315966
89 113147
97 212385
179 64454
7 224039
103 52275
93 177319
117 186067
109 178879
116 108765
93 297549
110 46464
103 128208
90 182923
22 6638
97 671029
89 32490
84 440716
112 622854
93 150118
87 179931
108 158844
116 319827
97 648901
97 543809
104 633165
89 265700
89 271447
101 405823
184 102555
28 506605
99 207806
90 126536
166 1041
11 901013
113 686046
165 327598
100 79357
14 925936
106 134446
116 51362
103 142585
99 261609
113 83732
84 657779
98 324049
108 97695
88 515327
84 126162
166 243870
37 318812
21 22 100
194 201623
193 54573
192 471698
191 148758
191 196900
194 379785
191 280500
190 571497
191 598424
190 25234
190 203361
194 274162
193 90258
194 145683
191 407240
196 18841
190 230843
190 185285
190 101033
193 301539
195 82788
193 205177
193 388897
192 5820
192 219695
192 470942
190 267713
192 154398
193 189815
191 252437
193 232224
191 193529
192 244046
193 804257
196 71439
191 191082
191 903438
193 409228
193 34652
191 105660
192 70227
195 664334
190 618182
190 518379
195 596842
190 772414
194 11857
195 496282
191 483249
194 174045
190 421941
191 91801
190 252147
192 20361
200 406003
196 306086
191 101944
191 233143
197 16623
195 343440
190 21761
194 134274
194 2119
191 118016
195 76075
193 310846
198 90245
193 195259
192 32150
191 613732
194 764511
192 117526
193 123281
194 17887
190 553277
193 253593
191 576919
190 121613
199 177211
190 330389
194 200862
193 138494
194 171659
190 13118
191 132293
191 730068
192 238150
191 422175
191 130621
192 588624
193 59517
192 538701
192 91411
195 616684
194 16610
190 175896
190 366634
200 386982
191 4694
199 32562
32 46 56
81 120050
100 28232
16 328378
181 393343
1 535945
99 13065
84 594179
108 158646
84 400848
47 13140
97 106765
5 772
74 416312
68 48201
119 461521
27 193601
104 34532
2 175177
102 166506
5 35766
122 130347
65 10638
98 214880
82 22235
141 165198
2 524248
3 414210
79 600019
33 508803
61 498635
126 305816
54 611694
140 249549
11 125431
65 146770
26 314349
78 58099
94 189054
91 351504
101 172025
1 186170
112 2146
56 520391
11 80005
95 90791
59 336028
31 664125
156 173355
83 263702
18 11405
74 66107
63 174167
59 171966
96 548387
11 72109
49 360590
28 88 2
34 206329
66 143766
20 50 1
200 104270
103 53 70
103 41428
82 230668
9 488883
72 327561
22 48314
2 23364
32 571296
22 56831
2 288177
40 73737
22 220219
106 65861
128 94022
1 710394
20 150798
9 695774
91 171833
30 59964
26 88807
11 363290
3 150506
88 381617
58 336047
95 118372
5 268931
10 86237
120 1146
153 163122
19 78304
52 356302
83 252645
3 380798
11 6266
50 20470
3 187076
6 13175
121 299088
99 556025
65 341916
147 19647
3 95254
114 109092
23 877100
14 141452
157 206285
44 44139
2 326175
4 5673
2 84110
45 732786
59 979
5 333545
49 196641
1 52375
76 400383
31 7274
33 10674
35 216171
15 139755
8 45203
56 362406
5 250474
40 352000
8 207776
108 387834
141 717961
14 26953
52 17715
71 862588
11 193368
37 78 62
101 921081
3 173726
79 57130
82 25569
166 409937
1 105911
86 591240
104 14926
112 9435
94 140400
167 175162
2 24414
92 181501
104 72188
182 23105
37 693409
114 4605
83 488356
92 169661
104 344515
95 240765
91 31843
103 422682
83 6975
110 276184
91 97216
80 42133
114 564521
164 32590
147 100770
176 419882
108 5259
166 3333
33 6065
18 34223
96 63718
6 92995
112 31340
82 274293
88 293366
80 209841
82 388851
107 54971
94 456200
80 43359
79 16780
107 295391
100 324275
171 120112
3 197139
98 149801
106 102497
106 560752
161 102349
14 273437
89 329450
167 100429
29 46484
93 542721
163 24649
33 545245
109 45325
178 180 1
180 28996
20 147 100
33 0
154 0
79 1
43 0
72 0
1 1
50 0
37 0
5 1
1 0
99 1
11 0
97 1
1 0
75 0
71 0
36 1
130 0
108 0
48 0
180 0
4 0
22 0
8 0
46 0
36 0
57 0
56 0
72 0
124 0
107 0
20 1
114 0
123 0
29 0
93 0
147 0
23 0
89 0
32 0
33 0
159 1
181 0
66 0
63 0
19 0
34 0
69 1
151 0
10 0
17 0
7 0
98 0
132 0
6 0
2 0
55 0
17 0
73 1
23 1
143 1
7 0
29 0
9 1
3 1
19 1
66 0
7 0
3 0
25 0
8 0
42 0
61 0
102 0
64 0
5 0
120 0
10 0
35 0
11 0
143 1
9 1
37 0
32 0
5 0
40 0
71 0
27 0
151 0
40 0
6 0
5 0
15 0
4 0
32 0
98 0
14 0
24 0
175 0
23 0
30 95 51
24 304578
103 27566
115 63950
122 551477
103 5428
111 335857
104 151265
125 8682
116 96485
110 418789
108 22143
108 874926
103 5319
120 749390
100 179454
97 63748
102 21892
96 162206
115 139473
96 63213
112 77940
122 251599
123 42674
97 125712
98 2998
120 139229
13 928105
118 618743
119 514707
102 457917
105 421800
101 599154
121 207314
119 9632
113 171042
103 46359
102 381547
105 63963
104 762676
98 284671
193 124991
2 80409
120 6005
112 51251
97 483962
121 497386
101 441509
121 41635
97 291208
101 307597
103 60524
27 51 51
4 1
145 0
154 1
83 1
5 2
145 0
103 0
26 1
153 0
106 0
111 0
20 0
25 0
140 1
112 2
2 0
151 0
135 1
54 0
59 0
54 1
68 0
55 1
131 0
128 0
23 0
147 0
58 1
54 0
75 1
110 1
77 0
8 1
72 0
75 0
61 1
142 0
131 2
57 0
58 2
52 0
75 0
113 1
74 0
80 1
119 0
61 0
141 1
174 1
11 0
9 1
20 20 100
191 55498
193 41548
190 562357
192 232986
191 18129
194 315619
190 91012
193 40130
192 37955
194 570906
191 112429
190 677995
196 59562
191 552438
198 34349
193 725954
190 9520
196 689017
190 4388
192 40450
190 642390
194 604033
190 187899
199 394850
190 361080
193 256463
190 209191
192 189271
191 104241
192 70382
196 701085
191 250732
190 78912
192 122571
190 56884
191 466441
192 372514
192 55452
195 181451
192 103446
194 299404
193 770128
193 705811
196 294980
191 246734
191 37578
192 11770
194 62891
197 453542
191 162998
193 366770
191 72852
190 900553
191 369928
190 563546
196 26805
190 156118
198 48952
193 69810
190 252425
192 392195
196 7202
190 611073
193 58591
191 84587
192 303926
193 125952
192 305392
193 38804
194 436585
194 1226
190 14257
196 283603
190 481280
190 49066
194 158171
195 93818
196 375030
190 17761
192 307595
195 457548
199 517903
190 48193
193 925441
198 11668
191 403411
190 14599
190 97837
193 349085
191 20393
196 65344
195 331672
195 31068
197 608110
191 658989
192 159052
191 576838
190 505945
192 794676
191 126410
43 57 54
172 214771
145 296742
112 542521
71 623976
65 355334
3 6339
40 621575
72 317715
135 325645
6 180186
10 417092
86 66342
85 540666
132 13670
139 282329
48 298446
131 110864
1 243951
158 332307
95 478731
85 813449
61 473094
63 504783
88 293955
63 37037
63 113164
95 58410
99 97855
2 188352
153 717369
96 81625
80 124820
8 415442
88 53863
90 398797
95 91757
119 20664
5 4630
97 78690
165 989
79 391345
58 219767
136 392853
13 191530
72 731443
63 127517
65 172902
67 317757
60 185090
160 356535
96 35930
60 124814
68 236931
70 309740
54 123 55
36 605475
125 208241
140 321709
125 128516
140 678568
138 199099
173 602943
129 57545
132 104817
147 241873
126 794091
141 21297
138 381712
125 123404
145 52333
146 244450
141 574886
125 216153
170 43393
125 8572
177 280148
173 28227
136 337862
143 338104
164 356498
136 14312
166 665470
162 460690
161 441997
7 290610
145 339334
128 108928
171 261686
135 3677
170 32070
137 402754
132 79470
150 833548
165 954100
159 428
163 496125
124 3298
163 179729
139 159133
144 609571
168 73518
132 551938
153 65249
158 146345
165 132798
127 135910
156 252842
142 3565
124 4440
136 100940
25 22 100
192 357075
194 270514
191 433277
191 419733
192 19118
197 822611
194 215538
191 45422
193 190547
190 15009
192 72528
192 384490
192 42244
190 73
191 228874
192 265664
192 16275
194 346050
193 77581
197 298980
198 156559
200 183721
192 10142
193 100225
192 182687
192 1775
193 95294
192 251870
192 619554
191 106832
190 296728
197 472434
193 178437
191 6034
190 94700
190 23952
190 504833
191 668691
193 387025
196 14263
191 144953
190 111120
191 517744
195 222188
194 440651
190 49388
191 62835
194 175536
192 14256
192 43710
193 165649
192 461663
195 34718
194 35710
192 116110
191 519504
194 323871
190 728155
190 680728
191 61315
190 65354
190 345077
193 138569
193 665775
195 8840
190 766625
191 378430
193 115224
192 655851
191 838831
194 198052
193 249188
191 269927
194 129240
190 296837
190 222303
193 2771
192 764830
191 44433
190 13804
192 48569
193 301176
196 8060
191 363119
190 25654
190 40151
191 66252
191 488955
195 665235
192 311830
195 86323
191 6462
191 36342
190 415773
191 400823
190 282413
194 415307
190 715658
193 19961
192 75712
22 20 100
191 288117
191 6034
191 245938
195 56711
190 85366
193 187077
195 283055
192 164404
193 75622
199 21160
190 548508
190 13493
192 190093
194 220748
192 159862
190 590643
190 630295
194 36723
191 319011
196 251896
194 491697
190 13071
193 145197
191 48202
190 165347
190 179383
190 259149
190 188395
195 343047
193 204655
192 828290
194 348684
192 658001
197 358363
194 554584
192 357126
197 636475
191 78814
192 140762
190 385122
191 791101
190 16355
194 538168
191 508259
190 115061
196 264193
199 367406
190 226533
193 888128
190 48286
194 186714
190 281090
197 436020
191 252223
193 24888
191 14636
193 522233
196 400077
190 238652
191 514347
190 86053
190 527297
190 11706
191 58508
191 474226
191 88866
193 22764
192 556408
195 127807
192 325156
195 565775
191 406604
193 56649
190 40124
195 8953
191 585984
194 75385
193 19200
193 283839
196 144722
191 322580
190 93159
200 865767
190 140135
196 363922
190 439925
190 502205
190 19473
191 371416
196 66580
197 700706
190 202490
200 208515
191 156244
192 184190
190 21897
192 63590
192 90861
191 360984
196 232409
32 23 58
141 1
107 1
4 1
22 1
27 1
123 1
94 1
84 1
22 1
72 1
1 1
115 1
65 1
72 1
130 1
13 1
4 1
103 1
1 1
11 1
13 1
75 1
125 1
17 1
50 1
2 1
33 1
44 1
16 1
105 1
18 1
15 1
1 1
148 1
197 1
52 1
6 1
58 1
3 1
73 1
81 1
51 1
58 1
10 1
113 1
114 1
14 1
31 1
18 1
5 1
13 1
23 1
24 1
3 1
72 1
33 1
31 1
4 1
