100
22 20 4
191 438849
194 69510
191 7274
194 692463
22 61 4
24 1
24 1
23 1
27 1
65 41 3
68 0
48 0
69 1
31 88 2
51 0
63 0
21 28 3
36 1
22 1
122 1
33 49 3
1 1
19 1
53 1
39 35 4
64 1
14 0
149 0
48 2
95 57 4
45 1
104 1
21 1
109 1
24 20 4
192 24305
192 371185
191 94305
190 64973
39 53 2
169 17333
133 546197
80 155 4
51 682993
31 175007
56 28018
20 352587
22 28 4
7 0
102 1
1 1
51 0
103 117 1
106 1
24 22 4
193 12279
193 136953
190 111709
190 130982
88 59 3
2 459063
11 50477
73 643478
25 28 4
7 0
61 1
7 0
87 0
46 111 4
6 46870
130 99979
135 697867
156 353278
25 22 4
195 527420
190 48668
194 329406
197 408398
23 21 4
191 115652
195 812922
194 78
191 525771
68 115 4
129 1
1 1
47 1
135 1
27 77 3
176 1
69 1
99 1
22 22 4
190 147150
192 116100
193 362912
196 785679
25 21 4
198 308415
191 75180
192 172199
198 448431
23 161 2
47 2
51 2
34 88 4
14 0
97 1
95 0
121 2
117 26 4
8 1
61 1
56 1
38 1
91 62 4
35 189471
3 106825
1 112995
15 88608
39 144 3
119 354064
82 570681
120 565945
95 42 3
40 693110
49 213531
82 161544
21 21 4
193 174049
190 8952
192 454738
192 185258
53 71 1
63 372149
20 50 2
10 1
80 2
27 32 4
86 549499
12 124301
50 577719
47 885986
45 55 1
47 0
21 22 4
190 36356
194 123879
196 663521
192 355892
20 82 1
21 0
22 42 4
73 1
93 1
40 1
87 1
63 73 4
9 1
15 0
6 0
82 0
46 71 3
17 1
3 1
90 1
23 113 4
13 1
116 1
13 1
116 1
61 140 1
65 755074
20 21 4
190 372801
193 265096
191 60719
198 783156
26 20 4
192 726333
191 824309
190 112069
191 372630
47 40 4
73 1
69 1
48 1
62 1
20 52 1
58 238366
22 118 3
34 0
47 0
67 1
93 40 4
64 0
9 2
105 0
9 0
20 50 2
100 1
50 1
53 98 3
30 267113
5 213349
110 471993
44 30 4
20 0
160 2
71 2
17 1
40 69 1
42 85520
96 111 1
97 0
22 40 4
23 374588
29 53913
24 686879
24 214940
27 62 1
31 2
20 50 1
200 291772
26 50 3
1 1
102 2
196 0
23 20 4
190 1415
190 108355
198 58544
190 89524
28 33 1
29 0
33 90 4
12 1
200 1
69 1
123 1
56 123 4
74 33792
57 456546
104 309801
88 29782
24 21 4
193 20993
190 779754
194 334480
195 74125
25 20 4
191 298863
190 7054
191 609917
191 353069
111 133 1
126 16231
22 125 3
49 0
51 0
68 0
20 20 4
200 1000000
200 1000000
200 1000000
200 1000000
35 20 4
30 1
21 1
27 1
24 1
29 75 4
61 542531
14 12284
145 65293
37 125804
40 122 4
31 1
126 1
132 1
127 1
22 77 3
30 1
47 0
69 0
52 80 3
155 0
84 0
92 1
33 49 4
8 840186
65 175390
133 111330
43 684401
65 25 4
123 569534
71 59124
1 783986
162 136307
51 137 4
22 0
63 0
15 0
12 0
20 20 4
196 540270
191 12193
192 719280
193 162242
33 30 3
15 1
23 1
52 1
22 102 4
4 2
122 1
110 0
110 1
36 45 4
13 1
132 1
83 1
174 1
23 22 4
195 600934
190 512073
193 3720
194 73038
22 21 4
191 57498
194 420425
197 454656
196 149600
128 132 1
130 0
84 31 4
29 1
92 1
4 1
47 1
22 146 2
94 1
40 0
35 104 4
23 946883
107 393129
135 264287
14 358735
69 68 4
72 1
38 1
35 1
172 1
61 39 3
17 1
8 1
86 1
31 59 4
111 89010
80 755080
154 270947
59 573864
26 21 4
190 214943
191 359615
193 606646
190 477384
62 42 3
59 0
125 0
7 1
80 32 4
82 1
25 1
11 1
31 1
20 50 2
10 2
80 1
85 99 1
93 2
20 22 4
193 295469
198 10819
192 244888
190 182228
21 20 4
195 321562
192 413170
194 402079
199 117728
126 130 1
128 1
20 70 4
73 869405
85 536014
15 276428
164 397477
39 97 2
43 1
83 0
47 35 1
31 259126
51 91 4
30 230904
96 6746
116 293978
2 760725
87 46 4
171 2
62 2
143 0
40 1
45 83 3
5 306618
49 313587
113 82936
