50
3
1000
200
1000
2
3
8
8
0
8
0
0
0
0
10
2
5
4
5
6
7
8
10
150
200
0
5000
0
100
0
0
0
10000
10
3
8
5
8
7
8
9
10
80
6308
9310
6427
2987
1476
8409
8544
7061
4084
7788
5180
5834
9351
8082
2822
7890
8235
2887
7095
1716
8014
2829
4646
1655
5117
6334
4381
759
6856
6160
7552
4070
5207
7380
4124
2474
4229
3150
3704
3426
7623
4808
6805
8777
3642
6676
7608
2687
9779
9780
5469
1603
6783
6824
4020
6792
6774
6750
5136
5945
6222
2605
8832
1654
2710
6683
6126
5146
9888
2768
5348
3703
1495
9461
9526
3634
9293
6794
7971
5967
79
79
79
79
79
79
79
79
79
79
79
79
79
79
79
79
79
79
79
79
79
79
79
79
79
79
79
79
79
79
79
79
79
79
79
79
79
79
79
79
79
79
79
79
79
79
79
79
79
79
79
79
79
79
79
79
79
79
79
79
79
79
79
79
79
79
79
79
79
79
79
79
79
79
79
79
79
79
80
80
7053
8376
7820
8931
3352
8149
8043
6871
2124
812
2883
3008
8188
9448
2313
3388
3586
4128
2460
3373
4774
2781
1467
1795
342
8988
4453
475
1878
7473
2853
7433
6645
3036
9784
559
6158
8971
1699
4026
4579
15
324
4363
9246
9424
2729
3846
7400
9744
7003
5230
1491
5416
2783
4255
3910
7122
9980
5506
4514
8946
4457
6362
2653
7131
3053
3872
6450
9834
5242
8215
822
5156
6368
4387
9778
5313
1245
4267
79
79
79
79
79
79
79
79
79
79
79
79
79
79
79
79
79
79
79
79
79
79
79
79
79
79
79
79
79
79
79
79
79
79
79
79
79
79
79
79
79
79
79
79
79
79
79
79
79
79
79
79
79
79
79
79
79
79
79
79
79
79
79
79
79
79
79
79
79
79
79
79
79
79
79
79
79
79
80
80
9361
2539
9358
8292
9122
7452
8746
6644
9486
5520
109
2404
9443
9906
8072
6708
8009
4999
7386
2604
9526
8573
3610
1517
6240
7226
1934
9835
1838
4942
3434
4035
5128
231
5055
5659
1213
452
5851
7165
4315
6629
5477
7286
1839
3835
113
3407
4768
8312
2233
8313
6445
6299
5375
4879
9277
1843
7084
889
9376
2116
1993
9094
130
5677
1301
8185
1495
4451
1194
3073
7990
1851
3224
3838
6983
7857
356
9544
79
79
79
79
79
79
79
79
79
79
79
79
79
79
79
79
79
79
79
79
79
79
79
79
79
79
79
79
79
79
79
79
79
79
79
79
79
79
79
79
79
79
79
79
79
79
79
79
79
79
79
79
79
79
79
79
79
79
79
79
79
79
79
79
79
79
79
79
79
79
79
79
79
79
79
79
79
79
80
80
5753
2491
4847
5313
6073
1415
8677
757
4124
4049
6983
8028
1252
4219
8982
1649
2856
3025
6408
3413
9972
5142
6970
8395
160
1133
4087
8448
5903
819
1604
2980
8626
8632
7629
8293
6668
2920
3606
7649
5202
1650
7118
4038
9509
872
6021
628
3252
3919
4752
7807
8395
8030
8937
4577
4274
2837
9643
7209
5756
4777
6159
575
3560
1277
8084
58
5980
6111
8012
3303
9770
506
8902
8873
7451
8557
1799
6158
79
79
79
79
79
79
79
79
79
79
79
79
79
79
79
79
79
79
79
79
79
79
79
79
79
79
79
79
79
79
79
79
79
79
79
79
79
79
79
79
79
79
79
79
79
79
79
79
79
79
79
79
79
79
79
79
79
79
79
79
79
79
79
79
79
79
79
79
79
79
79
79
79
79
79
79
79
79
80
80
9597
6810
9869
4533
3037
1252
7186
4086
7195
884
3183
5105
1000
7165
5732
5984
6269
3945
5509
1296
5333
3134
9830
5513
1327
7525
6569
9737
183
9155
9859
9492
2357
955
5502
8295
1025
7432
9055
6301
7051
4901
4527
1385
7047
8384
2319
1343
8664
7026
7088
263
3234
863
9980
691
9764
760
4344
7239
9281
2752
1986
4971
4191
7512
44
5019
5084
1438
5965
1570
7299
7441
3180
5836
4706
1906
8800
8016
2
78
4
78
6
78
8
78
10
78
12
78
14
78
16
78
18
78
20
78
22
78
24
78
26
78
28
78
30
78
32
78
34
78
36
78
78
39
78
41
78
43
78
45
78
47
78
49
78
51
78
53
78
55
78
57
78
59
78
61
78
63
78
65
78
67
78
69
78
71
78
73
78
75
78
77
78
79
80
80
7501
3333
151
8571
8788
8134
8743
8561
3009
43
986
9135
7995
7597
2848
3755
2735
5669
3335
1252
8689
6976
4421
9061
2481
456
5922
9335
1580
5067
3374
1469
3098
4178
9520
2420
1823
5503
4211
6842
4572
371
5206
1786
5390
3889
6726
3259
394
9976
3799
639
1313
4712
3358
9829
653
8070
7193
6812
9616
3916
9798
9081
3650
1888
8326
6428
1706
4772
1779
8459
6606
1992
2707
4580
4540
2150
4772
3415
80
3
79
5
79
7
79
9
79
11
79
13
79
15
79
17
79
19
79
21
79
23
79
25
79
27
79
29
79
31
79
33
79
35
79
37
79
39
79
41
79
43
79
45
79
47
79
49
79
51
79
53
79
55
79
57
79
59
79
61
79
63
79
65
79
67
79
69
79
71
79
73
79
75
79
77
79
79
80
80
8416
7701
48
7239
5296
8874
396
1024
5658
7114
9267
3215
6441
6923
5998
7893
7642
5469
2784
4552
9084
861
1191
2167
3573
1954
8512
1622
8699
9973
3911
991
1108
2443
1908
4951
2870
766
3126
6944
2709
2148
8450
2706
4531
1448
43
4133
4887
5714
6694
7789
7684
3496
8361
9550
7064
5845
1326
2026
3048
9738
5586
4562
7203
540
5791
1709
3177
8892
5343
8522
4575
215
917
613
7589
15
5766
898
80
3
79
5
79
7
79
9
79
11
79
13
79
15
79
17
79
19
79
21
79
23
79
25
79
27
79
29
79
31
79
33
79
35
79
37
79
39
79
41
79
43
79
45
79
47
79
49
79
51
79
53
79
55
79
57
79
59
79
61
79
63
79
65
79
67
79
69
79
71
79
79
74
79
76
79
78
79
80
80
8248
5915
9560
6959
128
76
2147
4264
5298
7322
5604
8760
6316
8704
9931
7012
9665
3639
4669
2424
6543
4887
6789
6385
6690
6624
49
9723
5247
3105
1718
6143
7025
4871
5780
8008
2307
9837
23
25
8401
8689
5252
5993
5920
983
6453
8047
72
2546
4191
9906
5178
2758
2711
8530
3287
9090
5930
1136
9244
1509
8908
6773
6340
9037
3083
9035
8443
5837
470
2221
5223
2176
872
5784
8206
9159
989
4966
2
78
4
78
6
78
8
78
10
78
12
78
14
78
78
17
78
19
78
21
78
23
78
25
78
27
78
29
78
31
78
33
78
35
78
37
78
39
78
41
78
43
78
45
78
47
78
49
78
51
78
53
78
55
78
57
78
59
78
61
78
63
78
65
78
67
78
69
78
71
78
73
78
75
78
77
78
80
80
80
9520
3739
9915
5018
5958
8305
7601
4980
1336
4933
8645
3631
6877
8923
9282
4126
2275
9907
9732
6625
738
611
7534
6050
8446
130
5398
3568
3580
1900
2681
6513
8626
1492
9399
890
705
936
392
7803
2720
4538
3723
449
5046
3895
5240
153
1765
1929
4059
8770
4696
8871
9045
1311
1309
6795
7822
9403
6008
5855
7650
2340
5424
3032
5094
5183
2575
450
1308
1675
2957
1826
6615
6058
6139
6889
6122
3609
80
3
4
5
6
7
8
9
10
11
12
13
14
15
16
17
18
19
20
21
22
23
24
25
26
56
28
29
30
31
32
33
34
35
36
37
38
39
40
41
42
43
44
45
46
47
48
49
50
51
56
53
54
55
56
57
58
59
60
61
62
63
64
65
66
67
68
69
70
71
72
73
74
75
76
77
78
79
80
80
2127
7808
9019
9196
7656
6593
3003
5233
5097
3321
7862
6286
1188
3113
1350
1797
6347
2491
4255
1034
5275
2812
3062
1431
4103
746
5850
6946
3366
1428
2171
5320
4422
787
9252
3663
3993
9953
2628
935
3109
9508
1610
2763
6447
2219
5955
4064
4506
5448
4250
8247
7596
7334
8128
5705
1381
692
5119
394
5243
1051
591
3024
3752
3740
6552
9597
1579
3780
1517
4241
8526
4841
7074
86
7750
8123
7632
2546
2
3
4
5
6
7
8
9
10
11
12
13
14
15
16
17
18
19
20
21
22
23
24
25
55
27
28
29
55
31
32
33
34
35
36
37
38
39
40
41
42
43
44
45
46
47
48
49
50
51
52
53
54
55
56
57
58
80
60
61
62
63
64
65
66
67
68
69
70
71
72
73
74
75
76
77
78
79
80
80
3010
780
6793
6787
4791
73
8759
8345
1329
6051
4966
7155
1223
3480
6176
9668
5024
611
325
9435
8535
6202
9232
8823
6390
123
336
6097
5292
5930
853
6115
5026
3868
3588
5716
1823
5279
2565
6783
1131
11
3398
245
1692
5382
9162
3520
421
715
3961
5020
344
8080
6003
727
7884
9228
9034
9197
6903
520
3117
2142
3344
8138
583
3361
690
3568
7539
2283
7959
8393
5233
9311
9832
3285
265
2131
2
3
4
5
6
7
8
9
10
11
12
13
14
15
16
17
80
19
20
21
22
23
24
25
26
27
28
29
30
31
32
33
34
35
36
37
38
39
40
41
42
72
44
45
46
47
48
49
50
51
52
53
54
55
56
57
58
59
60
61
62
63
64
65
66
67
72
69
70
71
72
73
74
75
76
77
78
79
80
80
3359
301
6278
1150
694
5182
4756
9654
660
2633
2734
7272
900
1041
1171
9671
1939
9214
8509
1117
7411
88
1039
1475
6462
8537
9738
1566
7529
7178
469
9420
4754
833
4687
4704
5519
9093
2153
2499
8429
4611
5705
2280
4035
1612
6264
4844
7449
9201
5881
8737
4727
6312
8732
1738
7876
6752
8517
4409
6888
9269
4593
3039
8384
9758
7308
4872
9178
3906
3387
3103
4064
2240
4123
7816
1453
9893
776
2433
2
3
4
5
6
7
8
9
10
11
12
80
14
15
16
67
18
19
20
21
22
23
24
25
26
27
28
29
30
31
32
33
34
35
36
37
38
39
40
41
67
43
44
45
46
47
48
49
50
51
52
53
54
55
56
57
58
59
60
61
62
63
64
65
66
67
68
69
70
71
72
73
74
75
76
77
78
79
80
80
346
7182
2465
9731
1235
8781
8928
5356
1365
7252
5771
7074
3538
1755
4579
3839
7806
1610
8118
2565
4079
5328
5165
3278
6540
4552
6875
7897
27
1446
8961
9659
1925
5065
7414
5493
8833
451
8981
5575
3599
5437
4256
2112
7287
2559
8143
5534
4811
2870
5265
2149
2582
4302
5902
4749
6443
8283
1992
7193
5485
2744
8491
1761
5593
3189
9651
2417
5592
2444
2180
2230
9042
7295
6400
1755
4052
8803
9737
76
79
4
4
78
7
7
11
10
10
11
19
14
14
18
17
17
18
19
35
22
22
26
25
25
26
34
29
29
33
32
32
33
34
35
36
68
39
39
43
42
42
43
51
46
46
50
49
49
50
51
67
54
54
58
57
57
58
66
61
61
65
64
64
65
66
67
68
77
71
71
76
75
74
75
76
77
78
79
80
80
7966
9955
6654
7488
8635
3519
5216
148
2127
1118
5444
2921
3617
9886
5821
9430
7554
185
705
1570
4795
5106
3517
2155
4882
140
7602
7798
4386
2737
315
7519
2755
3562
408
519
4270
7779
7201
667
3793
4933
9103
2004
3268
9867
8788
9701
1942
1761
9734
2071
5226
1223
9830
7684
470
2279
7147
3937
8280
7102
1718
5045
2610
5103
8834
9090
7670
260
8894
8547
333
466
6014
5748
2984
3862
2515
4100
3
3
7
6
6
7
16
10
10
15
14
13
14
15
16
48
19
19
23
22
22
23
31
26
26
30
29
29
30
31
47
34
34
38
37
37
38
46
41
41
45
44
44
45
46
47
48
49
65
52
52
56
55
55
56
64
59
59
63
62
62
63
64
65
73
68
68
72
71
71
72
73
77
76
76
77
80
80
80
80
9699
5903
1492
787
4119
7971
4834
9182
3891
1359
5369
9319
2065
5124
1913
704
7794
4101
8216
5330
9861
1097
4205
1776
4127
4516
8054
6269
1175
968
396
7987
5573
8403
7594
8784
1716
4736
6419
3631
2360
4348
5844
7906
9284
5423
1564
5992
4037
1478
2466
5140
5587
868
7119
4143
2385
7
2548
926
412
6450
7778
6106
9448
9065
600
4354
629
3342
6768
6967
8997
1070
4260
8106
9936
2329
6195
5635
3
3
7
6
6
7
16
9
11
11
15
14
14
15
16
49
19
19
23
22
22
23
31
26
26
30
29
29
30
31
47
34
34
38
37
37
38
46
41
41
45
44
44
45
46
47
48
49
65
52
52
56
55
55
56
64
59
59
63
62
62
63
64
65
73
68
68
72
71
71
72
73
80
76
76
80
79
79
80
80
9541
5957
9279
3342
8658
3369
965
8154
2483
2744
5871
8748
7782
9506
4435
8000
6009
509
5702
3471
5604
4078
8008
6288
3078
9916
9149
4780
572
8961
1508
8197
4326
6416
3640
7738
4357
2095
344
6008
3054
7126
8685
6462
2060
7259
2229
1878
8078
820
1435
962
4610
2498
1474
1879
4422
3533
4930
5279
8127
4305
9604
1881
1866
1473
3692
3183
4942
5922
1905
226
5075
347
2376
5982
49
3907
8061
790
79
4
4
78
8
7
8
12
11
11
12
77
15
15
19
18
18
19
27
22
22
26
25
25
26
27
43
30
30
34
33
33
34
42
37
37
41
40
40
41
42
43
76
46
46
50
49
49
50
58
53
53
57
56
56
57
58
74
61
61
65
64
64
65
73
68
68
72
71
71
72
73
74
75
76
77
78
79
80
80
9814
8077
1921
3708
3536
2074
7012
8205
3795
5905
8561
9500
3771
1058
5298
2091
1023
3321
706
1157
8308
5915
1833
8459
3002
9488
4150
2949
796
4332
1153
1735
42
1895
1137
8138
6692
3219
4959
1680
1921
2415
7831
230
2791
8156
1180
8178
8421
6773
2116
9398
7021
8578
9457
1343
3875
3610
2485
4476
6569
7287
2379
7398
321
8186
7670
9021
2858
3337
7341
1938
4361
20
26
4967
9609
3859
8282
1977
5
5
5
5
75
10
10
10
10
75
15
15
15
15
75
20
20
20
20
36
25
25
25
25
36
30
30
30
30
36
35
35
35
35
36
74
41
41
41
41
57
46
46
46
46
57
51
51
51
51
57
56
56
56
56
57
74
62
62
62
62
73
66
66
66
73
73
72
72
72
72
73
74
75
79
79
79
79
80
80
7775
5642
6288
1949
6310
8889
9922
300
8011
4007
2094
2068
6497
7002
491
7390
6154
2005
9803
7857
3438
7366
5023
3125
9806
8500
1730
8733
5202
8679
5944
5351
5511
2307
9286
8865
3134
8731
7008
6504
6824
9848
5210
2022
5322
8332
1939
2257
7200
7113
6871
7288
807
67
986
4584
2931
7056
3520
6406
7459
5732
2987
5724
1722
2998
6345
6544
1488
3346
569
1259
1686
1309
9543
5465
2577
8664
558
3522
5
5
5
5
21
10
10
10
10
21
15
15
15
15
21
20
20
20
20
21
59
26
26
26
26
42
31
31
31
31
42
36
36
36
36
42
41
41
41
41
42
59
58
48
48
48
48
58
52
52
52
58
57
57
57
57
58
59
75
64
64
64
64
75
69
69
69
69
75
74
74
74
74
75
79
79
79
79
80
80
5957
707
8847
4289
1527
7943
6256
5111
2218
4085
1145
9469
7617
793
4684
5890
7905
1560
570
6742
69
5981
1728
5140
3899
909
4917
6072
1744
1313
5080
5570
2427
5748
7691
589
9050
9738
9757
961
5304
8577
2990
8551
255
4197
9125
1796
1629
2317
9395
9066
2683
8587
1668
5948
6217
9589
5540
1813
9242
7665
1533
2195
9568
3868
9671
4016
7302
8127
9921
765
2603
3850
6867
5852
1390
4017
2237
1898
80
80
7
7
7
7
77
11
11
11
77
77
17
17
17
17
33
22
22
22
22
33
27
27
27
27
33
32
32
32
32
33
76
38
38
38
38
54
43
43
43
43
54
48
48
48
48
54
53
53
53
53
54
76
59
59
59
59
75
64
64
64
64
75
69
69
69
69
75
74
74
74
74
75
76
77
80
80
80
80
3091
2102
7175
8699
1102
4024
7445
5431
654
7530
5017
7704
3586
6931
8281
1579
6687
1129
7815
4895
2171
2594
9884
9218
8401
6716
5853
2699
7343
1279
7966
5886
3014
1074
2993
3436
4139
6665
7186
6829
3659
5434
8775
5698
9041
5496
3268
6908
6140
989
5669
9692
2170
4620
7203
4247
4532
927
3264
4135
5581
843
778
6770
414
3544
1433
850
2037
5623
8681
6798
442
5305
4604
8089
6084
9034
3600
3396
80
80
7
7
7
7
77
77
13
13
13
13
29
18
18
18
18
29
23
23
23
23
29
28
28
28
28
29
72
34
34
34
34
50
39
39
39
39
50
44
44
44
44
50
49
49
49
49
50
72
55
55
55
55
71
60
60
60
60
71
65
65
65
65
71
70
70
70
70
71
72
77
76
76
76
77
80
80
80
80
9551
285
1474
4660
449
6415
3804
8489
2566
7203
961
6817
1267
3451
3978
6079
3190
9397
4041
1816
4505
8593
9531
2145
4823
8799
7817
3350
4043
9193
2807
7632
3693
9259
5379
4834
2440
3750
1364
991
1572
8828
4238
4447
8416
2760
3459
820
6989
8255
7885
1436
4764
1146
5565
7403
2801
1789
2295
5948
5723
8124
5452
3845
7595
7927
2722
9474
2342
6719
6284
4916
7626
8294
1418
7428
3639
914
5789
8724
46
43
38
27
26
25
22
15
12
11
12
14
14
15
17
17
19
19
21
21
22
24
24
25
26
27
29
29
31
31
33
33
35
35
37
37
38
40
40
42
42
43
45
45
46
80
80
77
72
71
70
67
66
63
62
61
60
59
60
61
62
63
65
65
66
67
69
69
70
71
72
74
74
76
76
77
79
79
80
80
7942
1723
844
213
7512
5058
7218
4291
3551
3678
7037
4398
4552
9274
2151
2993
7064
8729
3326
9123
1171
4186
606
5701
4037
8528
3415
5020
6561
2285
9956
410
9595
5180
7837
8648
1106
4260
1521
5687
3924
2434
283
8625
4141
8736
6966
6579
8939
1724
2810
5226
1326
3908
2772
5584
509
6538
7643
3468
97
2955
6120
9334
4878
7624
8099
9425
7152
1286
4058
5983
7371
2894
1289
6122
8433
127
692
8670
26
25
22
21
10
9
8
9
10
12
12
14
14
16
16
18
18
20
20
21
22
24
24
25
26
28
28
30
30
32
32
34
34
36
36
79
76
71
66
63
62
59
48
45
47
47
48
50
50
52
52
54
54
56
56
58
58
59
61
61
62
63
65
65
66
68
68
70
70
71
73
73
75
75
76
78
78
79
80
80
8293
5603
9720
6099
2495
1713
1968
8783
7075
9682
9534
230
1285
3416
3780
7636
3128
4765
9579
7103
4693
6109
9175
4943
1651
6911
6923
2470
2642
413
2546
2496
7694
220
7401
6642
3992
3746
8882
864
9717
9252
2740
5058
7129
5729
4649
5356
9039
8102
985
8363
3539
502
4607
5484
1674
2612
8522
6464
7750
999
6732
423
9704
209
6464
3383
6771
4647
909
2048
4004
6709
5301
7375
5687
9167
373
4600
56
55
54
53
52
45
42
39
32
29
26
15
14
15
17
17
19
19
21
21
23
23
25
25
26
28
28
29
31
31
32
34
34
36
36
38
38
39
41
41
42
44
44
45
47
47
49
49
51
51
52
53
54
55
56
80
78
77
74
73
70
67
64
66
66
67
69
69
70
72
72
73
74
76
76
77
78
80
80
80
5522
5594
6139
9741
8466
9031
9843
6023
303
3346
347
9293
4757
6502
1711
279
6406
5538
6709
2239
5325
6496
6590
3527
9891
3926
2825
3436
2426
6439
3971
5330
7962
5013
90
7625
9695
321
6101
3150
1234
6206
1142
3417
5142
1397
21
8461
3607
9786
4927
8425
5143
887
7776
8641
6972
4043
4117
869
5046
6920
2662
1027
2711
7472
4415
3260
2023
9813
5914
1741
4257
6034
6468
1327
9932
2376
254
606
46
45
38
33
30
29
24
15
14
11
13
13
14
15
17
17
19
19
21
21
23
23
24
26
26
28
28
29
30
32
32
33
35
35
37
37
38
40
40
42
42
44
44
45
46
48
48
80
80
79
74
73
72
71
70
69
68
59
61
61
63
63
65
65
67
67
68
69
70
71
72
73
74
76
76
78
78
79
80
80
9029
4845
1413
5230
7496
9942
2279
7889
3111
7515
5296
1626
414
4051
165
9013
5769
8089
9815
454
2528
1154
6848
6125
4818
4593
6790
1107
8275
3868
8188
3278
806
793
1644
5860
2360
380
7873
4244
4829
7208
3144
3832
3590
3679
193
1385
7117
679
4952
1405
2971
1012
3921
3692
9621
7109
8540
235
6384
9479
7702
8188
9981
9935
1830
6219
7493
1150
2783
1877
3234
5921
7215
3067
8216
2889
2352
573
80
80
79
77
75
73
71
71
70
70
69
67
65
60
60
50
48
46
44
30
30
29
26
26
26
29
29
29
30
33
33
33
36
36
36
39
39
39
42
42
42
44
44
46
46
48
48
50
50
53
53
53
56
56
56
59
59
59
60
63
63
63
65
65
67
67
69
69
70
71
73
73
75
75
77
77
79
79
80
80
7772
6603
4509
1788
8664
3267
9692
1606
3998
4290
7914
9861
4187
7206
4430
4399
7886
6485
9232
4267
4722
1534
337
7889
693
4583
2374
7004
9360
2691
534
8874
3430
408
6785
5709
6282
1528
864
8856
1223
4529
3907
7749
7715
5865
2837
929
7462
3710
6264
2179
9842
3338
6975
9479
521
9582
78
9661
2181
8345
8799
310
7992
7526
8685
5641
5065
2539
417
1076
6143
9112
5452
3528
8734
2562
9355
1850
12
12
11
9
9
8
8
9
11
11
12
79
79
78
78
74
74
73
71
71
67
65
60
58
58
57
55
55
54
52
50
50
43
43
38
38
38
42
42
42
42
43
46
46
46
49
49
49
50
52
52
54
54
55
57
57
58
60
60
63
63
63
65
65
67
67
70
70
70
71
73
73
74
77
77
77
78
79
80
80
7945
3765
8693
2580
4861
2720
3833
908
4289
3626
8121
9286
7011
6801
87
1476
8396
9004
6396
8707
8478
6065
4049
8083
1192
7811
781
9189
743
5371
4023
7581
637
8418
354
5200
1891
6039
976
6244
8295
7016
591
6191
2002
4706
7562
7576
6293
6210
5816
5011
6169
1388
9962
3324
2703
7868
5932
709
7967
2021
9971
797
1589
9636
6108
2236
860
761
7850
5487
5724
3605
2117
8629
2459
8663
4014
356
14
14
10
10
10
9
9
9
10
13
13
13
14
79
77
77
76
74
69
67
67
66
66
65
63
63
62
57
57
44
44
43
41
36
36
39
39
39
41
41
43
43
44
47
47
47
50
50
50
53
53
53
56
56
56
57
60
60
60
62
62
63
65
65
66
67
69
69
72
72
72
74
74
76
76
77
79
79
80
80
4313
1217
6516
526
5688
1751
8530
3568
1575
8547
7383
9916
802
6007
8838
2084
9229
5800
1718
5693
1364
9129
5773
5541
9351
5973
3373
1283
6659
8283
7368
7693
8427
681
3133
8506
8863
309
4941
5022
5362
2375
5344
5397
9957
2469
2639
3276
2553
8748
8410
4794
7438
4253
4362
8663
7123
608
8036
3885
2924
4679
1951
6489
4193
6949
1179
550
1690
8797
5490
1777
8240
5134
2000
4543
8955
1937
9634
4987
80
61
61
60
60
59
59
58
53
48
46
46
45
45
32
30
30
23
23
22
22
23
26
26
26
29
29
29
30
32
32
35
35
35
38
38
38
41
41
41
44
44
44
45
46
48
48
51
51
51
53
53
56
56
56
58
58
59
60
61
80
75
75
74
74
73
73
71
71
71
73
73
74
75
78
78
78
80
80
80
7205
5872
8424
9543
9260
9304
1164
8782
6127
5123
6223
8058
8259
9925
2194
3918
2464
4296
5280
2740
3548
4720
8478
5441
492
921
2870
3438
7229
3408
8720
6345
8899
6589
9391
1879
6386
7955
9501
7159
1597
9961
7195
344
23
1933
7261
5163
342
6522
8579
826
7948
9126
9497
9083
612
5625
5506
8023
8152
3388
2532
4184
1348
36
1852
6841
6354
4799
900
8235
2251
7794
1919
7962
4333
9520
2859
5348
61
61
58
57
57
54
53
53
53
53
52
51
51
47
47
46
46
46
36
35
31
31
31
26
26
29
29
29
31
31
33
33
35
35
36
41
41
41
41
41
43
43
46
46
46
47
49
49
51
51
52
53
54
57
57
57
58
60
60
61
80
80
78
78
74
72
71
71
71
71
72
73
74
76
76
78
78
80
80
80
3190
3100
8386
8430
5731
902
9910
3602
3769
2342
852
9852
2545
7393
3988
1942
8398
8397
4977
8783
5263
9072
3709
6424
5215
145
5363
7497
2492
1128
5026
7301
411
2345
260
540
2880
7720
1972
6254
7124
9554
9036
953
7519
173
4110
1153
2089
6436
385
4827
9335
4344
5372
2649
3594
2110
771
6841
4603
7449
6325
8174
1287
8224
2982
8048
6094
6823
805
4757
2126
1392
9220
1898
656
2776
689
1062
43
42
39
39
37
37
37
35
33
31
31
25
25
24
22
22
18
20
20
22
22
24
24
25
27
27
29
29
31
31
33
33
35
35
37
37
39
39
42
42
42
43
44
80
80
80
80
79
78
77
77
77
77
75
72
71
71
71
68
66
66
65
65
65
66
67
68
71
71
71
72
75
75
75
77
77
78
79
80
80
7560
9310
2086
9473
6452
7179
7241
486
8346
9276
2650
3396
8944
7691
9287
3594
6180
9367
8151
4168
1463
3545
4864
3701
7379
6713
5578
7000
5107
3282
4710
5526
3017
7608
1802
6292
5335
2743
2931
9301
86
5090
405
6437
400
2115
470
9454
9896
561
3199
7777
3040
8816
772
2174
153
4743
6048
574
8107
2238
8129
714
1124
931
9631
641
7416
4041
366
1119
3746
7624
3224
3829
2017
5492
9182
6546
79
74
74
74
73
73
73
72
72
72
72
71
65
65
59
59
58
56
51
51
48
43
43
43
42
42
42
39
38
38
35
35
35
35
36
38
38
39
40
42
42
43
48
48
48
48
48
50
50
51
54
54
54
55
56
58
58
59
60
63
63
63
65
65
67
67
69
69
71
71
72
73
74
79
79
77
79
79
80
80
9004
4972
4279
256
1740
7094
8750
2553
4884
9189
4175
3276
276
2496
1808
2231
6172
534
6749
7762
6082
9170
2814
286
6958
6337
120
6997
6053
7951
1405
1940
1595
4589
6784
4075
1665
8364
7774
6740
8228
4780
8646
4561
2693
4546
8809
8664
7143
8805
6666
3533
4451
3335
599
2609
3338
3345
2960
7400
5769
7069
4534
1055
4942
9251
3018
5076
2580
4580
4856
7069
8047
2983
4598
4109
8637
1870
9325
2718
79
79
75
67
67
66
66
62
60
60
60
60
60
60
60
56
49
48
47
47
43
43
43
35
29
29
28
29
33
33
33
33
35
35
37
37
39
39
41
41
43
43
45
45
47
47
48
49
50
56
56
56
56
56
56
59
59
59
60
62
62
65
65
65
66
67
69
69
70
75
75
75
75
75
76
78
78
79
80
80
0
0
0
0
0
0
1802
0
0
0
0
0
0
0
0
0
0
0
5420
0
0
0
0
0
0
0
0
0
0
0
0
0
0
0
0
0
0
0
0
0
0
0
0
0
0
0
0
8865
0
0
0
0
0
0
0
0
0
0
0
0
0
0
0
0
0
0
0
0
0
0
0
0
0
0
0
0
0
1751
0
0
80
78
78
66
6
10
8
9
10
66
12
21
14
15
21
17
18
20
20
21
66
23
24
66
26
66
28
29
64
56
38
38
37
37
37
37
38
56
56
41
56
56
56
45
49
47
48
49
50
55
55
53
55
55
56
64
62
59
61
61
62
64
64
66
66
77
68
69
74
71
72
73
74
77
77
77
78
80
80
80
0
0
0
0
0
6378
2461
0
0
2665
0
0
0
0
0
0
0
7704
1638
0
0
0
0
0
0
0
3445
0
0
3120
0
0
0
0
0
0
0
7397
0
3434
0
3926
0
0
0
0
0
0
0
0
0
0
0
0
0
0
0
0
0
0
0
0
0
0
7772
5183
0
0
0
0
0
0
4007
0
0
0
0
0
0
0
14
9
7
6
6
7
9
9
12
12
12
13
14
61
21
18
18
19
21
21
61
23
39
26
26
27
36
29
31
31
36
35
35
35
36
39
38
39
54
52
42
43
46
46
46
48
48
49
52
52
52
54
54
61
56
57
60
59
60
61
80
80
80
65
79
69
69
69
79
71
75
74
74
75
78
78
78
79
80
80
9452
0
0
0
0
0
0
0
0
0
0
9615
8265
0
0
0
0
5145
0
0
0
0
0
0
0
0
0
0
0
0
0
0
0
0
0
0
0
0
0
0
0
0
0
0
0
0
4086
0
0
0
0
0
0
0
7696
6631
7703
0
0
0
0
0
4123
0
0
0
6144
0
0
0
0
0
0
0
0
0
0
6089
0
2715
80
4
4
80
79
79
9
9
10
78
71
22
14
15
22
17
18
22
20
21
22
63
24
63
27
27
28
62
30
62
32
36
34
35
36
62
62
44
41
41
44
43
44
61
46
61
48
50
50
60
59
54
54
55
59
59
58
59
60
61
62
63
71
67
67
67
71
71
70
71
72
78
75
75
76
77
78
79
80
80
0
0
0
0
0
0
0
0
0
0
0
0
0
0
0
0
0
0
342
0
0
2320
0
0
0
0
0
0
0
0
0
9119
0
0
0
0
0
0
9252
0
0
0
0
0
0
0
0
0
0
0
0
0
0
0
0
0
0
0
0
0
2992
0
0
0
0
0
0
0
0
0
0
0
0
0
0
0
0
0
0
0
79
3
4
5
74
74
11
9
10
11
74
13
57
16
16
18
18
57
55
37
30
28
28
28
28
27
28
30
30
37
32
35
34
35
37
37
55
55
40
48
42
43
46
45
46
47
48
54
50
51
52
54
54
55
57
57
74
73
70
66
65
63
64
65
66
70
68
69
70
71
73
73
74
75
78
77
78
79
80
80
8656
1568
1635
9277
5523
9243
9888
7332
5159
6152
3956
1643
4162
6971
5087
5166
6551
6775
3708
1699
1406
2186
4199
8743
3874
4324
1567
7436
7929
7737
3640
8016
8189
1586
8874
5825
154
2309
1209
8917
3299
2167
9768
142
9022
6542
4117
8265
6006
8967
6386
2856
5853
7264
2389
727
8572
6247
1735
2296
4057
1214
6972
6327
450
1364
6129
2401
702
1945
9318
9422
5264
688
4179
7194
7475
9533
1828
102
2
3
4
5
6
7
8
9
10
11
80
13
14
15
16
17
18
19
20
21
22
23
24
25
26
27
28
29
30
31
32
33
34
35
36
37
38
39
40
41
42
43
44
45
46
47
48
49
50
51
52
53
54
55
56
57
58
59
60
61
62
63
64
65
66
67
68
69
70
71
72
73
74
75
76
77
78
79
80
80
4893
3300
6586
9306
8203
4050
3852
9342
209
9649
7131
2325
8734
3680
6568
4947
3235
6431
3615
5258
2240
4028
8429
7664
4835
2138
7201
1593
7817
2559
9393
8907
7853
2043
3607
7800
3398
3193
4824
7369
6249
8477
5256
4786
2927
8718
5944
828
5313
5110
8326
1020
2599
3947
4371
6695
1215
542
8575
6043
6407
8781
5277
1357
1396
4580
925
8838
9105
3014
1149
730
265
7850
4320
6037
6768
3692
6
6920
2
3
4
5
6
7
8
9
10
11
12
13
14
15
16
17
18
19
20
21
22
23
24
25
26
27
28
29
30
31
32
33
34
35
36
37
80
39
40
41
42
43
44
45
46
47
48
49
50
51
52
53
54
55
56
57
58
59
60
61
62
63
64
65
66
67
68
69
70
71
72
73
74
75
76
77
78
79
80
80
4914
9674
5994
9018
3493
3638
1684
1222
6937
599
2910
3390
2315
6593
2719
4041
4811
9120
796
5450
5719
1133
7483
8667
2753
1314
8082
4234
403
9383
5449
111
2056
8762
3528
4670
541
2831
5812
2485
4374
8764
4268
7706
593
5764
9266
5539
1405
226
892
2083
4501
3773
9649
4587
5576
9515
9294
6025
9344
9551
3408
4217
3906
2632
9870
4363
2932
4137
9345
6942
2923
9916
195
7823
6530
7359
5868
1595
2
3
4
5
6
7
8
9
10
11
12
13
14
15
16
17
18
19
20
21
22
23
24
25
26
27
28
29
30
31
32
33
34
35
36
37
38
39
40
41
42
43
44
45
46
80
48
49
50
51
52
53
54
55
56
57
58
59
60
61
62
63
64
65
66
67
68
69
70
71
72
73
74
75
76
77
78
79
80
80
7736
1407
2565
2401
1547
350
3928
7266
6671
1743
2458
5829
7166
6046
9142
2587
9135
9258
3858
6470
343
2328
1324
2312
519
1604
9422
2215
558
359
9601
1210
6470
4350
2939
7901
6142
3766
9272
5535
2613
9201
7217
9174
1462
3088
55
2958
3112
352
1417
1953
4680
679
1740
641
5507
9251
9066
8414
8752
8973
3839
5080
5183
1622
706
1222
9841
209
6093
1890
6495
8491
3516
8327
7604
3148
6057
8545
2
3
4
5
6
7
8
9
10
11
12
13
14
15
16
17
18
19
20
21
22
23
24
25
26
27
28
29
30
31
32
33
34
35
36
37
38
80
40
41
42
43
44
45
46
47
48
49
50
51
52
53
54
55
56
57
58
59
60
61
62
63
64
65
66
67
68
69
70
71
72
73
74
75
76
77
78
79
80
2
1901
5636
2
3
6654
3495
3598
3
3
80
201
6232
9555
2512
3579
4324
652
4404
3227
1534
7249
1533
1547
7129
8141
5084
9951
8831
8570
6481
62
9594
242
8772
1749
10000
3309
8179
2387
8662
3914
6296
5342
185
5015
5940
1916
220
8158
7167
8513
5512
1085
7875
7727
1698
3830
1856
4142
6582
8724
5746
5749
1613
6681
6887
5435
2283
4608
1952
1283
8453
3729
4397
2166
7344
9214
1162
5215
2115
4625
6611
9573
7745
4305
2521
6664
3120
2686
1380
2
3
4
5
7
7
8
9
56
11
56
13
19
15
16
19
18
19
26
26
22
23
26
26
26
27
56
30
30
46
32
33
46
35
45
37
40
39
40
42
42
45
45
45
46
54
48
51
50
51
52
54
54
56
56
78
69
69
62
62
62
64
64
69
66
69
69
69
78
77
77
73
74
75
77
77
78
80
80
80
7631
1461
2192
4408
2771
3526
4394
8910
8706
5887
2745
6279
1145
5719
201
6469
4092
4847
2286
6306
4156
6035
9886
8954
8665
9747
9679
6379
4204
8684
938
3350
1122
6580
3379
6227
7300
9001
8178
4595
485
5780
7652
9931
521
4867
167
6394
3274
4494
6895
4080
1028
8238
9740
2457
7516
7315
146
3869
5097
387
3349
3317
4881
4679
7141
6079
2048
9876
1391
4646
158
363
9422
4501
1643
7640
4480
1937
3
3
75
75
6
74
8
14
14
11
13
13
14
26
16
17
18
21
20
21
25
23
24
25
26
66
39
39
30
31
39
33
37
35
37
37
39
39
66
66
43
43
44
63
50
47
50
49
50
63
62
53
62
57
56
57
62
61
60
61
62
63
66
65
66
69
68
69
74
71
74
73
74
75
76
78
78
79
80
80
7236
9096
5893
1815
7259
1566
2606
6058
2588
6361
888
1302
6324
7802
4207
3908
1181
3785
2472
9499
7469
6180
1704
9286
4781
9959
8712
9414
8831
3454
4178
6806
1829
7239
9624
4798
6739
5405
6838
3410
752
2642
7512
9730
2224
713
3302
560
909
6946
132
5544
7316
3482
4623
7728
6124
6731
6076
5273
6089
6008
1494
9232
7129
8944
4831
6595
7035
7819
9824
447
210
9500
2895
4302
5312
2617
7686
5690
2
5
5
5
67
7
8
67
67
11
20
17
14
16
16
17
19
19
20
61
22
23
37
28
26
28
28
37
37
31
32
33
36
35
36
37
61
61
57
42
42
45
44
45
49
47
48
49
56
52
52
56
56
55
56
57
61
59
60
61
67
64
64
65
67
67
76
76
76
75
75
73
74
75
76
77
79
79
80
80
4949
184
157
8189
3094
9762
2992
3907
1702
9097
8241
547
6117
6122
8777
5122
4983
3061
4851
3880
9359
5170
7977
7204
843
5147
1270
3081
8428
6196
8781
9324
1463
109
8733
6021
7810
2089
4472
8722
7077
1908
2749
3185
1865
1724
2597
5223
8909
7606
4105
16
7897
3309
8344
6865
6687
2893
133
8512
8276
6005
4119
4382
1287
4647
5032
8842
5002
6709
8110
1645
8716
3887
1175
9262
2400
4273
3187
3739
2
3
4
78
9
9
9
9
78
11
78
70
60
15
23
17
18
19
21
21
23
23
46
46
32
30
28
29
30
31
32
45
45
44
36
37
38
44
42
42
42
43
44
45
46
60
48
60
50
60
55
55
54
55
57
57
60
60
60
70
64
63
64
66
66
67
69
69
70
78
77
77
74
77
77
77
78
80
80
80
4826
1386
8795
9172
470
7258
9221
5730
4195
2926
5567
1432
3527
7725
656
596
8960
598
8406
5422
6501
1737
236
5581
2869
8920
6217
8959
514
7593
3163
1193
9792
8325
9219
8784
7772
8648
7998
2530
866
7410
1826
5325
2603
2742
3941
1684
1386
7111
9156
1709
1685
8839
3705
1406
7252
1177
3357
7556
7390
230
9493
2489
6629
9995
3100
3405
9187
2527
2638
4275
8532
7084
198
8838
9859
8747
6727
573
2
4
4
77
6
7
77
9
77
18
13
13
18
18
17
17
18
65
22
21
22
64
25
25
26
27
41
41
30
35
32
35
34
35
41
37
40
39
40
41
53
44
44
45
53
48
48
53
52
52
52
53
57
57
56
57
64
59
61
61
62
64
64
65
77
76
74
69
73
72
72
73
74
75
76
77
78
79
80
