1
4000


2720
9439
8164
5500
5015
410
592
4465
3912
1485
7115
9306
4319
3492
8803
9884
5283
9662
9836
204
2256
916
566
2969
2603
8321
7742
307
149
5920
488
620
9533
8282
1483
2163
492
4539
2983
7273
7526
9342
1844
3392
1681
5783
1521
8832
6358
325
5711
9447
1671
9911
4060
320
6443
5352
7468
53
9508
1203
1284
6806
2883
9940
7538
2315
2459
7823
7155
1995
3509
9841
7264
2077
4162
4246
7967
9375
4715
3682
8399
922
7107
7791
6535
3842
6309
5577
8061
356
7504
8123
5870
9
7649
4781
8318
8017
6217
8264
2744
5664
6340
4121
5009
235
4773
6338
156
3590
2606
7440
5145
730
5097
88
3046
2133
7639
5482
327
3736
3480
7715
8017
8498
8635
4124
8500
8884
6791
6167
11
260
2643
274
5135
7668
9371
523
9559
9076
6513
6741
8382
6423
8111
2473
4159
9118
3372
4713
6717
7021
4431
7503
7988
9685
9908
9767
1784
1621
4542
9828
5967
2907
3586
2629
9426
2186
8948
9711
6356
5845
9832
1547
2627
9700
871
5337
7304
8565
5667
7752
6179
5564
7640
8826
2257
9465
3892
9976
5876
5252
8001
4099
9244
5459
1277
9188
6557
2135
1485
7704
8070
2327
9427
4135
4759
6426
4187
204
2128
5169
7526
4466
1063
6489
6908
8416
2723
720
8660
8512
6555
9817
3051
1789
6970
2808
997
4245
9025
899
1602
2968
5869
8412
6670
288
5238
9052
5460
1479
7356
4585
8042
2620
4748
9344
4720
2226
8955
1478
9971
5202
7691
4206
8244
9640
1670
6792
4871
5674
5623
7586
6605
2955
6088
9791
3189
8119
2517
7812
1812
8802
7502
5680
1191
3188
205
6359
2147
6435
2212
2689
6746
4205
7542
1884
813
9951
4683
5649
4196
5471
7211
4411
7447
7073
8280
1332
8447
205
810
7482
6182
6085
7254
5072
6777
2482
3769
1271
2015
3989
6091
1240
4825
2823
6502
273
5350
2291
7577
9365
4929
6653
7037
1677
6476
3946
4716
4713
5237
7429
2480
3355
6445
8031
7275
3864
5222
7752
3167
5661
5746
2891
1188
3326
9201
3851
8567
551
257
6579
9818
4106
3872
8711
6981
4087
1685
1913
839
1416
814
388
6844
3282
6575
50
2921
4047
6014
2932
8885
2495
9159
3220
5729
597
476
3534
7924
4216
4094
5038
6333
7754
7785
1032
7494
7673
9982
9904
1301
7125
2123
4969
7112
3453
3356
6574
4492
9657
5830
197
666
1782
9337
1291
2829
6638
6360
8163
2895
6333
9307
9584
8347
4571
393
1286
3532
9542
3962
9184
4245
9694
2354
7876
5983
9243
5599
2889
5111
3708
7731
6366
4559
7236
8852
8517
9028
7942
7645
328
6794
1573
332
8878
6502
8992
4886
1202
4513
7546
774
5859
3018
6703
6680
4012
2865
7083
2177
3937
9431
3005
1194
3768
9685
1594
4788
9423
8557
5199
7251
173
3109
4010
9863
9764
6821
4963
4764
3956
7903
2530
8638
2500
5205
7949
5845
1995
3338
9714
2914
2946
4545
7389
9410
1161
1144
2490
7922
7404
1791
7825
907
4777
2792
3499
1969
5284
802
1775
1234
9806
7204
7580
9791
7226
2420
8686
4007
202
2643
7956
1941
3239
4141
6260
2631
2655
9582
5621
9831
3339
5225
4778
6140
7130
9068
514
2150
3484
2024
1133
8620
2552
2763
3857
4187
1741
573
9133
8750
4547
5503
4813
8070
3508
9408
7397
5140
8617
1023
5454
6556
3803
4035
4347
5495
2581
755
7495
5656
5793
9136
7240
4014
194
143
9447
6099
991
557
5563
6030
3652
2510
8091
6174
8861
4838
1775
5253
3017
909
8322
3803
3478
809
7180
1693
478
6060
7555
7911
194
3839
3478
743
4427
4279
1749
6157
7050
536
3540
5213
7070
9020
145
2371
4897
1721
8712
8555
4505
5485
2869
449
2029
2556
9684
2872
5079
7578
7386
7227
799
2344
8768
5905
1205
568
962
5138
3752
4255
5364
1170
9015
5936
8524
9839
7380
4767
7874
5709
7451
1579
4728
1703
7653
6361
2861
3197
3051
4246
4976
8664
9429
511
3648
4707
6284
1493
1578
1475
6765
1084
8405
3685
2595
3657
8786
4132
182
7085
5084
3347
2373
4421
4507
4585
1548
8632
4236
5815
7692
8219
3097
5316
1429
3926
6834
3295
4228
8431
7817
4473
6242
993
971
1242
7890
917
4589
7547
1461
8474
98
4874
8540
5526
9039
3746
2851
6284
2944
5197
1471
7471
571
6429
2759
6616
6331
3727
8377
5183
2036
9918
7596
5954
3401
7358
1598
3261
2549
9214
5690
2603
83
6561
5014
4730
2608
5320
2044
9504
2641
4152
5088
9541
9397
3832
2344
9312
6991
1923
3684
6833
3848
5239
4658
1912
339
2240
7662
6549
5963
5892
9246
148
7953
1705
6844
8191
5148
8718
9376
6567
8156
9203
2146
4350
9160
3977
5545
9822
9387
8077
1171
915
5308
5236
3160
8700
3320
2591
1549
2172
8429
3941
300
7668
4150
7660
818
2292
5709
7132
660
8191
3166
7449
9823
2462
8144
4347
7649
2415
9592
8072
5710
2334
4800
2407
4545
8718
4264
2278
6462
7511
1351
8670
4174
7481
6294
4096
9210
871
9441
4250
7777
1470
2884
587
4687
8563
5857
6322
9488
9178
3608
665
3041
1622
8536
7941
7829
3045
3777
4179
3809
6282
1219
9984
4762
3958
828
726
7547
4121
9606
21
872
1579
9018
1150
5797
1380
8134
5028
1093
6732
5636
8931
8659
9503
908
6412
2817
5617
5488
8497
4936
4685
7227
98
1676
2329
7671
3729
1988
3396
387
408
7988
4763
4794
8964
1501
9755
768
1557
1501
501
7130
6993
3120
5199
578
777
4394
8742
5028
5292
4626
5034
6366
936
4977
6973
885
1909
5127
8610
1729
6783
6377
826
218
2097
5075
17
5365
8149
8294
3224
7717
3816
1325
9612
7557
5580
9181
287
3584
8183
577
102
3208
5915
3444
5460
345
9122
2077
655
121
9913
315
389
4177
6646
4921
8723
2133
9702
1557
7261
5478
1538
3505
1313
1406
6107
4630
9672
5686
6198
5971
4349
2574
3861
6260
222
2462
7972
310
4523
1472
824
7330
6565
6264
8466
9915
1638
8381
6550
9005
6864
8671
9035
3670
9155
9612
8434
9129
7596
1023
2406
6683
6807
3542
7751
5374
3343
4702
3904
8810
4726
8119
2685
2024
3643
5600
9389
2007
253
5446
420
8800
1915
6353
2323
2695
1865
462
5167
1703
7300
544
7995
9723
1693
470
7802
6908
2106
1506
1449
4183
8866
1550
8335
7711
9031
5741
3769
746
7341
9082
1602
9664
2663
9738
8226
6402
213
5068
2000
2924
229
6737
4469
1109
2558
3626
4394
1747
2948
337
3148
3704
6114
9909
9767
5692
3666
8086
4825
6135
1622
3434
2123
5199
1829
1209
7020
7437
3646
9679
8486
5759
3187
1363
674
9968
6751
9097
9631
1669
1702
228
3764
855
8944
8010
4396
5250
964
1494
1985
1912
5167
4721
1068
1526
1233
5847
3483
4000
406
396
6169
8659
4024
7073
9229
6345
5652
2785
7418
2240
4274
8889
2606
4516
5711
1199
8716
1795
2442
5304
6285
4172
7596
145
5450
1494
4861
1690
6834
3476
9799
9888
1678
1614
6593
1617
4594
6131
8429
7782
5556
6758
9515
3002
4406
984
8822
2016
9958
7827
9931
8658
6738
3633
1521
9171
4367
5468
8051
7723
4709
7852
2047
9766
6838
7689
1567
2630
9973
4441
7536
7776
4179
8845
7259
4926
2722
3075
4387
2672
7331
5178
4155
2995
3225
6470
2465
1823
2294
2283
4026
9848
6008
8783
5179
7075
5973
5499
6017
3045
3167
2820
9723
6172
9936
712
1120
5491
7589
8305
4213
5898
9991
2860
487
950
1561
661
8541
9966
7922
568
3128
2540
9259
5614
7920
656
7592
1135
8859
2272
1373
8412
1115
1227
1752
1196
1631
7655
1190
8072
9647
5747
7577
1991
1886
5634
2344
8324
2273
6059
393
2544
7085
6344
7257
7926
4484
9949
2050
3190
551
5293
5799
9255
8984
9401
2504
4496
9706
3009
9201
7456
2286
1245
8534
236
5181
565
3245
9616
5242
5223
570
9386
9805
9606
9455
7775
53
6608
1918
2459
6490
6978
5007
5392
6661
6687
9965
4683
1394
5408
7599
5344
3326
3288
6491
3718
2947
8178
7895
5742
3962
1784
9373
5171
6127
674
4029
5812
8363
2592
2139
9512
7872
471
9408
5689
3480
8221
232
7154
8052
1188
8726
4118
8254
5025
2960
3244
7152
5776
5881
8887
8836
8866
7631
8827
1280
9722
2086
8894
420
4636
3448
1152
3286
281
9680
14
8433
4250
131
5253
8278
9969
872
3647
139
200
3768
2950
5053
8596
3510
4108
4613
3801
539
921
4442
984
4494
8200
3625
8198
1768
3940
8302
6410
3029
4094
2347
3750
7997
2248
2740
9648
928
9501
7041
5873
1978
92
5242
5765
9280
5886
1773
210
7136
1072
5485
5906
7389
1
51
2411
3258
6048
6261
2083
6443
5578
1015
8939
1379
2892
7703
9933
2953
5874
8468
9980
1733
398
6307
5443
575
6637
7791
1957
7491
5730
4285
7571
5672
8001
2629
3738
3691
562
7212
3991
973
9482
6017
4459
6167
9413
1164
5178
7516
7486
7260
8338
1428
6633
488
552
4889
3494
4064
1554
3207
5037
6582
9725
4267
8467
9465
1255
351
6799
1246
2554
671
4640
6156
2655
9622
7473
5082
1755
3491
6136
7361
9618
7832
9550
5146
7416
1806
479
187
1404
2209
4718
3189
9222
8820
9299
8044
2359
8053
60
7927
4785
5989
6261
5942
9404
2863
4752
6132
4853
8119
5075
3578
1126
6293
8392
427
1235
4758
9615
669
2150
3062
522
5794
7626
5147
5669
9031
340
6223
3850
7424
4689
1293
2966
9509
9361
3448
4105
8639
2618
9817
4392
5591
664
4455
7500
563
1325
727
2594
9010
7160
7069
5337
8229
7173
4312
3338
3706
2242
2097
657
9221
4786
1727
7178
1559
6743
8298
755
8452
9817
8971
9773
912
7474
8330
3672
7612
6877
1636
5723
1580
1423
3251
4799
185
7686
5538
7777
1405
1779
5096
605
7219
2259
719
5495
2906
3750
3617
5488
7282
2798
940
4801
3235
941
7668
981
8107
8572
2504
4799
9090
8631
9122
1008
6508
756
7588
6975
1237
842
9033
9741
5062
2632
123
5630
3360
7660
4775
1130
8835
7867
5260
4699
2394
282
2058
3396
8093
9010
5552
5980
296
2595
5209
3288
3178
848
5673
8656
8143
2613
267
3699
8579
5206
7929
3203
448
5382
1868
1815
3976
8304
8738
3264
2481
9983
4556
7698
1698
2480
1995
2589
3981
4458
3226
6283
7483
727
7514
9550
6613
7977
6311
5193
6496
1036
25
5646
6717
2377
3972
1730
1908
5293
8577
3308
4130
6116
7658
6588
3221
7599
3198
9476
1148
3626
6377
4415
4874
8746
4963
1476
5575
2446
3965
2394
7863
6874
360
5045
1846
300
8578
542
3330
2345
9948
4211
6006
1437
1552
6456
4094
4450
7110
3756
4356
6582
8563
5174
3411
4623
12
6927
1091
6389
3669
6997
7453
2394
7677
9509
1093
8896
5169
5175
1750
6295
4239
3437
7552
5789
4695
4655
8174
1512
1892
5957
6610
6757
7309
7816
4628
1536
637
3682
561
5310
1085
3354
5981
9971
2894
6585
7995
3031
5079
569
1280
1091
4952
56
3497
2838
3465
5622
625
8003
9225
2302
8128
1989
4781
4356
6850
4113
9956
1801
3841
2428
3681
9138
8774
2421
9613
3713
8233
3376
6424
2747
9922
8789
5653
209
4869
3503
2843
8710
2181
3760
3763
4697
7056
9913
7517
3845
5976
2157
4587
6533
418
5607
4568
3796
451
1966
4943
5981
3749
1792
1756
6586
2802
7379
2040
172
925
5484
5710
9691
9103
7256
1181
6496
456
4169
6217
9510
8345
8643
3904
1990
8618
3527
6159
9156
3881
2786
2516
192
3135
699
4108
892
8799
2245
273
2208
2136
2640
2797
5646
4730
7688
3161
14
2472
1868
6486
6844
8177
6814
6865
8528
8316
9138
9898
5231
4620
9456
9798
2620
5537
9302
2551
7435
2395
1806
2918
1444
7700
5918
3824
9494
502
156
9341
4094
4800
5627
9287
5827
6704
8031
9419
9396
9508
163
4386
8817
2798
6192
1819
4957
2235
1791
2867
9153
5538
9637
5201
9992
6440
5282
8891
3114
5438
9773
8062
7030
6159
5238
5717
1027
895
2562
3312
4675
8264
8535
1674
8967
3355
1605
1212
8464
5115
5984
3092
4921
2973
6605
5551
8579
8954
460
5112
8047
6767
6274
1654
359
5217
1751
5936
8845
4962
9101
1067
5555
5791
5357
9988
7021
433
9114
900
6785
5642
6893
4744
2291
8293
8923
2103
9972
3710
1890
7429
1820
87
7927
9909
1159
424
4250
4533
5367
2969
4162
4558
5579
32
6372
5717
4068
791
8952
4412
1619
3218
9114
1169
7042
3178
6600
3610
5125
7280
3342
2465
2844
1992
1044
1973
3508
4870
4592
560
277
7899
2784
4463
6923
9870
9947
6641
6794
854
8439
7171
6258
9534
1377
5180
1875
967
3075
4129
9956
4296
9734
1528
6968
8864
5345
9133
797
9194
8413
6979
711
7177
5616
6940
5296
3748
9645
5059
5914
6608
8381
7956
9969
4038
5260
454
2109
9661
533
8725
4827
6127
2715
7759
985
1550
2265
9331
6831
1785
1903
1248
7902
7636
7799
3590
236
8622
2419
8466
5037
8335
711
8660
542
3446
4411
2809
5685
8472
4684
2828
2486
4739
6660
5921
8031
1080
9131
9635
5881
8578
1026
6505
6541
1589
495
8599
1051
904
3611
9500
6729
4065
4832
4120
701
5852
547
5661
7855
482
4881
7878
568
7024
7364
6826
6320
7746
7670
1262
7455
1302
1933
8960
1171
1828
988
7113
4805
3667
1076
8472
81
7233
876
6225
7439
6844
5905
8888
9119
3235
3377
4109
8829
8054
5924
9338
3721
1340
3499
8576
2571
5172
4934
1796
3363
9095
8328
6254
9449
4335
9108
6464
1109
4680
111
1072
7822
7892
5176
5229
5295
5999
1260
7856
4501
3621
5081
6355
2135
5961
8950
6809
3013
5855
6085
3406
7235
2424
6688
6421
4211
6751
4656
3301
9710
3950
4724
5107
6966
8761
9441
3279
3662
7518
66
376
1752
9562
3565
4677
9154
6897
1386
1894
9269
9969
860
3214
2562
6695
8601
5446
6238
1017
8488
4699
6777
1090
3960
3416
7640
8086
9016
2954
3294
7634
2387
5603
1111
8350
7390
8242
2224
261
5323
3567
9664
3432
8074
104
6888
5382
1696
2944
1422
6796
4415
2447
5836
8806
1962
6558
7747
4812
8488
9926
7995
4354
4159
4296
2202
7210
9288
6107
6313
9139
4194
7115
5653
6260
4646
2660
9054
8604
3693
8025
7096
5049
7776
6395
4524
2399
3551
3608
2029
809
2420
8702
9918
2147
3527
1073
8411
4365
9952
1244
9895
4905
576
2528
1020
4408
2786
5967
239
8673
1385
1879
9968
4626
7734
6517
7614
3570
666
582
8165
6687
6142
9957
2414
8410
4851
22
3170
7668
6193
1042
983
2950
8977
8912
7477
7173
9467
3507
4336
2673
1112
7116
6903
1787
2117
9902
7122
4884
4720
2487
2948
1162
6958
7831
4188
8074
3592
4565
1277
6829
8275
1014
5376
3567
7514
5883
7536
1169
6871
8328
1596
821
8173
3835
3198
8900
8115
5691
953
4103
4400
1419
9175
9574
7720
1518
4231
9906
2229
919
1450
2186
6734
2863
4269
8972
5196
7413
3132
4847
3501
3328
1137
5510
4525
883
425
2743
4768
6835
5096
4430
7925
5100
6535
4298
5940
2958
4044
1003
2465
7346
5870
3703
131
2951
3314
2848
1042
6425
2229
3464
6577
8200
6285
8399
5392
8249
1329
3001
5705
8615
1142
9237
6657
6994
187
4501
4707
5447
5082
6277
4035
3103
7960
803
279
6525
3780
708
7318
3334
3270
6447
2378
9426
5979
2817
4849
6196
5961
2708
2640
3723
2510
6757
8671
5070
4076
5908
5190
681
1951
3892
794
4095
7168
7089
4291
621
6593
1336
8105
4639
2102
3574
8008
1942
1578
5131
6167
7207
5153
7221
2402
5265
5672
9424
3419
3201
8024
340
1243
80
8140
8016
4277
2293
1611
2898
2715
6380
7589
9659
9459
8635
1796
5743
7993
5099
7583
9606
520
2147
2218
5043
2357
7137
6829
4586
9238
6843
6262
4187
9514
9904
7831
2217
9963
2950
4110
3992
7335
9474
7136
9150
5410
6977
9315
3733
9039
8004
403
566
5997
6937
3079
9745
6569
3116
2429
5917
3838
1414
806
9798
1926
764
7349
4703
2754
5062
2508
5393
2386
3459
7156
2870
2833
5066
4802
441
8625
5171
3624
1236
3855
484
7147
8085
7256
3621
3998
6177
3254
3592
2958
7076
7261
9428
6514
5484
9689
9180
6190
178
1078
9109
434
3428
1007
8938
2096
2371
6107
6730
1393
1411
6503
6818
2389
1550
2475
6312
4710
3497
1632
3436
6496
6415
2424
3951
3278
1744
547
2508
9633
3883
1313
4752
8808
7656
7506
5884
1504
230
329
5914
3969
9989
4064
6548
9797
6970
6289
3771
1289
9689
1116
3117
150
3474
787
4705
1053
7614
3813
794
6639
3226
8419
2213
6007
7589
8584
1377
9248
7058
2240
9166
144
2775
2953
4345
4702
4997
8892
3949
7042
9773
5892
3478
8893
760
8900
6230
4651
2503
1464
7800
282
3343
6151
2881
5656
3074
9869
5132
6474
271
5912
9609
2152
4069
7995
537
5159
9313
463
1416
3599
7261
3659
6546
6952
4305
7698
3527
6204
7760
505
4457
4575
2665
3450
1395
4746
5237
4952
4811
2711
9477
6037
7585
1782
6111
3170
6464
488
580
7459
1804
3448
139
7135
6155
219
8393
7295
6922
6673
792
400
1511
3115
351
6942
4041
8662
3063
3470
9004
151
7918
1178
7157
7602
7622
6548
412
4386
851
2521
9514
762
4738
5149
8156
2443
2863
9251
7312
8557
9129
5827
8554
6335
3131
3055
959
8279
2471
7064
5442
8741
8052
2477
2033
5862
8040
2267
4113
4757
9723
3916
6209
2969
8341
2931
6015
2951
5372
6495
6907
7028
2977
4559
9188
5118
627
9157
7956
8872
4175
2258
6812
7756
1134
1080
7308
9162
3945
8882
4343
1854
6666
2776
9906
9001
5769
649
3332
3422
422
6890
708
9261
9951
7264
1001
8611
6394
6713
8720
6183
3712
2863
9498
4913
8158
7522
1169
9806
1423
5740
8134
2381
7214
51
589
7010
8647
5927
9965
6772
3288
5138
3059
2165
6335
5120
5651
210
1111
2823
349
8974
4611
4967
3518
8866
6179
8931
11
4440
811
8062
7128
661
7513
7832
1405
4240
2967
3382
4155
6829
9781
2718
6099
6025
3831
2356
2386
8572
4961
4411
1324
3225
2826
10
7512
3527
7855
254
7018
4398
3017
3192
4150
202
118
1121
614
4762
94
2174
6479
4406
2508
9214
2641
4848
6413
5334
4154
2849
4101
6396
1584
5174
7812
701
9714
2605
6070
986
3782
2705
3544
8011
4219
2183
4255
9698
2751
6215
9511
5335
2658
900
6009
1752
7445
8528
4488
6612
7769
5612
8075
2749
5901
5342
5250
3844
3605
7571
6669
9746
3070
1595
1600
8211
3875
1649
70
9827
7298
8666
5035
549
626
4434
799
7125
673
2701
4585
1921
7192
9501
2467
9308
9680
1294
6303
6971
7521
2868
9291
2295
4498
8474
5914
3759
5158
1123
2059
8770
9832
4752
6470
2037
7406
1094
6166
4239
951
8686
1668
7326
204
650
6538
9251
3542
7803
5453
2878
3170
3288
8177
6973
8359
111
987
2930
9285
6587
2383
1351
3915
3202
5555
529
4515
6848
8044
8204
3928
2648
4406
9733
5745
1752
626
3396
6948
5898
4143
6190
8139
5545
2858
2245
7335
4128
3789
5667
5197
9663
1954
102
1220
3185
6341
776
4143
5495
845
3973
3167
2620
5243
9798
6055
4542
6617
6795
5821
2698
4190
7215
1034
1491
498
1359
5162
4963
8416
4190
6968
761
5409
7799
3509
9881
843
6586
2849
1597
7519
3168
680
7981
4072
2283
3138
9444
954
5718
1795
2780
7960
36
1944
4591
9496
8132
4085
493
5691
2902
3053
7014
9678
1510
6018
1294
9655
8292
9464
463
5742
7058
2794
1997
7794
4001
6699
9582
4607
8290
5366
3016
1569
8231
3122
5487
196
7584
6986
2343
6804
4515
5525
5863
1298
8275
3912
4986
8818
8803
5271
6012
9208
3197
7148
3475
373
7175
4319
5951
3510
9831
3941
4443
4314
520
1036
2584
5059
9864
1710
7591
4526
5807
4080
4038
5512
5490
5378
4155
1792
9182
6766
5619
7114
2786
3125
9615
5334
5317
7940
6971
8930
9248
3631
5658
4461
1885
5739
3143
8960
3
2815
898
2240
2911
2651
4787
1416
3710
6341
8869
7936
3984
6933
5627
6575
6846
7276
2268
5356
4584
4043
8980
6648
1176
5546
3363
324
8616
2890
1920
5260
2142
2885
745
8199
5792
7117
6428
2073
7679
9551
8351
4054
927
7218
1153
2185
7634
2492
4038
2453
1861
380
6041
3368
5354
5834
4226
7433
8774
1850
3972
6311
1369
1436
7613
169
7879
9250
2696
9183
5057
8749
6082
9237
4197
671
1118
4150
4940
4948
7264
3685
5932
452
8609
7899
38
5875
7452
9010
9223
3156
2875
4831
8440
8087
3163
7918
2707
3874
1961
7576
7245
1810
8654
1489
4946
3857
4272
6143
7332
2949
2950
9336
2499
9498
3003
1336
9388
1945
8423
2529
9738
7641
5134
9254
2437
8736
1555
3767
7289
4840
9899
3170
2159
2863
5410
4491
6538
935
1503
6195
74
8942
3020
4691
9680
8015
8058
2744
2750
8192
5572
401
6789
4726
8503
2010
7113
1315
2826
7678
3649
6475
5827
7549
54
4678
1348
1925
2730
411
9598
6134
2557
8521
7207
9221
8854
6769
6219
5894
5682
4678
8269
2145
4518
8659
5785
2305
5074
5709
3982
5519
7421
3070
6595
3259
8738
2819
4901
1692
5379
9906
251
2440
6057
4929
1138
7135
3830
3169
9046
4030
2996
9435
3012
7019
5624
5476
119
1946
3003
9123
7949
6763
6135
7720
7566
3005
110
1552
1309
4188
4391
1858
4
7848
4351
6170
6883
6472
6706
2350
426
5847
6875
5750
6647
1724
8563
8116
4125
5358
9087
8299
4169
1298
3221
5521
5731
6376
3107
769
3340
2731
7756
9571
8820
2989
3523
3689
2757
235
4695
9429
9330
3250
319
3058
4645
8230
9546
2567
6036
787
8165
436
3151
4293
5311
9754
5202
5761
9278
1079
668
3698
3866
6694
1471
89
2373
7839
5831
6950
213
3766
4632
504
9887
5041
8534
6354
6205
3519
7082
4433
6897
2694
3688
7900
4681
151
4460
2368
1569
1387
7874
1573
3064
7586
3554
1779
4881
1872
3852
7585
1104
7211
9821
6340
7950
775
6984
9817
7471
2945
5094
3526
5473
4272
6395
9019
3807
3252
1619
2870
5461
5775
3022
2402
5552
5236
1405
8044
3763
167
9870
4024
6548
6443
8681
1191
4323
9271
5819
5088
5820
5216
4298
4012
357
4190
6149
6157
5358
9760
1152
124
4726
785
4809
1286
2863
3158
7013
9669
2263
4376
3547
3842
7112
6174
3510
8282
6684
94
2099
9180
5728
320
1094
3322
3178
294
2610
4042
5035
5795
67
9738
3801
9626
1760
4719
9849
6618
6945
1771
8048
3607
5910
9818
15
4442
4133
3951
783
9033
9245
8968
1246
969
4889
9931
8557
8725
6327
5881
4720
2064
3218
8264
2057
2306
7261
4468
9369
3762
8940
3602
1595
2961
1947
7449
3147
2240
2687
597
8625
9042
4694
2727
7037
9560
2868
171
2817
3995
1925
2586
2924
1178
7999
1612
5257
7519
7586
6851
849
2515
3530
1935
3460
8314
5892
4886
8199
9419
346
1395
6036
5542
3194
6834
2997
2083
7532
5060
2438
1493
1983
3312
1945
9535
3098
9732
3463
6499
7713
162
5727
3123
6341
3302
3358
2911
6901
2089
6887
6666
4909
5577
8178
457
6314
5503
9805
6173
4978
6988
309
3242
3438
6761
8507
4991
7172
9269
8300
9351
6377
5156
5444
1065
643
4867
7792
17
5608
1761
6414
888
6825
6491
4494
7079
9767
5091
6199


2
3
4
5
6
7
8
9
10
11
12
13
14
15
16
17
18
19
20
21
22
23
24
25
26
27
28
29
30
31
32
33
34
35
36
37
38
39
40
41
42
43
44
45
46
47
48
49
50
51
52
53
54
55
56
57
58
59
60
61
62
63
64
65
66
67
68
69
70
71
72
73
74
75
76
77
78
79
80
81
82
83
84
85
86
87
88
89
90
91
92
93
94
95
96
97
98
99
100
101
102
103
104
105
106
107
108
109
110
111
112
113
114
115
116
117
118
119
120
121
122
123
124
125
126
127
128
129
130
131
132
133
134
135
136
137
138
139
140
141
142
143
144
145
146
147
148
149
150
151
152
153
154
155
156
157
158
159
160
161
162
163
164
165
166
167
168
169
170
171
172
173
174
175
176
177
178
179
180
181
182
183
184
185
186
187
188
189
190
191
192
193
194
195
196
197
198
199
200
201
202
203
204
205
206
207
208
209
210
211
212
213
214
215
216
217
218
219
220
221
222
223
224
225
226
227
228
229
230
231
232
233
234
235
236
237
238
239
240
241
242
243
244
245
246
247
248
249
250
251
252
253
254
255
256
257
258
259
260
261
262
263
264
265
266
267
268
269
270
271
272
273
274
275
276
277
278
279
280
281
282
283
284
285
286
287
288
289
290
291
292
293
294
295
296
297
298
299
300
301
302
303
304
305
306
307
308
309
310
311
312
313
314
315
316
317
318
319
320
321
322
323
324
325
326
327
328
329
330
331
332
333
334
335
336
337
338
339
340
341
342
343
344
345
346
347
348
349
350
351
352
353
354
355
356
357
358
359
360
361
362
363
364
365
366
367
368
369
370
371
372
373
374
375
376
377
378
379
380
381
382
383
384
385
386
387
388
389
390
391
392
393
394
395
396
397
398
399
400
401
402
403
404
405
406
407
408
409
410
411
412
413
414
415
416
417
418
419
420
421
422
423
424
425
426
427
428
429
430
431
432
433
434
435
436
437
438
439
440
441
442
443
444
445
446
447
448
449
450
451
452
453
454
455
456
457
458
459
460
461
462
463
464
465
466
467
468
469
470
471
472
473
474
475
476
477
478
479
480
481
482
483
484
485
486
487
488
489
490
491
492
493
494
495
496
497
498
499
500
501
502
503
504
505
506
507
508
509
510
511
512
513
514
515
516
517
518
519
520
521
522
523
524
525
526
527
528
529
530
531
532
533
534
535
536
537
538
539
540
541
542
543
544
545
546
547
548
549
550
551
552
553
554
555
556
557
558
559
560
561
562
563
564
565
566
567
568
569
570
571
572
573
574
575
576
577
578
579
580
581
582
583
584
585
586
587
588
589
590
591
592
593
594
595
596
597
598
599
600
601
602
603
604
605
606
607
608
609
610
611
612
613
614
615
616
617
618
619
620
621
622
623
624
625
626
627
628
629
630
631
632
633
634
635
636
637
638
639
640
641
642
643
644
645
646
647
648
649
650
651
652
653
654
655
656
657
658
659
660
661
662
663
664
665
666
667
668
669
670
671
672
673
674
675
676
677
678
679
680
681
682
683
684
685
686
687
688
689
690
691
692
693
694
695
696
697
698
699
700
701
702
703
704
705
706
707
708
709
710
711
712
713
714
715
716
717
718
719
720
721
722
723
724
725
726
727
728
729
730
731
732
733
734
735
736
737
738
739
740
741
742
743
744
745
746
747
748
749
750
751
752
753
754
755
756
757
758
759
760
761
762
763
764
765
766
767
768
769
770
771
772
773
774
775
776
777
778
779
780
781
782
783
784
785
786
787
788
789
790
791
792
793
794
795
796
797
798
799
800
801
802
803
804
805
806
807
808
809
810
811
812
813
814
815
816
817
818
819
820
821
822
823
824
825
826
827
828
829
830
831
832
833
834
835
836
837
838
839
840
841
842
843
844
845
846
847
848
849
850
851
852
853
854
855
856
857
858
859
860
861
862
863
864
865
866
867
868
869
870
871
872
873
874
875
876
877
878
879
880
881
882
883
884
885
886
887
888
889
890
891
892
893
894
895
896
897
898
899
900
901
902
903
904
905
906
907
908
909
910
911
912
913
914
915
916
917
918
919
920
921
922
923
924
925
926
927
928
929
930
931
932
933
934
935
936
937
938
939
940
941
942
943
944
945
946
947
948
949
950
951
952
953
954
955
956
957
958
959
960
961
962
963
964
965
966
967
968
969
970
971
972
973
974
975
976
977
978
979
980
981
982
983
984
985
986
987
988
989
990
991
992
993
994
995
996
997
998
999
1000
1001
1002
1003
1004
1005
1006
1007
1008
1009
1010
1011
1012
1013
1014
1015
1016
1017
1018
1019
1020
1021
1022
1023
1024
1025
1026
1027
1028
1029
1030
1031
1032
1033
1034
1035
1036
1037
1038
1039
1040
1041
1042
1043
4000
1045
1046
1047
1048
1049
1050
1051
1052
1053
1054
1055
1056
1057
1058
1059
1060
1061
1062
1063
1064
1065
1066
1067
1068
1069
1070
1071
1072
1073
1074
1075
1076
1077
1078
1079
1080
1081
1082
1083
1084
1085
1086
1087
1088
1089
1090
1091
1092
1093
1094
1095
1096
1097
1098
1099
1100
1101
1102
1103
1104
1105
1106
1107
1108
1109
1110
1111
1112
1113
1114
1115
1116
1117
1118
1119
1120
1121
1122
1123
1124
1125
1126
1127
1128
1129
1130
1131
1132
1133
1134
1135
1136
1137
1138
1139
1140
1141
1142
1143
1144
1145
1146
1147
1148
1149
1150
1151
1152
1153
1154
1155
1156
1157
1158
1159
1160
1161
1162
1163
1164
1165
1166
1167
1168
1169
1170
1171
1172
1173
1174
1175
1176
1177
1178
1179
1180
1181
1182
1183
1184
1185
1186
1187
1188
1189
1190
1191
1192
1193
1194
1195
1196
1197
1198
1199
1200
1201
1202
1203
1204
1205
1206
1207
1208
1209
1210
1211
1212
1213
1214
1215
1216
1217
1218
1219
1220
1221
1222
1223
1224
1225
1226
1227
1228
1229
1230
1231
1232
1233
1234
1235
1236
1237
1238
1239
1240
1241
1242
1243
1244
1245
1246
1247
1248
1249
1250
1251
1252
1253
1254
1255
1256
1257
1258
1259
1260
1261
1262
1263
1264
1265
1266
1267
1268
1269
1270
1271
1272
1273
1274
1275
1276
1277
1278
1279
1280
1281
1282
1283
1284
1285
1286
1287
1288
1289
1290
1291
1292
1293
1294
1295
1296
1297
1298
1299
1300
1301
1302
1303
1304
1305
1306
1307
1308
1309
1310
1311
1312
1313
1314
1315
1316
1317
1318
1319
1320
1321
1322
1323
1324
1325
1326
1327
1328
1329
1330
1331
1332
1333
1334
1335
1336
1337
1338
1339
1340
1341
1342
1343
1344
1345
1346
1347
1348
1349
1350
1351
1352
1353
1354
1355
1356
1357
1358
1359
1360
1361
1362
1363
1364
1365
1366
1367
1368
1369
1370
1371
1372
1373
1374
1375
1376
1377
1378
1379
1380
1381
1382
1383
1384
1385
1386
1387
1388
1389
1390
1391
1392
1393
1394
1395
1396
1397
1398
1399
1400
1401
1402
1403
1404
1405
1406
1407
1408
1409
1410
1411
1412
1413
1414
1415
1416
1417
1418
1419
1420
1421
1422
1423
1424
1425
1426
1427
1428
1429
1430
1431
1432
1433
1434
1435
1436
1437
1438
1439
1440
1441
1442
1443
1444
1445
1446
1447
1448
1449
1450
1451
1452
1453
1454
1455
1456
1457
1458
1459
1460
1461
1462
1463
1464
1465
1466
1467
1468
1469
1470
1471
1472
1473
1474
1475
1476
1477
1478
1479
1480
1481
1482
1483
1484
1485
1486
1487
1488
1489
1490
1491
1492
1493
1494
1495
1496
1497
1498
1499
1500
1501
1502
1503
1504
1505
1506
1507
1508
1509
1510
1511
1512
1513
1514
1515
1516
1517
1518
1519
1520
1521
1522
1523
1524
1525
1526
1527
1528
1529
1530
1531
1532
1533
1534
1535
1536
1537
1538
1539
1540
1541
1542
1543
1544
1545
1546
1547
1548
1549
1550
1551
1552
1553
1554
1555
1556
1557
1558
1559
1560
1561
1562
1563
1564
1565
1566
1567
1568
1569
1570
1571
1572
1573
1574
1575
1576
1577
1578
1579
1580
1581
1582
1583
1584
1585
1586
1587
1588
1589
1590
1591
1592
1593
1594
1595
1596
1597
1598
1599
1600
1601
1602
1603
1604
1605
1606
1607
1608
1609
1610
1611
1612
1613
1614
1615
1616
1617
1618
1619
1620
1621
1622
1623
1624
1625
1626
1627
1628
1629
1630
1631
1632
1633
1634
1635
1636
1637
1638
1639
1640
1641
1642
1643
1644
1645
1646
1647
1648
1649
1650
1651
1652
1653
1654
1655
1656
1657
1658
1659
1660
1661
1662
1663
1664
1665
1666
1667
1668
1669
1670
1671
1672
1673
1674
1675
1676
1677
1678
1679
1680
1681
1682
1683
1684
1685
1686
1687
1688
1689
1690
1691
1692
1693
1694
1695
1696
1697
1698
1699
1700
1701
1702
1703
1704
1705
1706
1707
1708
1709
1710
1711
1712
1713
1714
1715
1716
1717
1718
1719
1720
1721
1722
1723
1724
1725
1726
1727
1728
1729
1730
1731
1732
1733
1734
1735
1736
1737
1738
1739
1740
1741
1742
1743
1744
1745
1746
1747
1748
1749
1750
1751
1752
1753
1754
1755
1756
1757
1758
1759
1760
1761
1762
1763
1764
1765
1766
1767
1768
1769
1770
1771
1772
1773
1774
1775
1776
1777
1778
1779
1780
1781
1782
1783
1784
1785
1786
1787
1788
1789
1790
1791
1792
1793
1794
1795
1796
1797
1798
1799
1800
1801
1802
1803
1804
1805
1806
1807
1808
1809
1810
1811
1812
1813
1814
1815
1816
1817
1818
1819
1820
1821
1822
1823
1824
1825
1826
1827
1828
1829
1830
1831
1832
1833
1834
1835
1836
1837
1838
1839
1840
1841
1842
1843
1844
1845
1846
1847
1848
1849
1850
1851
1852
1853
1854
1855
1856
1857
1858
1859
1860
1861
1862
1863
1864
1865
1866
1867
1868
1869
1870
1871
1872
1873
1874
1875
1876
1877
1878
1879
1880
1881
1882
1883
1884
1885
1886
1887
1888
1889
1890
1891
1892
1893
1894
1895
1896
1897
1898
1899
1900
1901
1902
1903
1904
1905
1906
1907
1908
1909
1910
1911
1912
1913
1914
1915
1916
1917
1918
1919
1920
1921
1922
1923
1924
1925
1926
1927
1928
1929
1930
1931
1932
1933
1934
1935
1936
1937
1938
1939
1940
1941
1942
1943
1944
1945
1946
1947
1948
1949
1950
1951
1952
1953
1954
1955
1956
1957
1958
1959
1960
1961
1962
1963
1964
1965
1966
1967
1968
1969
1970
1971
1972
1973
1974
1975
1976
1977
1978
1979
1980
1981
1982
1983
1984
1985
1986
1987
1988
1989
1990
1991
1992
1993
1994
1995
1996
1997
1998
1999
2000
2001
2002
2003
2004
2005
2006
2007
2008
2009
2010
2011
2012
2013
2014
2015
2016
2017
2018
2019
2020
2021
2022
2023
2024
2025
2026
2027
2028
2029
2030
2031
2032
2033
2034
2035
2036
2037
2038
2039
2040
2041
2042
2043
2044
2045
2046
2047
2048
2049
2050
2051
2052
2053
2054
2055
2056
2057
2058
2059
2060
2061
2062
2063
2064
2065
2066
2067
2068
2069
2070
2071
2072
2073
2074
2075
2076
2077
2078
2079
2080
2081
2082
2083
2084
2085
2086
2087
2088
2089
2090
2091
2092
2093
2094
2095
2096
2097
2098
2099
2100
2101
2102
2103
2104
2105
2106
2107
2108
2109
2110
2111
2112
2113
2114
2115
2116
2117
2118
2119
2120
2121
2122
2123
2124
2125
2126
2127
2128
2129
2130
2131
2132
2133
2134
2135
2136
2137
2138
2139
2140
2141
2142
2143
2144
2145
2146
2147
2148
2149
2150
2151
2152
2153
2154
2155
2156
2157
2158
2159
2160
2161
2162
2163
2164
2165
2166
2167
2168
2169
2170
2171
2172
2173
2174
2175
2176
2177
2178
2179
2180
2181
2182
2183
2184
2185
2186
2187
2188
2189
2190
2191
2192
2193
2194
2195
2196
2197
2198
2199
2200
2201
2202
2203
2204
2205
2206
2207
2208
2209
2210
2211
2212
2213
2214
2215
2216
2217
2218
2219
2220
2221
2222
2223
2224
2225
2226
2227
2228
2229
2230
2231
2232
2233
2234
2235
2236
2237
2238
2239
2240
2241
2242
2243
2244
2245
2246
2247
2248
2249
2250
2251
2252
2253
2254
2255
2256
2257
2258
2259
2260
2261
2262
2263
2264
2265
2266
2267
2268
2269
2270
2271
2272
2273
2274
2275
2276
2277
2278
2279
2280
2281
2282
2283
2284
2285
2286
2287
2288
2289
2290
2291
2292
2293
3793
2295
2296
2297
2298
2299
2300
2301
2302
2303
2304
2305
2306
2307
2308
2309
2310
2311
2312
2313
2314
2315
2316
2317
2318
2319
2320
2321
2322
2323
2324
2325
2326
2327
2328
2329
2330
2331
2332
2333
2334
2335
2336
2337
2338
2339
2340
2341
2342
2343
2344
2345
2346
2347
2348
2349
2350
2351
2352
2353
2354
2355
2356
2357
2358
2359
2360
2361
2362
2363
2364
2365
2366
2367
2368
2369
2370
2371
2372
2373
2374
2375
2376
2377
2378
2379
2380
2381
2382
2383
2384
2385
2386
2387
2388
2389
2390
2391
2392
2393
2394
2395
2396
2397
2398
2399
2400
2401
2402
2403
2404
2405
2406
2407
2408
2409
2410
2411
2412
2413
2414
2415
2416
2417
2418
2419
2420
2421
2422
2423
2424
2425
2426
2427
2428
2429
2430
2431
2432
2433
2434
2435
2436
2437
2438
2439
2440
2441
2442
2443
2444
2445
2446
2447
2448
2449
2450
2451
2452
2453
2454
2455
2456
2457
2458
2459
2460
2461
2462
2463
2464
2465
2466
2467
2468
2469
2470
2471
2472
2473
2474
2475
2476
2477
2478
2479
2480
2481
2482
2483
2484
2485
2486
2487
2488
2489
2490
2491
2492
2493
2494
2495
2496
2497
2498
2499
2500
2501
2502
2503
2504
2505
2506
2507
2508
2509
2510
2511
2512
2513
2514
2515
2516
2517
2518
2519
2520
2521
2522
2523
2524
2525
2526
2527
2528
2529
2530
2531
2532
2533
2534
2535
2536
2537
2538
2539
2540
2541
2542
2543
2544
2545
2546
2547
2548
2549
2550
2551
2552
2553
2554
2555
2556
2557
2558
2559
2560
2561
2562
2563
2564
2565
2566
2567
2568
2569
2570
2571
2572
2573
2574
2575
2576
2577
2578
2579
2580
2581
2582
2583
2584
2585
2586
2587
2588
2589
2590
2591
2592
2593
2594
2595
2596
2597
2598
2599
2600
2601
2602
2603
2604
2605
2606
2607
2608
2609
2610
2611
2612
2613
2614
2615
2616
2617
2618
2619
2620
2621
2622
2623
2624
2625
2626
2627
2628
2629
2630
2631
2632
2633
2634
2635
2636
2637
2638
2639
2640
2641
2642
2643
2644
2645
2646
2647
2648
2649
2650
2651
2652
2653
2654
2655
2656
2657
2658
2659
2660
2661
2662
2663
2664
2665
2666
2667
2668
2669
2670
2671
2672
2673
2674
2675
2676
2677
2678
2679
2680
2681
2682
2683
2684
2685
2686
2687
2688
2689
2690
2691
2692
2693
2694
2695
2696
2697
2698
2699
2700
2701
2702
2703
2704
2705
2706
2707
2708
2709
2710
2711
2712
2713
2714
2715
2716
2717
2718
2719
2720
2721
2722
2723
2724
2725
2726
2727
2728
2729
2730
2731
2732
2733
2734
2735
2736
2737
2738
2739
2740
2741
2742
2743
2744
2745
2746
2747
2748
2749
2750
2751
2752
2753
2754
2755
2756
2757
2758
2759
2760
2761
2762
2763
2764
2765
2766
2767
2768
2769
2770
2771
2772
2773
2774
2775
2776
2777
2778
2779
2780
2781
2782
2783
2784
2785
2786
2787
2788
2789
2790
2791
2792
2793
2794
2795
2796
2797
2798
2799
2800
2801
2802
2803
2804
2805
2806
2807
2808
2809
2810
2811
2812
2813
2814
2815
2816
2817
2818
2819
2820
2821
2822
2823
2824
2825
2826
2827
2828
2829
2830
2831
2832
2833
2834
2835
2836
2837
2838
2839
2840
2841
2842
2843
2844
2845
2846
2847
2848
2849
2850
2851
2852
2853
2854
2855
2856
2857
2858
2859
2860
2861
2862
2863
2864
2865
2866
2867
2868
2869
2870
2871
2872
2873
2874
2875
2876
2877
2878
2879
2880
2881
2882
2883
2884
2885
2886
2887
2888
2889
2890
2891
2892
2893
2894
2895
2896
2897
2898
2899
2900
2901
2902
2903
2904
2905
2906
2907
2908
2909
2910
2911
2912
2913
2914
2915
2916
2917
2918
2919
2920
2921
2922
2923
2924
2925
2926
2927
2928
2929
2930
2931
2932
2933
2934
2935
2936
2937
2938
2939
2940
2941
2942
2943
2944
2945
2946
2947
2948
2949
2950
2951
2952
2953
2954
2955
2956
2957
2958
2959
2960
2961
2962
2963
2964
2965
2966
2967
2968
2969
2970
2971
2972
2973
2974
2975
2976
2977
2978
2979
2980
2981
2982
2983
2984
2985
2986
2987
2988
2989
2990
2991
2992
2993
2994
2995
2996
2997
2998
2999
3000
3001
3002
3003
3004
3005
3006
3007
3008
3009
3010
3011
3012
3013
3014
3015
3016
3017
3018
3019
3020
3021
3022
3023
3024
3025
3026
3027
3028
3029
3030
3031
3032
3033
3034
3035
3036
3037
3038
3039
3040
3041
3042
3043
3044
3045
3046
3047
3048
3049
3050
3051
3052
3053
3054
3055
3056
3057
3058
3059
3060
3061
3062
3063
3064
3065
3066
3067
3068
3069
3070
3071
3072
3073
3074
3075
3076
3077
3078
3079
3080
3081
3082
3083
3084
3085
3086
3087
3088
3089
3090
3091
3092
3093
3094
3095
3096
3097
3098
3099
3100
3101
3102
3103
3104
3105
3106
3107
3108
3109
3110
3111
3112
3113
3114
3115
3116
3117
3118
3119
3120
3121
3122
3123
3124
3125
3126
3127
3128
3129
3130
3131
3132
3133
3134
3135
3136
3137
3138
3139
3140
3141
3142
3143
3144
3145
3146
3147
3148
3149
3150
3151
3152
3153
3154
3155
3156
3157
3158
3159
3160
3161
3162
3163
3164
3165
3166
3167
3168
3169
3170
3171
3172
3173
3174
3175
3176
3177
3178
3179
3180
3181
3182
3183
3184
3185
3186
3187
3188
3189
3190
3191
3192
3193
3194
3195
3196
3197
3198
3199
3200
3201
3202
3203
3204
3205
3206
3207
3208
3209
3210
3211
3212
3213
3214
3215
3216
3217
3218
3219
3220
3221
3222
3223
3224
3225
3226
3227
3228
3229
3230
3231
3232
3233
3234
3235
3236
3237
3238
3239
3240
3241
3242
3243
3244
3245
3246
3247
3248
3249
3250
3251
3252
3253
3254
3255
3256
3257
3258
3259
3260
3261
3262
3263
3264
3265
3266
3267
3268
3269
3270
3271
3272
3273
3274
3275
3276
3277
3278
3279
3280
3281
3282
3283
3284
3285
3286
3287
3288
3289
3290
3291
3292
3293
3294
3295
3296
3297
3298
3299
3300
3301
3302
3303
3304
3305
3306
3307
3308
3309
3310
3311
3312
3313
3314
3315
3316
3317
3318
3319
3320
3321
3322
3323
3324
3325
3326
3327
3328
3329
3330
3331
3332
3333
3334
3335
3336
3337
3338
3339
3340
3341
3342
3343
3344
3345
3346
3347
3348
3349
3350
3351
3352
3353
3354
3355
3356
3357
3358
3359
3360
3361
3362
3363
3364
3365
3366
3367
3368
3369
3370
3371
3372
3373
3374
3375
3376
3377
3378
3379
3380
3381
3382
3383
3384
3385
3386
3387
3388
3389
3390
3391
3392
3393
3394
3395
3396
3397
3398
3399
3400
3401
3402
3403
3404
3405
3406
3407
3408
3409
3410
3411
3412
3413
3414
3415
3416
3417
3418
3419
3420
3421
3422
3423
3424
3425
3426
3427
3428
3429
3430
3431
3432
3433
3434
3435
3436
3437
3438
3439
3440
3441
3442
3443
3444
3445
3446
3447
3448
3449
3450
3451
3452
3453
3454
3455
3456
3457
3458
3459
3460
3461
3462
3463
3464
3465
3466
3467
3468
3469
3470
3471
3472
3473
3474
3475
3476
3477
3478
3479
3480
3481
3482
3483
3484
3485
3486
3487
3488
3489
3490
3491
3492
3493
3494
3495
3496
3497
3498
3499
3500
3501
3502
3503
3504
3505
3506
3507
3508
3509
3510
3511
3512
3513
3514
3515
3516
3517
3518
3519
3520
3521
3522
3523
3524
3525
3526
3527
3528
3529
3530
3531
3532
3533
3534
3535
3536
3537
3538
3539
3540
3541
3542
3543
3793
3545
3546
3547
3548
3549
3550
3551
3552
3553
3554
3555
3556
3557
3558
3559
3560
3561
3562
3563
3564
3565
3566
3567
3568
3569
3570
3571
3572
3573
3574
3575
3576
3577
3578
3579
3580
3581
3582
3583
3584
3585
3586
3587
3588
3589
3590
3591
3592
3593
3594
3595
3596
3597
3598
3599
3600
3601
3602
3603
3604
3605
3606
3607
3608
3609
3610
3611
3612
3613
3614
3615
3616
3617
3618
3619
3620
3621
3622
3623
3624
3625
3626
3627
3628
3629
3630
3631
3632
3633
3634
3635
3636
3637
3638
3639
3640
3641
3642
3643
3644
3645
3646
3647
3648
3649
3650
3651
3652
3653
3654
3655
3656
3657
3658
3659
3660
3661
3662
3663
3664
3665
3666
3667
3668
3669
3670
3671
3672
3673
3674
3675
3676
3677
3678
3679
3680
3681
3682
3683
3684
3685
3686
3687
3688
3689
3690
3691
3692
3693
3694
3695
3696
3697
3698
3699
3700
3701
3702
3703
3704
3705
3706
3707
3708
3709
3710
3711
3712
3713
3714
3715
3716
3717
3718
3719
3720
3721
3722
3723
3724
3725
3726
3727
3728
3729
3730
3731
3732
3733
3734
3735
3736
3737
3738
3739
3740
3741
3742
3743
3744
3745
3746
3747
3748
3749
3750
3751
3752
3753
3754
3755
3756
3757
3758
3759
3760
3761
3762
3763
3764
3765
3766
3767
3768
3769
3770
3771
3772
3773
3774
3775
3776
3777
3778
3779
3780
3781
3782
3783
3784
3785
3786
3787
3788
3789
3790
3791
3792
3793
3794
3795
3796
3797
3798
3799
3800
3801
3802
3803
3804
3805
3806
3807
3808
3809
3810
3811
3812
3813
3814
3815
3816
3817
3818
3819
3820
3821
3822
3823
3824
3825
3826
3827
3828
3829
3830
3831
3832
3833
3834
3835
3836
3837
3838
3839
3840
3841
3842
3843
3844
3845
3846
3847
3848
3849
3850
3851
3852
3853
3854
3855
3856
3857
3858
3859
3860
3861
3862
3863
3864
3865
3866
3867
3868
3869
3870
3871
3872
3873
3874
3875
3876
3877
3878
3879
3880
3881
3882
3883
3884
3885
3886
3887
3888
3889
3890
3891
3892
3893
3894
3895
3896
3897
3898
3899
3900
3901
3902
3903
3904
3905
3906
3907
3908
3909
3910
3911
3912
3913
3914
3915
3916
3917
3918
3919
3920
3921
3922
3923
3924
3925
3926
3927
3928
3929
3930
3931
3932
3933
3934
3935
3936
3937
3938
3939
3940
3941
3942
3943
3944
3945
3946
3947
3948
3949
3950
3951
3952
3953
3954
3955
3956
3957
3958
3959
3960
3961
3962
3963
3964
3965
3966
3967
3968
3969
3970
3971
3972
3973
3974
3975
3976
3977
3978
3979
3980
3981
3982
3983
3984
3985
3986
3987
3988
3989
3990
3991
3992
3993
3994
3995
3996
3997
3998
3999
4000

1
4
1
2
3
4


2
3
4


1
80
346
7182
2465
9731
1235
8781
8928
5356
1365
7252
5771
7074
3538
1755
4579
3839
7806
1610
8118
2565
4079
5328
5165
3278
6540
4552
6875
7897
27
1446
8961
9659
1925
5065
7414
5493
8833
451
8981
5575
3599
5437
4256
2112
7287
2559
8143
5534
4811
2870
5265
2149
2582
4302
5902
4749
6443
8283
1992
7193
5485
2744
8491
1761
5593
3189
9651
2417
5592
2444
2180
2230
9042
7295
6400
1755
4052
8803
9737
76
79
4
4
78
7
7
11
10
10
11
19
14
14
18
17
17
18
19
35
22
22
26
25
25
26
34
29
29
33
32
32
33
34
35
36
68
39
39
43
42
42
43
51
46
46
50
49
49
50
51
67
54
54
58
57
57
58
66
61
61
65
64
64
65
66
67
68
77
71
71
76
75
74
75
76
77
78
79
80

1
80
9597
6810
9869
4533
3037
1252
7186
4086
7195
884
3183
5105
1000
7165
5732
5984
6269
3945
5509
1296
5333
3134
9830
5513
1327
7525
6569
9737
183
9155
9859
9492
2357
955
5502
8295
1025
7432
9055
6301
7051
4901
4527
1385
7047
8384
2319
1343
8664
7026
7088
263
3234
863
9980
691
9764
760
4344
7239
9281
2752
1986
4971
4191
7512
44
5019
5084
1438
5965
1570
7299
7441
3180
5836
4706
1906
8800
8016
2
78
4
78
6
78
8
78
10
78
12
78
14
78
16
78
18
78
20
78
22
78
24
78
26
78
28
78
30
78
32
78
34
78
36
78
78
39
78
41
78
43
78
45
78
47
78
49
78
51
78
53
78
55
78
57
78
59
78
61
78
63
78
65
78
67
78
69
78
71
78
73
78
75
78
77
78
79
80

3
3
1000
200
1000
2
3
8
8
0
8
0
0
0
0
10
2
5
4
5
6
7
8
10
150
200
0
5000
0
100
0
0
0
10000
10
3
8
5
8
7
8
9
10

1
4000
2720
9439
8164
5500
5015
410
592
4465
3912
1485
7115
9306
4319
3492
8803
9884
5283
9662
9836
204
2256
916
566
2969
2603
8321
7742
307
149
5920
488
620
9533
8282
1483
2163
492
4539
2983
7273
7526
9342
1844
3392
1681
5783
1521
8832
6358
325
5711
9447
1671
9911
4060
320
6443
5352
7468
53
9508
1203
1284
6806
2883
9940
7538
2315
2459
7823
7155
1995
3509
9841
7264
2077
4162
4246
7967
9375
4715
3682
8399
922
7107
7791
6535
3842
6309
5577
8061
356
7504
8123
5870
9
7649
4781
8318
8017
6217
8264
2744
5664
6340
4121
5009
235
4773
6338
156
3590
2606
7440
5145
730
5097
88
3046
2133
7639
5482
327
3736
3480
7715
8017
8498
8635
4124
8500
8884
6791
6167
11
260
2643
274
5135
7668
9371
523
9559
9076
6513
6741
8382
6423
8111
2473
4159
9118
3372
4713
6717
7021
4431
7503
7988
9685
9908
9767
1784
1621
4542
9828
5967
2907
3586
2629
9426
2186
8948
9711
6356
5845
9832
1547
2627
9700
871
5337
7304
8565
5667
7752
6179
5564
7640
8826
2257
9465
3892
9976
5876
5252
8001
4099
9244
5459
1277
9188
6557
2135
1485
7704
8070
2327
9427
4135
4759
6426
4187
204
2128
5169
7526
4466
1063
6489
6908
8416
2723
720
8660
8512
6555
9817
3051
1789
6970
2808
997
4245
9025
899
1602
2968
5869
8412
6670
288
5238
9052
5460
1479
7356
4585
8042
2620
4748
9344
4720
2226
8955
1478
9971
5202
7691
4206
8244
9640
1670
6792
4871
5674
5623
7586
6605
2955
6088
9791
3189
8119
2517
7812
1812
8802
7502
5680
1191
3188
205
6359
2147
6435
2212
2689
6746
4205
7542
1884
813
9951
4683
5649
4196
5471
7211
4411
7447
7073
8280
1332
8447
205
810
7482
6182
6085
7254
5072
6777
2482
3769
1271
2015
3989
6091
1240
4825
2823
6502
273
5350
2291
7577
9365
4929
6653
7037
1677
6476
3946
4716
4713
5237
7429
2480
3355
6445
8031
7275
3864
5222
7752
3167
5661
5746
2891
1188
3326
9201
3851
8567
551
257
6579
9818
4106
3872
8711
6981
4087
1685
1913
839
1416
814
388
6844
3282
6575
50
2921
4047
6014
2932
8885
2495
9159
3220
5729
597
476
3534
7924
4216
4094
5038
6333
7754
7785
1032
7494
7673
9982
9904
1301
7125
2123
4969
7112
3453
3356
6574
4492
9657
5830
197
666
1782
9337
1291
2829
6638
6360
8163
2895
6333
9307
9584
8347
4571
393
1286
3532
9542
3962
9184
4245
9694
2354
7876
5983
9243
5599
2889
5111
3708
7731
6366
4559
7236
8852
8517
9028
7942
7645
328
6794
1573
332
8878
6502
8992
4886
1202
4513
7546
774
5859
3018
6703
6680
4012
2865
7083
2177
3937
9431
3005
1194
3768
9685
1594
4788
9423
8557
5199
7251
173
3109
4010
9863
9764
6821
4963
4764
3956
7903
2530
8638
2500
5205
7949
5845
1995
3338
9714
2914
2946
4545
7389
9410
1161
1144
2490
7922
7404
1791
7825
907
4777
2792
3499
1969
5284
802
1775
1234
9806
7204
7580
9791
7226
2420
8686
4007
202
2643
7956
1941
3239
4141
6260
2631
2655
9582
5621
9831
3339
5225
4778
6140
7130
9068
514
2150
3484
2024
1133
8620
2552
2763
3857
4187
1741
573
9133
8750
4547
5503
4813
8070
3508
9408
7397
5140
8617
1023
5454
6556
3803
4035
4347
5495
2581
755
7495
5656
5793
9136
7240
4014
194
143
9447
6099
991
557
5563
6030
3652
2510
8091
6174
8861
4838
1775
5253
3017
909
8322
3803
3478
809
7180
1693
478
6060
7555
7911
194
3839
3478
743
4427
4279
1749
6157
7050
536
3540
5213
7070
9020
145
2371
4897
1721
8712
8555
4505
5485
2869
449
2029
2556
9684
2872
5079
7578
7386
7227
799
2344
8768
5905
1205
568
962
5138
3752
4255
5364
1170
9015
5936
8524
9839
7380
4767
7874
5709
7451
1579
4728
1703
7653
6361
2861
3197
3051
4246
4976
8664
9429
511
3648
4707
6284
1493
1578
1475
6765
1084
8405
3685
2595
3657
8786
4132
182
7085
5084
3347
2373
4421
4507
4585
1548
8632
4236
5815
7692
8219
3097
5316
1429
3926
6834
3295
4228
8431
7817
4473
6242
993
971
1242
7890
917
4589
7547
1461
8474
98
4874
8540
5526
9039
3746
2851
6284
2944
5197
1471
7471
571
6429
2759
6616
6331
3727
8377
5183
2036
9918
7596
5954
3401
7358
1598
3261
2549
9214
5690
2603
83
6561
5014
4730
2608
5320
2044
9504
2641
4152
5088
9541
9397
3832
2344
9312
6991
1923
3684
6833
3848
5239
4658
1912
339
2240
7662
6549
5963
5892
9246
148
7953
1705
6844
8191
5148
8718
9376
6567
8156
9203
2146
4350
9160
3977
5545
9822
9387
8077
1171
915
5308
5236
3160
8700
3320
2591
1549
2172
8429
3941
300
7668
4150
7660
818
2292
5709
7132
660
8191
3166
7449
9823
2462
8144
4347
7649
2415
9592
8072
5710
2334
4800
2407
4545
8718
4264
2278
6462
7511
1351
8670
4174
7481
6294
4096
9210
871
9441
4250
7777
1470
2884
587
4687
8563
5857
6322
9488
9178
3608
665
3041
1622
8536
7941
7829
3045
3777
4179
3809
6282
1219
9984
4762
3958
828
726
7547
4121
9606
21
872
1579
9018
1150
5797
1380
8134
5028
1093
6732
5636
8931
8659
9503
908
6412
2817
5617
5488
8497
4936
4685
7227
98
1676
2329
7671
3729
1988
3396
387
408
7988
4763
4794
8964
1501
9755
768
1557
1501
501
7130
6993
3120
5199
578
777
4394
8742
5028
5292
4626
5034
6366
936
4977
6973
885
1909
5127
8610
1729
6783
6377
826
218
2097
5075
17
5365
8149
8294
3224
7717
3816
1325
9612
7557
5580
9181
287
3584
8183
577
102
3208
5915
3444
5460
345
9122
2077
655
121
9913
315
389
4177
6646
4921
8723
2133
9702
1557
7261
5478
1538
3505
1313
1406
6107
4630
9672
5686
6198
5971
4349
2574
3861
6260
222
2462
7972
310
4523
1472
824
7330
6565
6264
8466
9915
1638
8381
6550
9005
6864
8671
9035
3670
9155
9612
8434
9129
7596
1023
2406
6683
6807
3542
7751
5374
3343
4702
3904
8810
4726
8119
2685
2024
3643
5600
9389
2007
253
5446
420
8800
1915
6353
2323
2695
1865
462
5167
1703
7300
544
7995
9723
1693
470
7802
6908
2106
1506
1449
4183
8866
1550
8335
7711
9031
5741
3769
746
7341
9082
1602
9664
2663
9738
8226
6402
213
5068
2000
2924
229
6737
4469
1109
2558
3626
4394
1747
2948
337
3148
3704
6114
9909
9767
5692
3666
8086
4825
6135
1622
3434
2123
5199
1829
1209
7020
7437
3646
9679
8486
5759
3187
1363
674
9968
6751
9097
9631
1669
1702
228
3764
855
8944
8010
4396
5250
964
1494
1985
1912
5167
4721
1068
1526
1233
5847
3483
4000
406
396
6169
8659
4024
7073
9229
6345
5652
2785
7418
2240
4274
8889
2606
4516
5711
1199
8716
1795
2442
5304
6285
4172
7596
145
5450
1494
4861
1690
6834
3476
9799
9888
1678
1614
6593
1617
4594
6131
8429
7782
5556
6758
9515
3002
4406
984
8822
2016
9958
7827
9931
8658
6738
3633
1521
9171
4367
5468
8051
7723
4709
7852
2047
9766
6838
7689
1567
2630
9973
4441
7536
7776
4179
8845
7259
4926
2722
3075
4387
2672
7331
5178
4155
2995
3225
6470
2465
1823
2294
2283
4026
9848
6008
8783
5179
7075
5973
5499
6017
3045
3167
2820
9723
6172
9936
712
1120
5491
7589
8305
4213
5898
9991
2860
487
950
1561
661
8541
9966
7922
568
3128
2540
9259
5614
7920
656
7592
1135
8859
2272
1373
8412
1115
1227
1752
1196
1631
7655
1190
8072
9647
5747
7577
1991
1886
5634
2344
8324
2273
6059
393
2544
7085
6344
7257
7926
4484
9949
2050
3190
551
5293
5799
9255
8984
9401
2504
4496
9706
3009
9201
7456
2286
1245
8534
236
5181
565
3245
9616
5242
5223
570
9386
9805
9606
9455
7775
53
6608
1918
2459
6490
6978
5007
5392
6661
6687
9965
4683
1394
5408
7599
5344
3326
3288
6491
3718
2947
8178
7895
5742
3962
1784
9373
5171
6127
674
4029
5812
8363
2592
2139
9512
7872
471
9408
5689
3480
8221
232
7154
8052
1188
8726
4118
8254
5025
2960
3244
7152
5776
5881
8887
8836
8866
7631
8827
1280
9722
2086
8894
420
4636
3448
1152
3286
281
9680
14
8433
4250
131
5253
8278
9969
872
3647
139
200
3768
2950
5053
8596
3510
4108
4613
3801
539
921
4442
984
4494
8200
3625
8198
1768
3940
8302
6410
3029
4094
2347
3750
7997
2248
2740
9648
928
9501
7041
5873
1978
92
5242
5765
9280
5886
1773
210
7136
1072
5485
5906
7389
1
51
2411
3258
6048
6261
2083
6443
5578
1015
8939
1379
2892
7703
9933
2953
5874
8468
9980
1733
398
6307
5443
575
6637
7791
1957
7491
5730
4285
7571
5672
8001
2629
3738
3691
562
7212
3991
973
9482
6017
4459
6167
9413
1164
5178
7516
7486
7260
8338
1428
6633
488
552
4889
3494
4064
1554
3207
5037
6582
9725
4267
8467
9465
1255
351
6799
1246
2554
671
4640
6156
2655
9622
7473
5082
1755
3491
6136
7361
9618
7832
9550
5146
7416
1806
479
187
1404
2209
4718
3189
9222
8820
9299
8044
2359
8053
60
7927
4785
5989
6261
5942
9404
2863
4752
6132
4853
8119
5075
3578
1126
6293
8392
427
1235
4758
9615
669
2150
3062
522
5794
7626
5147
5669
9031
340
6223
3850
7424
4689
1293
2966
9509
9361
3448
4105
8639
2618
9817
4392
5591
664
4455
7500
563
1325
727
2594
9010
7160
7069
5337
8229
7173
4312
3338
3706
2242
2097
657
9221
4786
1727
7178
1559
6743
8298
755
8452
9817
8971
9773
912
7474
8330
3672
7612
6877
1636
5723
1580
1423
3251
4799
185
7686
5538
7777
1405
1779
5096
605
7219
2259
719
5495
2906
3750
3617
5488
7282
2798
940
4801
3235
941
7668
981
8107
8572
2504
4799
9090
8631
9122
1008
6508
756
7588
6975
1237
842
9033
9741
5062
2632
123
5630
3360
7660
4775
1130
8835
7867
5260
4699
2394
282
2058
3396
8093
9010
5552
5980
296
2595
5209
3288
3178
848
5673
8656
8143
2613
267
3699
8579
5206
7929
3203
448
5382
1868
1815
3976
8304
8738
3264
2481
9983
4556
7698
1698
2480
1995
2589
3981
4458
3226
6283
7483
727
7514
9550
6613
7977
6311
5193
6496
1036
25
5646
6717
2377
3972
1730
1908
5293
8577
3308
4130
6116
7658
6588
3221
7599
3198
9476
1148
3626
6377
4415
4874
8746
4963
1476
5575
2446
3965
2394
7863
6874
360
5045
1846
300
8578
542
3330
2345
9948
4211
6006
1437
1552
6456
4094
4450
7110
3756
4356
6582
8563
5174
3411
4623
12
6927
1091
6389
3669
6997
7453
2394
7677
9509
1093
8896
5169
5175
1750
6295
4239
3437
7552
5789
4695
4655
8174
1512
1892
5957
6610
6757
7309
7816
4628
1536
637
3682
561
5310
1085
3354
5981
9971
2894
6585
7995
3031
5079
569
1280
1091
4952
56
3497
2838
3465
5622
625
8003
9225
2302
8128
1989
4781
4356
6850
4113
9956
1801
3841
2428
3681
9138
8774
2421
9613
3713
8233
3376
6424
2747
9922
8789
5653
209
4869
3503
2843
8710
2181
3760
3763
4697
7056
9913
7517
3845
5976
2157
4587
6533
418
5607
4568
3796
451
1966
4943
5981
3749
1792
1756
6586
2802
7379
2040
172
925
5484
5710
9691
9103
7256
1181
6496
456
4169
6217
9510
8345
8643
3904
1990
8618
3527
6159
9156
3881
2786
2516
192
3135
699
4108
892
8799
2245
273
2208
2136
2640
2797
5646
4730
7688
3161
14
2472
1868
6486
6844
8177
6814
6865
8528
8316
9138
9898
5231
4620
9456
9798
2620
5537
9302
2551
7435
2395
1806
2918
1444
7700
5918
3824
9494
502
156
9341
4094
4800
5627
9287
5827
6704
8031
9419
9396
9508
163
4386
8817
2798
6192
1819
4957
2235
1791
2867
9153
5538
9637
5201
9992
6440
5282
8891
3114
5438
9773
8062
7030
6159
5238
5717
1027
895
2562
3312
4675
8264
8535
1674
8967
3355
1605
1212
8464
5115
5984
3092
4921
2973
6605
5551
8579
8954
460
5112
8047
6767
6274
1654
359
5217
1751
5936
8845
4962
9101
1067
5555
5791
5357
9988
7021
433
9114
900
6785
5642
6893
4744
2291
8293
8923
2103
9972
3710
1890
7429
1820
87
7927
9909
1159
424
4250
4533
5367
2969
4162
4558
5579
32
6372
5717
4068
791
8952
4412
1619
3218
9114
1169
7042
3178
6600
3610
5125
7280
3342
2465
2844
1992
1044
1973
3508
4870
4592
560
277
7899
2784
4463
6923
9870
9947
6641
6794
854
8439
7171
6258
9534
1377
5180
1875
967
3075
4129
9956
4296
9734
1528
6968
8864
5345
9133
797
9194
8413
6979
711
7177
5616
6940
5296
3748
9645
5059
5914
6608
8381
7956
9969
4038
5260
454
2109
9661
533
8725
4827
6127
2715
7759
985
1550
2265
9331
6831
1785
1903
1248
7902
7636
7799
3590
236
8622
2419
8466
5037
8335
711
8660
542
3446
4411
2809
5685
8472
4684
2828
2486
4739
6660
5921
8031
1080
9131
9635
5881
8578
1026
6505
6541
1589
495
8599
1051
904
3611
9500
6729
4065
4832
4120
701
5852
547
5661
7855
482
4881
7878
568
7024
7364
6826
6320
7746
7670
1262
7455
1302
1933
8960
1171
1828
988
7113
4805
3667
1076
8472
81
7233
876
6225
7439
6844
5905
8888
9119
3235
3377
4109
8829
8054
5924
9338
3721
1340
3499
8576
2571
5172
4934
1796
3363
9095
8328
6254
9449
4335
9108
6464
1109
4680
111
1072
7822
7892
5176
5229
5295
5999
1260
7856
4501
3621
5081
6355
2135
5961
8950
6809
3013
5855
6085
3406
7235
2424
6688
6421
4211
6751
4656
3301
9710
3950
4724
5107
6966
8761
9441
3279
3662
7518
66
376
1752
9562
3565
4677
9154
6897
1386
1894
9269
9969
860
3214
2562
6695
8601
5446
6238
1017
8488
4699
6777
1090
3960
3416
7640
8086
9016
2954
3294
7634
2387
5603
1111
8350
7390
8242
2224
261
5323
3567
9664
3432
8074
104
6888
5382
1696
2944
1422
6796
4415
2447
5836
8806
1962
6558
7747
4812
8488
9926
7995
4354
4159
4296
2202
7210
9288
6107
6313
9139
4194
7115
5653
6260
4646
2660
9054
8604
3693
8025
7096
5049
7776
6395
4524
2399
3551
3608
2029
809
2420
8702
9918
2147
3527
1073
8411
4365
9952
1244
9895
4905
576
2528
1020
4408
2786
5967
239
8673
1385
1879
9968
4626
7734
6517
7614
3570
666
582
8165
6687
6142
9957
2414
8410
4851
22
3170
7668
6193
1042
983
2950
8977
8912
7477
7173
9467
3507
4336
2673
1112
7116
6903
1787
2117
9902
7122
4884
4720
2487
2948
1162
6958
7831
4188
8074
3592
4565
1277
6829
8275
1014
5376
3567
7514
5883
7536
1169
6871
8328
1596
821
8173
3835
3198
8900
8115
5691
953
4103
4400
1419
9175
9574
7720
1518
4231
9906
2229
919
1450
2186
6734
2863
4269
8972
5196
7413
3132
4847
3501
3328
1137
5510
4525
883
425
2743
4768
6835
5096
4430
7925
5100
6535
4298
5940
2958
4044
1003
2465
7346
5870
3703
131
2951
3314
2848
1042
6425
2229
3464
6577
8200
6285
8399
5392
8249
1329
3001
5705
8615
1142
9237
6657
6994
187
4501
4707
5447
5082
6277
4035
3103
7960
803
279
6525
3780
708
7318
3334
3270
6447
2378
9426
5979
2817
4849
6196
5961
2708
2640
3723
2510
6757
8671
5070
4076
5908
5190
681
1951
3892
794
4095
7168
7089
4291
621
6593
1336
8105
4639
2102
3574
8008
1942
1578
5131
6167
7207
5153
7221
2402
5265
5672
9424
3419
3201
8024
340
1243
80
8140
8016
4277
2293
1611
2898
2715
6380
7589
9659
9459
8635
1796
5743
7993
5099
7583
9606
520
2147
2218
5043
2357
7137
6829
4586
9238
6843
6262
4187
9514
9904
7831
2217
9963
2950
4110
3992
7335
9474
7136
9150
5410
6977
9315
3733
9039
8004
403
566
5997
6937
3079
9745
6569
3116
2429
5917
3838
1414
806
9798
1926
764
7349
4703
2754
5062
2508
5393
2386
3459
7156
2870
2833
5066
4802
441
8625
5171
3624
1236
3855
484
7147
8085
7256
3621
3998
6177
3254
3592
2958
7076
7261
9428
6514
5484
9689
9180
6190
178
1078
9109
434
3428
1007
8938
2096
2371
6107
6730
1393
1411
6503
6818
2389
1550
2475
6312
4710
3497
1632
3436
6496
6415
2424
3951
3278
1744
547
2508
9633
3883
1313
4752
8808
7656
7506
5884
1504
230
329
5914
3969
9989
4064
6548
9797
6970
6289
3771
1289
9689
1116
3117
150
3474
787
4705
1053
7614
3813
794
6639
3226
8419
2213
6007
7589
8584
1377
9248
7058
2240
9166
144
2775
2953
4345
4702
4997
8892
3949
7042
9773
5892
3478
8893
760
8900
6230
4651
2503
1464
7800
282
3343
6151
2881
5656
3074
9869
5132
6474
271
5912
9609
2152
4069
7995
537
5159
9313
463
1416
3599
7261
3659
6546
6952
4305
7698
3527
6204
7760
505
4457
4575
2665
3450
1395
4746
5237
4952
4811
2711
9477
6037
7585
1782
6111
3170
6464
488
580
7459
1804
3448
139
7135
6155
219
8393
7295
6922
6673
792
400
1511
3115
351
6942
4041
8662
3063
3470
9004
151
7918
1178
7157
7602
7622
6548
412
4386
851
2521
9514
762
4738
5149
8156
2443
2863
9251
7312
8557
9129
5827
8554
6335
3131
3055
959
8279
2471
7064
5442
8741
8052
2477
2033
5862
8040
2267
4113
4757
9723
3916
6209
2969
8341
2931
6015
2951
5372
6495
6907
7028
2977
4559
9188
5118
627
9157
7956
8872
4175
2258
6812
7756
1134
1080
7308
9162
3945
8882
4343
1854
6666
2776
9906
9001
5769
649
3332
3422
422
6890
708
9261
9951
7264
1001
8611
6394
6713
8720
6183
3712
2863
9498
4913
8158
7522
1169
9806
1423
5740
8134
2381
7214
51
589
7010
8647
5927
9965
6772
3288
5138
3059
2165
6335
5120
5651
210
1111
2823
349
8974
4611
4967
3518
8866
6179
8931
11
4440
811
8062
7128
661
7513
7832
1405
4240
2967
3382
4155
6829
9781
2718
6099
6025
3831
2356
2386
8572
4961
4411
1324
3225
2826
10
7512
3527
7855
254
7018
4398
3017
3192
4150
202
118
1121
614
4762
94
2174
6479
4406
2508
9214
2641
4848
6413
5334
4154
2849
4101
6396
1584
5174
7812
701
9714
2605
6070
986
3782
2705
3544
8011
4219
2183
4255
9698
2751
6215
9511
5335
2658
900
6009
1752
7445
8528
4488
6612
7769
5612
8075
2749
5901
5342
5250
3844
3605
7571
6669
9746
3070
1595
1600
8211
3875
1649
70
9827
7298
8666
5035
549
626
4434
799
7125
673
2701
4585
1921
7192
9501
2467
9308
9680
1294
6303
6971
7521
2868
9291
2295
4498
8474
5914
3759
5158
1123
2059
8770
9832
4752
6470
2037
7406
1094
6166
4239
951
8686
1668
7326
204
650
6538
9251
3542
7803
5453
2878
3170
3288
8177
6973
8359
111
987
2930
9285
6587
2383
1351
3915
3202
5555
529
4515
6848
8044
8204
3928
2648
4406
9733
5745
1752
626
3396
6948
5898
4143
6190
8139
5545
2858
2245
7335
4128
3789
5667
5197
9663
1954
102
1220
3185
6341
776
4143
5495
845
3973
3167
2620
5243
9798
6055
4542
6617
6795
5821
2698
4190
7215
1034
1491
498
1359
5162
4963
8416
4190
6968
761
5409
7799
3509
9881
843
6586
2849
1597
7519
3168
680
7981
4072
2283
3138
9444
954
5718
1795
2780
7960
36
1944
4591
9496
8132
4085
493
5691
2902
3053
7014
9678
1510
6018
1294
9655
8292
9464
463
5742
7058
2794
1997
7794
4001
6699
9582
4607
8290
5366
3016
1569
8231
3122
5487
196
7584
6986
2343
6804
4515
5525
5863
1298
8275
3912
4986
8818
8803
5271
6012
9208
3197
7148
3475
373
7175
4319
5951
3510
9831
3941
4443
4314
520
1036
2584
5059
9864
1710
7591
4526
5807
4080
4038
5512
5490
5378
4155
1792
9182
6766
5619
7114
2786
3125
9615
5334
5317
7940
6971
8930
9248
3631
5658
4461
1885
5739
3143
8960
3
2815
898
2240
2911
2651
4787
1416
3710
6341
8869
7936
3984
6933
5627
6575
6846
7276
2268
5356
4584
4043
8980
6648
1176
5546
3363
324
8616
2890
1920
5260
2142
2885
745
8199
5792
7117
6428
2073
7679
9551
8351
4054
927
7218
1153
2185
7634
2492
4038
2453
1861
380
6041
3368
5354
5834
4226
7433
8774
1850
3972
6311
1369
1436
7613
169
7879
9250
2696
9183
5057
8749
6082
9237
4197
671
1118
4150
4940
4948
7264
3685
5932
452
8609
7899
38
5875
7452
9010
9223
3156
2875
4831
8440
8087
3163
7918
2707
3874
1961
7576
7245
1810
8654
1489
4946
3857
4272
6143
7332
2949
2950
9336
2499
9498
3003
1336
9388
1945
8423
2529
9738
7641
5134
9254
2437
8736
1555
3767
7289
4840
9899
3170
2159
2863
5410
4491
6538
935
1503
6195
74
8942
3020
4691
9680
8015
8058
2744
2750
8192
5572
401
6789
4726
8503
2010
7113
1315
2826
7678
3649
6475
5827
7549
54
4678
1348
1925
2730
411
9598
6134
2557
8521
7207
9221
8854
6769
6219
5894
5682
4678
8269
2145
4518
8659
5785
2305
5074
5709
3982
5519
7421
3070
6595
3259
8738
2819
4901
1692
5379
9906
251
2440
6057
4929
1138
7135
3830
3169
9046
4030
2996
9435
3012
7019
5624
5476
119
1946
3003
9123
7949
6763
6135
7720
7566
3005
110
1552
1309
4188
4391
1858
4
7848
4351
6170
6883
6472
6706
2350
426
5847
6875
5750
6647
1724
8563
8116
4125
5358
9087
8299
4169
1298
3221
5521
5731
6376
3107
769
3340
2731
7756
9571
8820
2989
3523
3689
2757
235
4695
9429
9330
3250
319
3058
4645
8230
9546
2567
6036
787
8165
436
3151
4293
5311
9754
5202
5761
9278
1079
668
3698
3866
6694
1471
89
2373
7839
5831
6950
213
3766
4632
504
9887
5041
8534
6354
6205
3519
7082
4433
6897
2694
3688
7900
4681
151
4460
2368
1569
1387
7874
1573
3064
7586
3554
1779
4881
1872
3852
7585
1104
7211
9821
6340
7950
775
6984
9817
7471
2945
5094
3526
5473
4272
6395
9019
3807
3252
1619
2870
5461
5775
3022
2402
5552
5236
1405
8044
3763
167
9870
4024
6548
6443
8681
1191
4323
9271
5819
5088
5820
5216
4298
4012
357
4190
6149
6157
5358
9760
1152
124
4726
785
4809
1286
2863
3158
7013
9669
2263
4376
3547
3842
7112
6174
3510
8282
6684
94
2099
9180
5728
320
1094
3322
3178
294
2610
4042
5035
5795
67
9738
3801
9626
1760
4719
9849
6618
6945
1771
8048
3607
5910
9818
15
4442
4133
3951
783
9033
9245
8968
1246
969
4889
9931
8557
8725
6327
5881
4720
2064
3218
8264
2057
2306
7261
4468
9369
3762
8940
3602
1595
2961
1947
7449
3147
2240
2687
597
8625
9042
4694
2727
7037
9560
2868
171
2817
3995
1925
2586
2924
1178
7999
1612
5257
7519
7586
6851
849
2515
3530
1935
3460
8314
5892
4886
8199
9419
346
1395
6036
5542
3194
6834
2997
2083
7532
5060
2438
1493
1983
3312
1945
9535
3098
9732
3463
6499
7713
162
5727
3123
6341
3302
3358
2911
6901
2089
6887
6666
4909
5577
8178
457
6314
5503
9805
6173
4978
6988
309
3242
3438
6761
8507
4991
7172
9269
8300
9351
6377
5156
5444
1065
643
4867
7792
17
5608
1761
6414
888
6825
6491
4494
7079
9767
5091
6199
2
3
4
5
6
7
8
9
10
11
12
13
14
15
16
17
18
19
20
21
22
23
24
25
26
27
28
29
30
31
32
33
34
35
36
37
38
39
40
41
42
43
44
45
46
47
48
49
50
51
52
53
54
55
56
57
58
59
60
61
62
63
64
65
66
67
68
69
70
71
72
73
74
75
76
77
78
79
80
81
82
83
84
85
86
87
88
89
90
91
92
93
94
95
96
97
98
99
100
101
102
103
104
105
106
107
108
109
110
111
112
113
114
115
116
117
118
119
120
121
122
123
124
125
126
127
128
129
130
131
132
133
134
135
136
137
138
139
140
141
142
143
144
145
146
147
148
149
150
151
152
153
154
155
156
157
158
159
160
161
162
163
164
165
166
167
168
169
170
171
172
173
174
175
176
177
178
179
180
181
182
183
184
185
186
187
188
189
190
191
192
193
194
195
196
197
198
199
200
201
202
203
204
205
206
207
208
209
210
211
212
213
214
215
216
217
218
219
220
221
222
223
224
225
226
227
228
229
230
231
232
233
234
235
236
237
238
239
240
241
242
243
244
245
246
247
248
249
250
251
252
253
254
255
256
257
258
259
260
261
262
263
264
265
266
267
268
269
270
271
272
273
274
275
276
277
278
279
280
281
282
283
284
285
286
287
288
289
290
291
292
293
294
295
296
297
298
299
300
301
302
303
304
305
306
307
308
309
310
311
312
313
314
315
316
317
318
319
320
321
322
323
324
325
326
327
328
329
330
331
332
333
334
335
336
337
338
339
340
341
342
343
344
345
346
347
348
349
350
351
352
353
354
355
356
357
358
359
360
361
362
363
364
365
366
367
368
369
370
371
372
373
374
375
376
377
378
379
380
381
382
383
384
385
386
387
388
389
390
391
392
393
394
395
396
397
398
399
400
401
402
403
404
405
406
407
408
409
410
411
412
413
414
415
416
417
418
419
420
421
422
423
424
425
426
427
428
429
430
431
432
433
434
435
436
437
438
439
440
441
442
443
444
445
446
447
448
449
450
451
452
453
454
455
456
457
458
459
460
461
462
463
464
465
466
467
468
469
470
471
472
473
474
475
476
477
478
479
480
481
482
483
484
485
486
487
488
489
490
491
492
493
494
495
496
497
498
499
500
501
502
503
504
505
506
507
508
509
510
511
512
513
514
515
516
517
518
519
520
521
522
523
524
525
526
527
528
529
530
531
532
533
534
535
536
537
538
539
540
541
542
543
544
545
546
547
548
549
550
551
552
553
554
555
556
557
558
559
560
561
562
563
564
565
566
567
568
569
570
571
572
573
574
575
576
577
578
579
580
581
582
583
584
585
586
587
588
589
590
591
592
593
594
595
596
597
598
599
600
601
602
603
604
605
606
607
608
609
610
611
612
613
614
615
616
617
618
619
620
621
622
623
624
625
626
627
628
629
630
631
632
633
634
635
636
637
638
639
640
641
642
643
644
645
646
647
648
649
650
651
652
653
654
655
656
657
658
659
660
661
662
663
664
665
666
667
668
669
670
671
672
673
674
675
676
677
678
679
680
681
682
683
684
685
686
687
688
689
690
691
692
693
694
695
696
697
698
699
700
701
702
703
704
705
706
707
708
709
710
711
712
713
714
715
716
717
718
719
720
721
722
723
724
725
726
727
728
729
730
731
732
733
734
735
736
737
738
739
740
741
742
743
744
745
746
747
748
749
750
751
752
753
754
755
756
757
758
759
760
761
762
763
764
765
766
767
768
769
770
771
772
773
774
775
776
777
778
779
780
781
782
783
784
785
786
787
788
789
790
791
792
793
794
795
796
797
798
799
800
801
802
803
804
805
806
807
808
809
810
811
812
813
814
815
816
817
818
819
820
821
822
823
824
825
826
827
828
829
830
831
832
833
834
835
836
837
838
839
840
841
842
843
844
845
846
847
848
849
850
851
852
853
854
855
856
857
858
859
860
861
862
863
864
865
866
867
868
869
870
871
872
873
874
875
876
877
878
879
880
881
882
883
884
885
886
887
888
889
890
891
892
893
894
895
896
897
898
899
900
901
902
903
904
905
906
907
908
909
910
911
912
913
914
915
916
917
918
919
920
921
922
923
924
925
926
927
928
929
930
931
932
933
934
935
936
937
938
939
940
941
942
943
944
945
946
947
948
949
950
951
952
953
954
955
956
957
958
959
960
961
962
963
964
965
966
967
968
969
970
971
972
973
974
975
976
977
978
979
980
981
982
983
984
985
986
987
988
989
990
991
992
993
994
995
996
997
998
999
1000
1001
1002
1003
1004
1005
1006
1007
1008
1009
1010
1011
1012
1013
1014
1015
1016
1017
1018
1019
1020
1021
1022
1023
1024
1025
1026
1027
1028
1029
1030
1031
1032
1033
1034
1035
1036
1037
1038
1039
1040
1041
1042
1043
4000
1045
1046
1047
1048
1049
1050
1051
1052
1053
1054
1055
1056
1057
1058
1059
1060
1061
1062
1063
1064
1065
1066
1067
1068
1069
1070
1071
1072
1073
1074
1075
1076
1077
1078
1079
1080
1081
1082
1083
1084
1085
1086
1087
1088
1089
1090
1091
1092
1093
1094
1095
1096
1097
1098
1099
1100
1101
1102
1103
1104
1105
1106
1107
1108
1109
1110
1111
1112
1113
1114
1115
1116
1117
1118
1119
1120
1121
1122
1123
1124
1125
1126
1127
1128
1129
1130
1131
1132
1133
1134
1135
1136
1137
1138
1139
1140
1141
1142
1143
1144
1145
1146
1147
1148
1149
1150
1151
1152
1153
1154
1155
1156
1157
1158
1159
1160
1161
1162
1163
1164
1165
1166
1167
1168
1169
1170
1171
1172
1173
1174
1175
1176
1177
1178
1179
1180
1181
1182
1183
1184
1185
1186
1187
1188
1189
1190
1191
1192
1193
1194
1195
1196
1197
1198
1199
1200
1201
1202
1203
1204
1205
1206
1207
1208
1209
1210
1211
1212
1213
1214
1215
1216
1217
1218
1219
1220
1221
1222
1223
1224
1225
1226
1227
1228
1229
1230
1231
1232
1233
1234
1235
1236
1237
1238
1239
1240
1241
1242
1243
1244
1245
1246
1247
1248
1249
1250
1251
1252
1253
1254
1255
1256
1257
1258
1259
1260
1261
1262
1263
1264
1265
1266
1267
1268
1269
1270
1271
1272
1273
1274
1275
1276
1277
1278
1279
1280
1281
1282
1283
1284
1285
1286
1287
1288
1289
1290
1291
1292
1293
1294
1295
1296
1297
1298
1299
1300
1301
1302
1303
1304
1305
1306
1307
1308
1309
1310
1311
1312
1313
1314
1315
1316
1317
1318
1319
1320
1321
1322
1323
1324
1325
1326
1327
1328
1329
1330
1331
1332
1333
1334
1335
1336
1337
1338
1339
1340
1341
1342
1343
1344
1345
1346
1347
1348
1349
1350
1351
1352
1353
1354
1355
1356
1357
1358
1359
1360
1361
1362
1363
1364
1365
1366
1367
1368
1369
1370
1371
1372
1373
1374
1375
1376
1377
1378
1379
1380
1381
1382
1383
1384
1385
1386
1387
1388
1389
1390
1391
1392
1393
1394
1395
1396
1397
1398
1399
1400
1401
1402
1403
1404
1405
1406
1407
1408
1409
1410
1411
1412
1413
1414
1415
1416
1417
1418
1419
1420
1421
1422
1423
1424
1425
1426
1427
1428
1429
1430
1431
1432
1433
1434
1435
1436
1437
1438
1439
1440
1441
1442
1443
1444
1445
1446
1447
1448
1449
1450
1451
1452
1453
1454
1455
1456
1457
1458
1459
1460
1461
1462
1463
1464
1465
1466
1467
1468
1469
1470
1471
1472
1473
1474
1475
1476
1477
1478
1479
1480
1481
1482
1483
1484
1485
1486
1487
1488
1489
1490
1491
1492
1493
1494
1495
1496
1497
1498
1499
1500
1501
1502
1503
1504
1505
1506
1507
1508
1509
1510
1511
1512
1513
1514
1515
1516
1517
1518
1519
1520
1521
1522
1523
1524
1525
1526
1527
1528
1529
1530
1531
1532
1533
1534
1535
1536
1537
1538
1539
1540
1541
1542
1543
1544
1545
1546
1547
1548
1549
1550
1551
1552
1553
1554
1555
1556
1557
1558
1559
1560
1561
1562
1563
1564
1565
1566
1567
1568
1569
1570
1571
1572
1573
1574
1575
1576
1577
1578
1579
1580
1581
1582
1583
1584
1585
1586
1587
1588
1589
1590
1591
1592
1593
1594
1595
1596
1597
1598
1599
1600
1601
1602
1603
1604
1605
1606
1607
1608
1609
1610
1611
1612
1613
1614
1615
1616
1617
1618
1619
1620
1621
1622
1623
1624
1625
1626
1627
1628
1629
1630
1631
1632
1633
1634
1635
1636
1637
1638
1639
1640
1641
1642
1643
1644
1645
1646
1647
1648
1649
1650
1651
1652
1653
1654
1655
1656
1657
1658
1659
1660
1661
1662
1663
1664
1665
1666
1667
1668
1669
1670
1671
1672
1673
1674
1675
1676
1677
1678
1679
1680
1681
1682
1683
1684
1685
1686
1687
1688
1689
1690
1691
1692
1693
1694
1695
1696
1697
1698
1699
1700
1701
1702
1703
1704
1705
1706
1707
1708
1709
1710
1711
1712
1713
1714
1715
1716
1717
1718
1719
1720
1721
1722
1723
1724
1725
1726
1727
1728
1729
1730
1731
1732
1733
1734
1735
1736
1737
1738
1739
1740
1741
1742
1743
1744
1745
1746
1747
1748
1749
1750
1751
1752
1753
1754
1755
1756
1757
1758
1759
1760
1761
1762
1763
1764
1765
1766
1767
1768
1769
1770
1771
1772
1773
1774
1775
1776
1777
1778
1779
1780
1781
1782
1783
1784
1785
1786
1787
1788
1789
1790
1791
1792
1793
1794
1795
1796
1797
1798
1799
1800
1801
1802
1803
1804
1805
1806
1807
1808
1809
1810
1811
1812
1813
1814
1815
1816
1817
1818
1819
1820
1821
1822
1823
1824
1825
1826
1827
1828
1829
1830
1831
1832
1833
1834
1835
1836
1837
1838
1839
1840
1841
1842
1843
1844
1845
1846
1847
1848
1849
1850
1851
1852
1853
1854
1855
1856
1857
1858
1859
1860
1861
1862
1863
1864
1865
1866
1867
1868
1869
1870
1871
1872
1873
1874
1875
1876
1877
1878
1879
1880
1881
1882
1883
1884
1885
1886
1887
1888
1889
1890
1891
1892
1893
1894
1895
1896
1897
1898
1899
1900
1901
1902
1903
1904
1905
1906
1907
1908
1909
1910
1911
1912
1913
1914
1915
1916
1917
1918
1919
1920
1921
1922
1923
1924
1925
1926
1927
1928
1929
1930
1931
1932
1933
1934
1935
1936
1937
1938
1939
1940
1941
1942
1943
1944
1945
1946
1947
1948
1949
1950
1951
1952
1953
1954
1955
1956
1957
1958
1959
1960
1961
1962
1963
1964
1965
1966
1967
1968
1969
1970
1971
1972
1973
1974
1975
1976
1977
1978
1979
1980
1981
1982
1983
1984
1985
1986
1987
1988
1989
1990
1991
1992
1993
1994
1995
1996
1997
1998
1999
2000
2001
2002
2003
2004
2005
2006
2007
2008
2009
2010
2011
2012
2013
2014
2015
2016
2017
2018
2019
2020
2021
2022
2023
2024
2025
2026
2027
2028
2029
2030
2031
2032
2033
2034
2035
2036
2037
2038
2039
2040
2041
2042
2043
2044
2045
2046
2047
2048
2049
2050
2051
2052
2053
2054
2055
2056
2057
2058
2059
2060
2061
2062
2063
2064
2065
2066
2067
2068
2069
2070
2071
2072
2073
2074
2075
2076
2077
2078
2079
2080
2081
2082
2083
2084
2085
2086
2087
2088
2089
2090
2091
2092
2093
2094
2095
2096
2097
2098
2099
2100
2101
2102
2103
2104
2105
2106
2107
2108
2109
2110
2111
2112
2113
2114
2115
2116
2117
2118
2119
2120
2121
2122
2123
2124
2125
2126
2127
2128
2129
2130
2131
2132
2133
2134
2135
2136
2137
2138
2139
2140
2141
2142
2143
2144
2145
2146
2147
2148
2149
2150
2151
2152
2153
2154
2155
2156
2157
2158
2159
2160
2161
2162
2163
2164
2165
2166
2167
2168
2169
2170
2171
2172
2173
2174
2175
2176
2177
2178
2179
2180
2181
2182
2183
2184
2185
2186
2187
2188
2189
2190
2191
2192
2193
2194
2195
2196
2197
2198
2199
2200
2201
2202
2203
2204
2205
2206
2207
2208
2209
2210
2211
2212
2213
2214
2215
2216
2217
2218
2219
2220
2221
2222
2223
2224
2225
2226
2227
2228
2229
2230
2231
2232
2233
2234
2235
2236
2237
2238
2239
2240
2241
2242
2243
2244
2245
2246
2247
2248
2249
2250
2251
2252
2253
2254
2255
2256
2257
2258
2259
2260
2261
2262
2263
2264
2265
2266
2267
2268
2269
2270
2271
2272
2273
2274
2275
2276
2277
2278
2279
2280
2281
2282
2283
2284
2285
2286
2287
2288
2289
2290
2291
2292
2293
3793
2295
2296
2297
2298
2299
2300
2301
2302
2303
2304
2305
2306
2307
2308
2309
2310
2311
2312
2313
2314
2315
2316
2317
2318
2319
2320
2321
2322
2323
2324
2325
2326
2327
2328
2329
2330
2331
2332
2333
2334
2335
2336
2337
2338
2339
2340
2341
2342
2343
2344
2345
2346
2347
2348
2349
2350
2351
2352
2353
2354
2355
2356
2357
2358
2359
2360
2361
2362
2363
2364
2365
2366
2367
2368
2369
2370
2371
2372
2373
2374
2375
2376
2377
2378
2379
2380
2381
2382
2383
2384
2385
2386
2387
2388
2389
2390
2391
2392
2393
2394
2395
2396
2397
2398
2399
2400
2401
2402
2403
2404
2405
2406
2407
2408
2409
2410
2411
2412
2413
2414
2415
2416
2417
2418
2419
2420
2421
2422
2423
2424
2425
2426
2427
2428
2429
2430
2431
2432
2433
2434
2435
2436
2437
2438
2439
2440
2441
2442
2443
2444
2445
2446
2447
2448
2449
2450
2451
2452
2453
2454
2455
2456
2457
2458
2459
2460
2461
2462
2463
2464
2465
2466
2467
2468
2469
2470
2471
2472
2473
2474
2475
2476
2477
2478
2479
2480
2481
2482
2483
2484
2485
2486
2487
2488
2489
2490
2491
2492
2493
2494
2495
2496
2497
2498
2499
2500
2501
2502
2503
2504
2505
2506
2507
2508
2509
2510
2511
2512
2513
2514
2515
2516
2517
2518
2519
2520
2521
2522
2523
2524
2525
2526
2527
2528
2529
2530
2531
2532
2533
2534
2535
2536
2537
2538
2539
2540
2541
2542
2543
2544
2545
2546
2547
2548
2549
2550
2551
2552
2553
2554
2555
2556
2557
2558
2559
2560
2561
2562
2563
2564
2565
2566
2567
2568
2569
2570
2571
2572
2573
2574
2575
2576
2577
2578
2579
2580
2581
2582
2583
2584
2585
2586
2587
2588
2589
2590
2591
2592
2593
2594
2595
2596
2597
2598
2599
2600
2601
2602
2603
2604
2605
2606
2607
2608
2609
2610
2611
2612
2613
2614
2615
2616
2617
2618
2619
2620
2621
2622
2623
2624
2625
2626
2627
2628
2629
2630
2631
2632
2633
2634
2635
2636
2637
2638
2639
2640
2641
2642
2643
2644
2645
2646
2647
2648
2649
2650
2651
2652
2653
2654
2655
2656
2657
2658
2659
2660
2661
2662
2663
2664
2665
2666
2667
2668
2669
2670
2671
2672
2673
2674
2675
2676
2677
2678
2679
2680
2681
2682
2683
2684
2685
2686
2687
2688
2689
2690
2691
2692
2693
2694
2695
2696
2697
2698
2699
2700
2701
2702
2703
2704
2705
2706
2707
2708
2709
2710
2711
2712
2713
2714
2715
2716
2717
2718
2719
2720
2721
2722
2723
2724
2725
2726
2727
2728
2729
2730
2731
2732
2733
2734
2735
2736
2737
2738
2739
2740
2741
2742
2743
2744
2745
2746
2747
2748
2749
2750
2751
2752
2753
2754
2755
2756
2757
2758
2759
2760
2761
2762
2763
2764
2765
2766
2767
2768
2769
2770
2771
2772
2773
2774
2775
2776
2777
2778
2779
2780
2781
2782
2783
2784
2785
2786
2787
2788
2789
2790
2791
2792
2793
2794
2795
2796
2797
2798
2799
2800
2801
2802
2803
2804
2805
2806
2807
2808
2809
2810
2811
2812
2813
2814
2815
2816
2817
2818
2819
2820
2821
2822
2823
2824
2825
2826
2827
2828
2829
2830
2831
2832
2833
2834
2835
2836
2837
2838
2839
2840
2841
2842
2843
2844
2845
2846
2847
2848
2849
2850
2851
2852
2853
2854
2855
2856
2857
2858
2859
2860
2861
2862
2863
2864
2865
2866
2867
2868
2869
2870
2871
2872
2873
2874
2875
2876
2877
2878
2879
2880
2881
2882
2883
2884
2885
2886
2887
2888
2889
2890
2891
2892
2893
2894
2895
2896
2897
2898
2899
2900
2901
2902
2903
2904
2905
2906
2907
2908
2909
2910
2911
2912
2913
2914
2915
2916
2917
2918
2919
2920
2921
2922
2923
2924
2925
2926
2927
2928
2929
2930
2931
2932
2933
2934
2935
2936
2937
2938
2939
2940
2941
2942
2943
2944
2945
2946
2947
2948
2949
2950
2951
2952
2953
2954
2955
2956
2957
2958
2959
2960
2961
2962
2963
2964
2965
2966
2967
2968
2969
2970
2971
2972
2973
2974
2975
2976
2977
2978
2979
2980
2981
2982
2983
2984
2985
2986
2987
2988
2989
2990
2991
2992
2993
2994
2995
2996
2997
2998
2999
3000
3001
3002
3003
3004
3005
3006
3007
3008
3009
3010
3011
3012
3013
3014
3015
3016
3017
3018
3019
3020
3021
3022
3023
3024
3025
3026
3027
3028
3029
3030
3031
3032
3033
3034
3035
3036
3037
3038
3039
3040
3041
3042
3043
3044
3045
3046
3047
3048
3049
3050
3051
3052
3053
3054
3055
3056
3057
3058
3059
3060
3061
3062
3063
3064
3065
3066
3067
3068
3069
3070
3071
3072
3073
3074
3075
3076
3077
3078
3079
3080
3081
3082
3083
3084
3085
3086
3087
3088
3089
3090
3091
3092
3093
3094
3095
3096
3097
3098
3099
3100
3101
3102
3103
3104
3105
3106
3107
3108
3109
3110
3111
3112
3113
3114
3115
3116
3117
3118
3119
3120
3121
3122
3123
3124
3125
3126
3127
3128
3129
3130
3131
3132
3133
3134
3135
3136
3137
3138
3139
3140
3141
3142
3143
3144
3145
3146
3147
3148
3149
3150
3151
3152
3153
3154
3155
3156
3157
3158
3159
3160
3161
3162
3163
3164
3165
3166
3167
3168
3169
3170
3171
3172
3173
3174
3175
3176
3177
3178
3179
3180
3181
3182
3183
3184
3185
3186
3187
3188
3189
3190
3191
3192
3193
3194
3195
3196
3197
3198
3199
3200
3201
3202
3203
3204
3205
3206
3207
3208
3209
3210
3211
3212
3213
3214
3215
3216
3217
3218
3219
3220
3221
3222
3223
3224
3225
3226
3227
3228
3229
3230
3231
3232
3233
3234
3235
3236
3237
3238
3239
3240
3241
3242
3243
3244
3245
3246
3247
3248
3249
3250
3251
3252
3253
3254
3255
3256
3257
3258
3259
3260
3261
3262
3263
3264
3265
3266
3267
3268
3269
3270
3271
3272
3273
3274
3275
3276
3277
3278
3279
3280
3281
3282
3283
3284
3285
3286
3287
3288
3289
3290
3291
3292
3293
3294
3295
3296
3297
3298
3299
3300
3301
3302
3303
3304
3305
3306
3307
3308
3309
3310
3311
3312
3313
3314
3315
3316
3317
3318
3319
3320
3321
3322
3323
3324
3325
3326
3327
3328
3329
3330
3331
3332
3333
3334
3335
3336
3337
3338
3339
3340
3341
3342
3343
3344
3345
3346
3347
3348
3349
3350
3351
3352
3353
3354
3355
3356
3357
3358
3359
3360
3361
3362
3363
3364
3365
3366
3367
3368
3369
3370
3371
3372
3373
3374
3375
3376
3377
3378
3379
3380
3381
3382
3383
3384
3385
3386
3387
3388
3389
3390
3391
3392
3393
3394
3395
3396
3397
3398
3399
3400
3401
3402
3403
3404
3405
3406
3407
3408
3409
3410
3411
3412
3413
3414
3415
3416
3417
3418
3419
3420
3421
3422
3423
3424
3425
3426
3427
3428
3429
3430
3431
3432
3433
3434
3435
3436
3437
3438
3439
3440
3441
3442
3443
3444
3445
3446
3447
3448
3449
3450
3451
3452
3453
3454
3455
3456
3457
3458
3459
3460
3461
3462
3463
3464
3465
3466
3467
3468
3469
3470
3471
3472
3473
3474
3475
3476
3477
3478
3479
3480
3481
3482
3483
3484
3485
3486
3487
3488
3489
3490
3491
3492
3493
3494
3495
3496
3497
3498
3499
3500
3501
3502
3503
3504
3505
3506
3507
3508
3509
3510
3511
3512
3513
3514
3515
3516
3517
3518
3519
3520
3521
3522
3523
3524
3525
3526
3527
3528
3529
3530
3531
3532
3533
3534
3535
3536
3537
3538
3539
3540
3541
3542
3543
3793
3545
3546
3547
3548
3549
3550
3551
3552
3553
3554
3555
3556
3557
3558
3559
3560
3561
3562
3563
3564
3565
3566
3567
3568
3569
3570
3571
3572
3573
3574
3575
3576
3577
3578
3579
3580
3581
3582
3583
3584
3585
3586
3587
3588
3589
3590
3591
3592
3593
3594
3595
3596
3597
3598
3599
3600
3601
3602
3603
3604
3605
3606
3607
3608
3609
3610
3611
3612
3613
3614
3615
3616
3617
3618
3619
3620
3621
3622
3623
3624
3625
3626
3627
3628
3629
3630
3631
3632
3633
3634
3635
3636
3637
3638
3639
3640
3641
3642
3643
3644
3645
3646
3647
3648
3649
3650
3651
3652
3653
3654
3655
3656
3657
3658
3659
3660
3661
3662
3663
3664
3665
3666
3667
3668
3669
3670
3671
3672
3673
3674
3675
3676
3677
3678
3679
3680
3681
3682
3683
3684
3685
3686
3687
3688
3689
3690
3691
3692
3693
3694
3695
3696
3697
3698
3699
3700
3701
3702
3703
3704
3705
3706
3707
3708
3709
3710
3711
3712
3713
3714
3715
3716
3717
3718
3719
3720
3721
3722
3723
3724
3725
3726
3727
3728
3729
3730
3731
3732
3733
3734
3735
3736
3737
3738
3739
3740
3741
3742
3743
3744
3745
3746
3747
3748
3749
3750
3751
3752
3753
3754
3755
3756
3757
3758
3759
3760
3761
3762
3763
3764
3765
3766
3767
3768
3769
3770
3771
3772
3773
3774
3775
3776
3777
3778
3779
3780
3781
3782
3783
3784
3785
3786
3787
3788
3789
3790
3791
3792
3793
3794
3795
3796
3797
3798
3799
3800
3801
3802
3803
3804
3805
3806
3807
3808
3809
3810
3811
3812
3813
3814
3815
3816
3817
3818
3819
3820
3821
3822
3823
3824
3825
3826
3827
3828
3829
3830
3831
3832
3833
3834
3835
3836
3837
3838
3839
3840
3841
3842
3843
3844
3845
3846
3847
3848
3849
3850
3851
3852
3853
3854
3855
3856
3857
3858
3859
3860
3861
3862
3863
3864
3865
3866
3867
3868
3869
3870
3871
3872
3873
3874
3875
3876
3877
3878
3879
3880
3881
3882
3883
3884
3885
3886
3887
3888
3889
3890
3891
3892
3893
3894
3895
3896
3897
3898
3899
3900
3901
3902
3903
3904
3905
3906
3907
3908
3909
3910
3911
3912
3913
3914
3915
3916
3917
3918
3919
3920
3921
3922
3923
3924
3925
3926
3927
3928
3929
3930
3931
3932
3933
3934
3935
3936
3937
3938
3939
3940
3941
3942
3943
3944
3945
3946
3947
3948
3949
3950
3951
3952
3953
3954
3955
3956
3957
3958
3959
3960
3961
3962
3963
3964
3965
3966
3967
3968
3969
3970
3971
3972
3973
3974
3975
3976
3977
3978
3979
3980
3981
3982
3983
3984
3985
3986
3987
3988
3989
3990
3991
3992
3993
3994
3995
3996
3997
3998
3999
4000

