469 893
744 865
205 309
387 623
406 44
235 131
650 27
228 776
299 638
720 629
582 34
709 701
632 233
790 271
186 969
749 30
344 357
701 300
727 368
99 240
898 999
615 125
828 917
198 10
664 609
784 341
223 9
984 184
139 928
277 932
515 591
129 129
806 257
843 27
990 533
794 324
674 754
778 640
185 45
274 900
498 222
135 843
660 771
709 254
884 100
830 462
506 827
494 523
212 515
969 427
218 696
269 630
797 945
761 594
683 631
912 71
678 400
127 588
92 624
454 814
869 464
32 548
782 914
884 577
466 385
921 142
745 585
283 430
983 732
853 830
295 461
177 474
929 643
174 572
981 566
376 72
749 985
536 378
598 51
230 627
540 501
502 445
675 308
620 647
102 485
898 717
661 308
902 247
510 149
154 25
421 995
10 501
785 567
307 853
150 779
380 749
949 506
44 191
343 672
35 89
23 147
760 209
215 445
988 497
915 530
978 12
766 822
93 737
918 541
359 151
810 58
13 160
294 839
928 106
63 966
288 749
298 682
976 262
33 263
266 430
447 952
807 582
412 294
40 478
906 619
755 939
980 775
55 779
385 922
150 236
199 62
373 320
695 264
75 440
751 458
919 589
256 930
534 714
764 580
203 744
826 67
318 218
29 993
938 333
976 584
29 759
517 921
181 675
21 101
204 368
716 850
863 14
396 281
267 670
467 917
798 793
390 524
43 61
791 518
143 23
902 204
58 781
832 37
379 527
364 65
248 145
72 25
31 991
803 408
572 456
0 0
710 23
287 34
237 910
340 188
152 920
627 153
307 777
216 754
486 127
530 2
11 34
354 959
227 172
134 37
634 171
921 528
303 707
729 769
45 515
473 103
232 414
626 731
866 884
265 373
816 913
901 689
419 635
999 935
194 362
640 882
990 921
849 371
345 642
301 722
625 982
565 810
961 365
858 638
687 47
220 195
604 582
110 935
287 583
596 479
308 968
54 73
229 767
837 793
231 743
944 545
41 989
470 594
316 30
604 43
343 559
214 99
717 244
63 548
705 841
530 416
158 687
196 336
278 6
9 9
109 408
669 212
18 146
944 339
551 752
496 85
456 901
8 624
561 415
658 585
909 38
383 643
921 695
943 224
181 514
272 562
219 799
76 5
796 481
47 178
338 197
226 962
433 827
194 105
626 297
201 243
795 814
601 417
287 383
862 252
813 798
792 70
447 85
798 219
138 828
343 985
43 772
437 958
336 401
268 367
21 197
566 108
935 488
846 788
949 306
128 767
520 608
836 404
845 850
231 315
420 247
16 81
671 845
781 635
562 271
157 720
813 925
0 0
862 137
526 594
307 341
306 201
427 725
0 0
239 394
63 592
205 166
739 395
541 676
202 796
548 671
375 839
135 453
57 152
896 155
589 949
705 86
490 977
706 55
280 572
607 953
978 184
900 888
242 550
94 183
679 391
772 937
498 661
516 548
254 555
216 916
426 687
804 809
590 465
150 610
975 283
123 174
361 779
382 554
360 471
245 869
29 443
42 354
327 217
584 370
575 240
816 696
449 354
383 493
202 326
995 653
185 783
418 888
195 74
810 530
773 25
313 674
283 702
630 813
167 686
961 208
722 288
932 398
254 333
418 726
108 387
271 605
620 260
696 149
277 485
439 429
780 48
683 592
579 137
823 496
381 140
321 324
249 295
579 925
448 476
554 907
24 385
345 510
563 879
502 209
848 697
653 567
944 522
977 360
650 467
958 945
373 475
49 211
140 683
553 652
950 914
537 779
407 938
69 415
630 691
384 505
668 150
236 746
834 328
656 568
629 116
987 363
421 239
243 851
343 822
243 440
45 174
923 179
20 237
743 997
972 209
704 851
313 567
536 381
766 285
231 90
238 660
216 192
221 6
10 184
491 290
805 101
423 417
247 623
465 309
970 576
513 466
100 672
569 540
770 403
64 967
629 146
871 5
439 21
42 30
27 904
827 291
755 79
520 947
713 24
432 933
207 716
327 982
267 908
443 348
743 117
658 419
201 591
188 961
807 123
652 425
976 406
698 897
746 415
63 389
977 750
291 637
352 373
24 323
348 442
944 538
921 237
745 209
594 542
330 567
452 743
350 726
489 106
50 32
866 584
340 377
219 13
477 453
861 619
970 107
924 688
253 180
117 425
441 569
404 376
525 611
521 187
799 975
235 650
284 571
462 531
111 776
480 996
470 409
154 224
194 54
7 508
784 826
66 172
938 952
57 625
952 318
240 902
867 477
577 33
196 107
975 447
914 993
404 161
150 438
77 270
0 0
582 218
206 15
933 481
7 233
250 825
874 451
700 950
712 18
294 563
180 584
331 453
148 909
365 599
350 397
234 788
856 753
609 526
822 407
541 839
543 358
687 898
341 443
320 4
265 668
266 468
271 109
467 460
672 603
623 183
179 359
396 430
248 572
756 941
179 529
861 701
324 401
725 7
823 428
263 428
761 501
441 160
454 996
77 913
218 190
114 550
545 882
674 175
482 471
109 30
505 188
841 42
143 64
164 124
948 39
671 737
415 209
714 531
650 617
969 655
86 425
171 712
221 953
737 801
33 938
195 668
603 435
611 454
483 286
632 601
535 564
898 753
271 356
104 110
72 367
211 320
404 600
308 76
160 319
112 912
867 201
120 85
858 397
451 730
162 703
472 586
189 10
787 556
444 570
147 525
904 976
331 489
905 940
820 586
887 2
316 171
950 430
191 347
946 791
131 618
205 631
347 524
864 269
365 203
135 37
245 943
249 168
654 656
227 171
524 898
443 433
933 689
515 311
35 710
790 31
48 363
357 776
301 168
556 855
976 614
771 299
96 380
966 213
658 998
679 823
403 464
11 566
410 559
215 482
119 520
353 807
755 317
410 773
680 819
658 666
169 793
49 571
366 611
476 609
880 958
860 246
496 786
69 755
117 999
882 171
973 57
839 235
811 817
612 749
848 185
160 930
157 99
929 330
173 816
182 450
723 30
73 587
902 314
777 335
758 492
675 643
385 951
6 999
14 183
175 829
917 37
0 0
93 594
73 988
10 546
994 93
630 388
239 965
595 301
828 92
244 618
508 632
68 285
603 627
52 867
835 121
307 725
195 757
594 645
737 103
144 707
314 739
283 1
57 226
319 617
379 868
963 783
104 801
673 400
106 792
742 948
978 336
632 744
712 885
346 964
867 951
866 705
235 708
601 624
828 237
634 384
189 939
268 798
340 806
240 584
745 73
507 313
605 79
518 839
50 519
509 879
390 33
83 229
998 60
190 318
183 599
698 256
269 473
573 286
752 796
161 517
391 806
139 642
43 382
171 317
96 540
800 758
672 417
689 354
819 310
777 157
704 768
346 535
278 164
27 582
205 780
756 470
18 513
796 707
570 441
561 783
994 426
882 490
317 324
310 582
853 595
310 130
122 296
547 223
657 956
33 61
547 748
553 444
47 458
524 894
155 963
127 526
38 835
94 413
961 972
830 62
828 183
469 464
454 509
105 740
490 6
484 734
430 175
839 329
297 430
831 861
377 941
439 425
609 859
695 919
588 765
821 797
476 645
40 389
521 559
467 494
3 128
334 568
131 861
761 171
733 156
716 350
74 841
523 220
202 817
175 672
670 595
738 814
171 702
987 41
436 864
98 698
401 76
460 829
118 501
800 155
339 181
221 244
180 623
69 286
249 734
756 334
539 567
89 131
0 0
828 639
516 638
732 907
888 706
355 228
498 953
484 531
582 294
658 788
168 374
354 587
974 421
66 208
325 610
301 696
342 818
726 674
673 277
699 558
602 419
968 434
515 7
215 998
858 68
954 312
395 993
663 59
18 831
445 720
147 74
374 990
986 346
966 712
305 946
638 467
154 105
672 123
555 615
159 789
577 745
505 720
343 720
413 54
379 333
912 719
4 4
74 921
239 528
839 851
880 23
666 627
544 719
612 638
254 250
136 888
357 330
767 388
831 642
816 571
388 402
767 875
368 419
614 498
927 277
288 531
141 998
377 993
380 7
114 459
977 80
946 407
846 416
338 127
929 458
943 732
805 38
978 359
59 328
990 243
287 938
323 602
452 612
78 69
426 548
25 644
222 263
803 414
373 37
748 175
784 116
3 473
112 480
567 349
256 806
36 809
680 509
794 826
569 592
777 533
880 176
461 921
935 266
759 958
467 95
419 803
946 25
774 919
151 525
256 60
368 534
1 861
373 847
192 874
267 669
89 662
12 821
3 355
598 205
374 22
109 930
957 480
188 198
459 694
643 86
719 224
741 702
945 615
770 379
390 775
776 178
591 355
268 757
322 241
848 581
554 988
147 839
737 841
188 429
493 589
671 915
782 233
283 353
971 398
171 147
265 410
156 470
978 312
960 487
826 526
424 150
364 732
464 894
21 725
339 373
767 736
13 577
591 449
462 232
836 223
868 308
605 114
343 631
390 926
532 623
207 609
76 732
916 535
406 580
392 988
284 89
981 381
298 34
841 941
182 806
547 691
569 769
667 138
218 285
49 683
562 951
118 841
393 921
559 549
68 762
165 685
948 570
108 427
773 342
147 725
106 287
685 581
999 487
201 387
682 10
182 668
298 292
312 555
60 345
334 977
59 886
124 645
585 609
611 597
575 576
620 833
61 527
72 559
240 498
164 862
943 657
448 753
157 991
420 759
932 665
483 955
757 662
131 556
234 425
890 979
949 901
100 130
324 334
696 521
93 343
473 881
350 417
136 653
567 852
156 151
143 497
470 521
500 187
718 309
501 154
57 963
203 979
180 446
518 731
458 448
28 797
275 5
916 387
927 417
312 698
108 309
911 526
341 400
814 790
695 466
369 941
823 556
938 948
874 304
831 699
122 161
377 727
991 95
522 338
381 586
160 439
946 990
1 931
575 956
999 530
158 624
29 897
460 304
384 768
692 920
661 745
393 197
422 237
499 801
448 683
190 13
562 39
508 139
119 531
102 481
564 206
786 778
552 184
820 968
307 125
792 928
656 875
593 884
2 803
893 332
409 822
900 480
51 325
204 370
872 25
636 713
283 324
822 871
217 374
197 82
0 0
438 646
636 525
806 83
494 847
303 380
500 388
975 610
919 103
869 762
342 319
681 365
690 24
715 490
306 63
205 463
971 82
521 678
959 565
376 363
165 970
335 858
357 182
215 327
623 173
639 173
742 887
369 478
471 861
776 895
996 128
596 14
546 396
404 346
200 606
273 587
726 336
903 472
486 284
566 692
811 401
868 46
842 296
368 488
6 121
272 505
283 347
698 785
134 176
909 737
630 444
533 468
595 11
131 755
601 415
970 43
193 236
688 811
415 324
310 200
994 77
417 939
451 379
909 503
240 583
67 151
820 458
153 992
41 717
907 91
694 98
293 36
299 785
654 560
267 927
362 595
483 701
522 421
191 445
907 321
260 966
691 389
476 245
829 263
411 860
403 393
914 205
0 0
788 473
734 383
806 707
58 267
530 151
881 326
202 520
104 253
851 661
65 833
678 989
607 363
613 353
767 427
365 976
64 324
22 133
224 81
942 563
596 105
785 283
62 448
617 280
478 793
694 929
283 742
230 964
458 603
999 227
106 864
374 569
576 122
614 860
506 260
811 97
230 775
360 526
376 728
74 252
944 500
937 339
225 834
408 881
780 660
528 978
962 337
973 504
727 421
950 550
720 830
895 980
125 835
806 899
941 94
33 338
178 812
775 951
106 574
509 419
443 728
777 484
877 821
339 347
247 565
657 360
993 358
992 186
128 216
207 295
630 836
746 501
382 635
588 219
586 255
25 713
500 969
818 750
387 348
120 92
937 195
538 549
133 641
720 850
590 953
853 291
324 454
312 616
795 946
371 638
722 2
157 618
466 614
659 363
523 641
465 349
631 175
151 136
971 793
50 564
240 891
103 73
926 141
142 408
695 887
452 689
78 809
832 912
393 911
232 901
378 759
487 264
532 947
525 226
858 81
455 568
163 180
716 240
894 926
574 910
666 201
701 182
484 480
772 283
566 757
568 340
772 625
639 73
297 160
993 778
614 292
127 474
249 562
666 277
539 645
947 284
555 19
215 347
478 884
761 692
438 794
445 220
852 423
387 467
426 180
156 198
851 324
32 141
663 643
268 178
715 833
60 220
937 754
863 378
381 588
803 92
367 245
57 656
893 574
44 697
302 205
41 973
399 889
646 928
15 840
500 906
944 677
411 469
388 200
210 801
973 540
762 903
199 331
551 507
901 926
30 695
866 132
194 405
908 55
127 798
636 142
253 962
209 963
195 610
96 58
210 265
161 41
519 325
495 517
191 865
82 831
788 270
441 185
739 973
838 98
202 121
928 589
0 0
733 216
412 330
209 971
505 979
975 79
708 792
811 55
644 673
940 762
276 429
176 323
12 536
23 887
692 233
60 331
697 701
43 477
157 262
834 957
484 672
58 303
853 432
159 598
797 865
987 640
39 338
417 496
223 238
595 966
984 399
307 142
935 629
702 4
457 744
331 110
239 106
673 89
893 15
322 10
845 847
725 830
910 166
255 816
586 866
47 783
731 862
791 438
59 295
94 753
398 48
72 251
149 32
22 77
41 90
213 845
534 546
994 743
924 585
915 877
208 110
778 825
347 717
774 89
331 439
429 282
726 406
317 181
186 323
550 449
858 853
646 629
823 440
380 453
419 585
563 497
324 736
153 510
246 864
736 639
618 438
182 749
84 343
304 709
551 833
480 674
213 772
417 787
741 218
850 298
916 894
890 887
980 417
286 772
896 88
3 459
704 503
10 259
492 967
68 26
43 697
552 347
27 700
415 40
89 207
545 396
924 858
500 204
381 276
123 940
941 546
457 977
692 596
991 470
518 754
496 608
743 575
16 631
720 772
29 685
212 897
555 707
321 595
13 390
417 774
176 525
507 643
988 129
783 339
480 414
404 402
872 56
929 125
112 92
362 507
964 268
944 466
755 512
758 753
528 770
59 622
761 834
912 447
106 633
146 970
991 673
535 24
993 917
744 212
914 4
276 203
0 0

  5 5 8 7 14 11 4 8   20 15
12 6  18 21 0  0
5 5 8 8 14 13 0 0
5 5 25 17 20 23 10 11 20 14 15 11 0 0
1619 1866
2 0 0 2
8 0
100 101
117 8
16 0
75 76
1 1 2 2 3 3 117 14 4 4 5 5 6 6 7 7 8 8 9 9 10 10
 2 1 3 1 4 1 9999 1
 117 45 
 50 51
 75 26
 100 1
 
 
0 0
0 0

