The following lines were found:
(  13, 160)(  44, 191)( 283, 430)
( 185,  45)( 204, 368)( 228, 776)
( 218, 696)( 390, 524)( 536, 378)
( 277, 932)( 294, 839)( 396, 281)
( 364,  65)( 598,  51)( 832,  37)
( 396, 281)( 412, 294)( 764, 580)
The following lines were found:
(  63, 548)( 345, 642)( 813, 798)
( 196, 336)( 447,  85)( 530,   2)
( 216, 754)( 671, 845)( 866, 884)
( 287,  34)( 287, 383)( 287, 583)
( 551, 752)( 596, 479)( 626, 297)
No lines were found
The following lines were found:
(  24, 385)( 384, 505)( 462, 531)
(  63, 389)( 117, 425)( 330, 567)
(  69, 415)( 291, 637)( 579, 925)( 607, 953)
(  77, 270)( 313, 674)( 490, 977)
( 117, 425)( 242, 550)( 418, 726)
( 201, 591)( 330, 567)( 975, 447)
( 219,  13)( 489, 106)( 579, 137)
( 231,  90)( 330, 567)( 407, 938)
( 235, 650)( 452, 743)( 704, 851)
( 240, 902)( 452, 743)( 548, 671)
( 271, 605)( 383, 493)( 871,   5)
( 277, 485)( 477, 453)( 652, 425)
( 291, 637)( 867, 477)( 975, 447)
( 313, 567)( 330, 567)( 653, 567)
( 421, 239)( 521, 187)( 871,   5)
( 502, 209)( 745, 209)( 972, 209)
( 652, 425)( 658, 419)( 970, 107)
The following lines were found:
(  49, 571)( 114, 550)( 179, 529)
( 119, 520)( 215, 482)( 839, 235)
( 147, 525)( 331, 453)( 860, 246)
( 148, 909)( 357, 776)( 632, 601)
( 162, 703)( 195, 668)( 294, 563)
( 227, 171)( 316, 171)( 882, 171)
( 308,  76)( 483, 286)( 543, 358)
( 308,  76)( 714, 531)( 946, 791)
( 324, 401)( 472, 586)( 756, 941)
( 331, 489)( 443, 433)( 839, 235)
( 410, 559)( 654, 656)( 898, 753)
( 441, 160)( 483, 286)( 687, 898)
( 443, 433)( 632, 601)( 650, 617)
( 476, 609)( 612, 749)( 680, 819)
( 632, 601)( 654, 656)( 658, 666)
( 867, 201)( 882, 171)( 948,  39)
The following lines were found:
(   3, 128)(  98, 698)( 105, 740)
( 131, 861)( 454, 509)( 777, 157)
( 828,  92)( 828, 183)( 828, 237)
The following lines were found:
(  12, 821)(  61, 527)( 122, 161)
(  13, 577)( 298, 292)( 393, 197)
(  29, 897)( 334, 977)( 395, 993)
(  36, 809)(  72, 559)( 108, 309)
(  57, 963)( 182, 668)( 207, 609)
(  60, 345)( 102, 481)( 165, 685)
(  60, 345)( 325, 610)( 567, 852)
(  66, 208)( 500, 187)( 748, 175)
(  74, 921)( 393, 921)( 461, 921)
(  76, 732)( 151, 525)( 201, 387)
(  76, 732)( 364, 732)( 943, 732)
(  89, 662)( 164, 862)( 215, 998)
( 106, 287)( 342, 818)( 390, 926)
( 112, 480)( 900, 480)( 957, 480)
( 119, 531)( 288, 531)( 484, 531)
( 131, 556)( 357, 330)( 500, 187)
( 141, 998)( 757, 662)( 999, 530)
( 147,  74)( 147, 725)( 147, 839)
( 159, 789)( 207, 609)( 283, 324)
( 159, 789)( 559, 549)( 954, 312)
( 188, 198)( 324, 334)( 938, 948)
( 287, 938)( 505, 720)( 893, 332)
( 301, 696)( 343, 720)( 364, 732)
( 338, 127)( 393, 197)( 591, 449)
( 339, 373)( 459, 694)( 499, 801)
( 339, 373)( 591, 355)( 773, 342)
( 343, 720)( 445, 720)( 505, 720)
( 377, 993)( 473, 881)( 569, 769)
( 390, 775)( 927, 417)( 981, 381)
( 419, 803)( 547, 691)( 699, 558)
( 461, 921)( 473, 881)( 518, 731)
( 467,  95)( 555, 615)( 577, 745)
( 467,  95)( 929, 458)( 957, 480)
( 483, 955)( 575, 956)( 759, 958)
( 505, 720)( 532, 623)( 667, 138)
( 505, 720)( 569, 592)( 776, 178)
( 516, 638)( 532, 623)( 868, 308)
( 555, 615)( 661, 745)( 767, 875)
( 564, 206)( 591, 449)( 612, 638)
( 658, 788)( 757, 662)( 900, 480)
( 680, 509)( 770, 379)( 977,  80)
( 741, 702)( 831, 642)( 999, 530)
( 767, 388)( 767, 736)( 767, 875)
( 823, 556)( 848, 581)( 932, 665)
( 946,  25)( 946, 407)( 946, 990)
No lines were found
The following lines were found:
(  25, 713)( 133, 641)( 247, 565)
(  33, 338)( 374, 569)( 901, 926)
( 104, 253)( 207, 295)( 928, 589)
( 202, 121)( 772, 283)( 962, 337)
( 209, 963)( 551, 507)( 659, 363)
( 230, 964)( 614, 292)( 666, 201)
( 588, 219)( 666, 201)( 926, 141)
( 937, 195)( 937, 339)( 937, 754)
The following lines were found:
(  94, 753)( 417, 787)( 778, 825)
( 213, 772)( 286, 772)( 720, 772)
( 417, 496)( 417, 774)( 417, 787)
( 480, 414)( 563, 497)( 924, 858)
The following lines were found:
(   4,   8)(   8,   7)(  12,   6)
(   5,   5)(   8,   7)(  14,  11)(  20,  15)
(  12,   6)(  14,  11)(  18,  21)
No lines were found
The following lines were found:
(   5,   5)(  10,  11)(  20,  23)
(   5,   5)(  15,  11)(  20,  14)(  25,  17)
The following lines were found:
(   0,   2)(   1,   1)(   2,   0)
(   0,   2)(   4,   1)(   8,   0)
(   1,   1)(   2,   1)(   3,   1)(   4,   1)( 100,   1)(9999,   1)
(   1,   1)(   2,   2)(   3,   3)(   4,   4)(   5,   5)(   6,   6)(   7,   7)(   8,   8)(   9,   9)(  10,  10)
(   2,   0)(   2,   1)(   2,   2)
(   2,   0)(   8,   0)(  16,   0)
(  50,  51)(  75,  26)( 100,   1)
(  50,  51)(  75,  76)( 100, 101)
( 117,   8)( 117,  14)( 117,  45)
