100
2
10 70
4
0 10 19 30
6
2 5 10 15 20 24
6
60 62 63 65 67 68
10
0 1 4 9 16 17 24 29 32 33
10
0 3 8 10 18 29 36 43 46 62
10
2 5 7 10 12 15 17 23 24 27
10
0 3 8 12 14 19 28 30 31 32
10
0 1 4 9 16 25 36 49 64 81
10
0 3 8 12 22 28 38 59 77 80
4
31 37 41 47
10
0 1 2 3 87 95 96 98 99 100
5
8 13 15 20 26
9
49 50 51 52 53 54 55 56 57
5
94 95 96 97 98
5
49 50 56 63 73
10
3 9 11 14 16 24 29 32 34 39
4
64 66 68 69
10
2 6 9 14 21 73 84 87 90 99
9
48 49 50 52 53 55 56 57 59
5
22 23 24 27 30
10
16 17 22 27 29 30 35 36 39 42
7
22 23 24 25 26 27 28
8
16 18 21 22 24 27 29 31
2
0 100
10
62 63 64 65 66 67 68 69 70 71
6
12 17 21 22 26 31
10
86 87 88 89 90 91 92 93 94 95
3
3 11 19
6
59 60 63 66 68 70
3
78 81 83
7
49 51 53 54 56 57 59
10
5 10 14 19 21 26 27 30 32 33
10
0 2 3 15 18 23 47 49 74 75
6
33 36 46 54 56 58
10
0 3 6 11 13 23 28 31 32 33
2
62 68
4
49 50 51 52
2
60 62
7
60 63 67 70 72 73 76
10
90 91 92 93 94 95 96 97 98 99
2
37 41
10
0 2 3 5 9 13 14 20 21 27
10
0 1 2 3 86 87 92 98 99 100
2
80 84
10
3 5 8 12 67 81 88 90 95 97
2
49 70
3
0 49 100
9
87 88 89 90 91 92 93 94 95
10
6 8 14 15 18 24 29 33 37 40
10
1 2 5 6 9 11 12 14 15 16
7
39 42 46 54 61 66 74
10
0 1 2 3 4 96 97 98 99 100
7
73 74 75 76 77 78 79
10
0 1 6 13 14 23 24 27 30 33
3
57 58 59
4
81 82 83 84
4
89 91 92 94
10
0 3 5 13 15 17 23 28 29 33
10
33 34 35 36 37 38 39 40 41 42
7
72 73 74 75 76 77 78
9
75 76 77 78 79 80 81 82 83
10
0 4 8 12 16 20 24 28 32 36
10
0 3 5 6 12 16 18 20 25 26
10
24 30 36 42 43 45 49 54 56 60
4
39 40 45 47
10
1 6 7 11 18 19 20 24 29 35
10
52 53 55 56 57 58 59 60 62 63
4
24 35 42 47
9
65 67 68 69 70 71 73 75 76
10
0 1 3 9 16 26 44 49 61 81
7
6 9 12 13 15 16 17
10
0 1 5 13 22 25 31 34 44 49
10
7 13 24 25 46 57 62 66 88 89
4
92 94 96 98
7
0 1 2 3 5 6 8
9
84 85 86 87 88 89 90 91 92
10
1 5 6 9 58 77 87 96 98 100
10
7 13 15 20 21 26 29 35 39 44
3
0 51 100
3
18 22 23
9
35 36 37 38 39 40 41 42 43
10
1 2 4 5 60 87 93 97 99 100
10
0 10 20 30 40 50 60 70 80 90
6
72 73 75 77 78 79
9
87 88 89 90 91 92 93 94 95
8
12 13 14 16 18 20 24 26
5
59 64 66 68 70
3
46 57 67
10
0 9 13 16 17 22 27 38 43 45
9
35 38 40 45 48 51 56 61 66
10
0 3 6 9 12 88 91 94 97 100
3
0 3 4
5
63 68 70 73 77
6
18 26 36 39 42 43
9
8 9 14 19 23 25 32 36 37
4
11 15 17 22
10
43 45 47 50 54 58 60 61 65 66
7
18 19 20 21 22 23 24
3
39 44 47
