100
97
5211 992 4047 7841 9541 9311 1035 9921 9342 2262 8685 7151 184 8189 3885 4455 8295 4011 4030 7427 4325 7756 3404 3014 4402 9158 999 4298 6612 1696 5965 1822 9039 12 6015 8579 9322 7049 4851 5015 5663 9888 8517 5846 4428 2402 6653 9074 2764 682 6500 3440 8437 6256 6453 9191 1765 7452 3488 8377 5499 9452 6550 4537 5815 8916 9467 1489 5965 4317 2855 1627 556 1372 3824 1335 125 476 409 9240 1158 6908 2679 5946 9515 9131 5136 1280 2934 8623 6008 8432 4427 8909 2968 241 7825
86
4 5 1 2 5 2 5 5 3 3 3 4 2 2 2 2 4 4 5 3 5 2 2 1 5 5 1 3 4 1 3 4 5 3 2 2 1 4 3 3 1 5 3 2 3 4 5 1 5 4 5 4 3 1 1 4 1 3 1 1 1 4 5 2 1 1 3 2 4 5 1 1 1 4 4 1 4 4 3 5 4 3 5 3 5 1
32
10 2 8 10 5 9 4 6 4 8 2 10 8 9 2 10 7 6 7 3 4 5 7 9 4 2 2 8 9 3 5 10
46
9502 1651 4422 8195 2626 6647 7092 6949 7478 8061 779 780 1073 1946 6695 1109 3440 7590 6735 9026 6838 5968 6049 2851 398 3047 8095 2334 3537 4741 1687 9390 6391 6108 7584 5368 2754 1027 8668 232 9088 9446 1011 6512 7743 4057
72
6 7 10 5 6 8 8 3 7 2 6 5 2 2 4 4 1 7 3 5 5 2 8 4 10 10 5 4 6 7 8 3 3 7 7 8 6 4 3 2 8 10 6 1 2 9 7 2 7 9 8 2 3 5 5 4 4 10 7 1 8 4 3 2 2 2 1 8 7 3 1 4
63
5 6 7 1 9 6 1 7 7 5 3 3 8 9 4 7 9 1 2 4 4 4 5 5 3 3 9 3 7 3 1 3 8 10 5 9 5 7 7 1 2 9 5 1 9 9 7 10 1 1 3 5 6 9 9 8 1 7 2 9 2 5 3
9
8059 519 9498 2016 9865 3750 559 1716 9384
21
8572 8580 2495 2003 6140 4017 3237 4895 5117 4437 4934 8780 7085 1295 6700 6796 7621 3453 757 6624 1511
27
9878 7492 6222 436 9207 1958 1857 1592 529 436 4087 8883 2927 4455 8471 7821 5924 9259 2754 4703 6344 400 7754 9491 8021 1206 6599
96
4226 3469 8946 1717 6042 9382 7275 7999 7590 5218 4880 4377 5656 114 7303 111 4937 1475 2386 4195 4228 3440 6890 979 1193 2733 5351 2399 9331 2699 1467 3556 2519 6764 1624 8560 2497 5250 2911 86 468 4142 814 2475 4255 8116 8937 9191 9590 1322 9738 169 4761 6627 7500 5954 9359 9202 4704 5042 1900 2522 4949 4418 9285 2925 9330 1782 8174 2240 8219 4993 6381 9033 7468 6987 3500 6404 2530 9442 4078 2267 5962 8838 5245 9813 1143 4604 9015 5846 5997 914 8367 945 5332 4004
69
5 5 2 5 2 2 4 1 3 4 2 4 2 4 5 5 3 5 3 1 5 2 1 1 5 5 5 3 3 1 3 4 5 1 3 3 2 2 1 2 2 2 5 5 2 2 4 4 1 1 1 5 2 2 2 4 3 3 1 5 3 1 3 4 1 2 4 5 5
9
3033 337 7952 3172 9855 9550 7008 8600 7805
48
1 2 2 4 5 4 2 2 5 1 2 4 2 5 2 5 4 2 5 1 1 3 4 5 2 4 2 1 5 1 1 1 4 4 1 3 2 2 2 3 5 5 1 1 4 3 2 2
76
769 7291 2240 485 5782 4181 3398 4928 1073 467 8426 9329 264 734 3334 1320 2454 3003 5773 6600 2240 537 2319 2026 1099 1790 3470 9500 3498 8145 6004 4267 1787 8243 4751 7569 8775 4500 8848 9848 1318 7273 5528 7934 4359 8861 9253 6812 1863 1377 9763 4103 8266 8433 2480 9364 222 5949 5216 3720 445 1219 4338 8583 9462 5440 6151 8236 9939 1351 4435 7608 4975 9962 5541 9333
23
2496 685 2522 8610 4787 787 3395 3618 6502 3616 9566 1717 3687 6362 9288 4376 4945 8749 9815 1095 3336 6105 8797
71
3772 7732 5605 3104 6554 3102 1952 3591 1975 561 4729 2761 3955 8347 9262 3923 7912 7331 3961 4274 6618 8337 5570 1718 4503 3016 1405 6960 1813 9175 7024 5584 3259 8980 8687 6164 8433 6990 9754 407 7551 4483 3167 1505 2829 8781 1779 7092 2463 5740 7717 9080 428 3286 7149 4930 6302 8553 8241 8114 4080 1616 3697 7338 596 8735 3501 5380 5725 9607 5787
91
181 179 178 177 174 172 171 169 166 164 163 161 158 155 152 150 149 148 147 142 141 139 131 130 127 125 124 122 120 119 117 116 114 111 110 108 107 105 101 100 99 97 96 95 92 90 89 86 83 82 80 79 77 75 74 72 71 70 68 67 66 63 61 60 59 58 56 53 51 49 48 47 46 45 44 43 41 39 34 28 26 24 23 22 20 18 17 13 12 11 4
84
1517 148 9513 7029 8170 9366 3518 2561 9652 4398 2753 489 5649 1791 9994 8493 8409 248 5182 2194 5971 4303 4589 9550 266 4629 5051 1743 7468 7234 813 5337 3733 325 2365 1902 6042 5882 4463 5694 280 7215 6182 5928 5357 2527 772 3765 2775 5953 2311 8745 6607 3251 4646 6872 7879 6049 4967 5347 9634 5779 683 3367 6104 9399 1620 8497 1632 6082 4190 8263 9649 6723 542 1357 5602 1313 1474 8376 7266 136 3472 3872
86
7096 7616 517 8414 2962 151 4192 9996 3517 6647 5746 5136 5144 7378 7570 5685 5640 3570 8760 2534 4926 4361 3846 2751 2736 1111 2886 2559 1335 2623 7027 4782 239 3896 3195 9552 398 3738 9548 266 6737 1645 5401 8232 5374 9322 3916 7366 9243 2675 9899 521 3387 3744 3271 6122 1207 2509 5032 8893 5131 8411 3674 5369 2306 3220 4921 2703 3309 820 2968 45 2464 4720 8276 7838 394 8544 5203 9636 1218 5101 156 957 5196 9779
78
7 2 4 9 2 9 8 9 10 8 1 9 9 10 3 4 9 1 1 4 4 5 10 3 7 7 9 3 7 9 6 5 10 10 4 3 10 1 1 10 10 1 8 8 2 2 3 2 2 4 6 7 10 7 10 9 5 8 3 2 8 8 6 7 9 1 9 9 1 1 8 2 3 7 1 4 10 4
76
9 3 8 10 9 9 8 3 9 10 6 6 10 4 3 8 4 3 6 7 6 5 10 8 3 3 2 3 6 9 6 6 1 5 5 1 4 3 5 2 4 3 7 3 6 1 1 1 6 8 9 1 5 1 10 9 3 3 1 8 1 6 3 3 1 9 3 6 3 10 7 7 2 5 1 9
88
3579 5783 691 9030 575 7597 350 7744 8845 5242 8087 5868 2271 3729 3743 8745 7144 7075 2853 6148 862 906 1767 3140 3414 9518 1055 7574 5688 5394 6807 9267 1176 3849 4648 8102 1445 1349 2197 6641 2942 283 2508 5212 364 2603 308 7507 6029 9512 3654 3243 417 5421 6382 182 1290 3788 7756 6978 9181 914 2596 356 4762 3595 4809 2558 4943 7006 5550 7884 3640 4410 9447 4003 7012 9754 7861 9392 9265 1515 2634 6034 3287 9016 2567 928
3
5 4 7
52
3 1 5 2 5 2 2 5 1 1 1 4 4 1 4 2 3 5 3 1 3 3 2 1 2 1 2 2 2 1 5 2 3 1 3 3 2 1 2 2 3 5 2 3 5 3 2 2 2 4 4 5
16
4847 9744 7238 9893 1908 3591 8143 2762 2292 3191 3467 8602 6330 1028 8069 9091
36
9977 4343 6716 6037 1960 5002 9238 6153 2595 8319 209 4862 3141 5055 958 378 1300 2865 320 9442 1978 2612 8984 5444 7565 5313 2823 5633 756 8258 736 732 8952 3804 3120 911
57
3416 4104 7028 3624 5317 168 5031 6274 6897 6330 5490 7216 2123 7467 9827 7459 9262 3743 2771 8436 9376 9878 6694 6463 6962 1997 6618 81 2908 1775 8790 6323 5878 5817 6298 7546 5984 1328 3820 2880 4009 5661 6448 6132 9480 2626 3590 8741 6369 2712 3529 2096 2590 6574 8558 5903 8570
76
1477 3302 4773 4151 5531 589 6801 3076 2925 4480 3247 2156 8489 8908 8603 4620 4739 7581 4561 9831 3949 7272 3359 6044 6213 9932 953 2115 8502 2480 8098 6330 5781 9222 6833 7663 6162 3633 7091 9086 8112 337 7594 6600 5596 2548 7571 334 128 2131 165 4076 9403 3523 6471 1967 9807 7424 4082 8308 6255 8531 4637 8388 7752 1469 6050 3913 1453 3140 9351 5917 9829 6944 2516 5424
43
2110 5971 8569 8626 6398 4323 8500 9221 2642 8306 2996 6723 6613 9250 5253 7602 7637 9356 5422 3687 3268 3227 3178 2618 9143 3006 5913 8010 4782 8108 4448 6891 430 9369 5516 3179 43 367 2399 2684 8673 5394 5758
37
2 5 2 2 2 5 5 5 5 4 2 5 4 3 1 1 1 3 2 1 5 5 5 2 4 4 4 4 3 2 4 5 2 3 1 5 4
10
2628 4816 7747 3833 2386 1839 6170 1711 6731 1750
17
4 3 1 2 1 1 2 2 3 4 2 2 5 4 3 1 3
98
192 189 187 185 178 178 177 175 175 174 173 171 171 169 169 168 167 165 163 160 155 154 151 150 148 148 148 147 144 141 139 137 137 137 134 131 131 130 129 126 126 124 124 122 122 121 119 119 116 113 112 109 107 107 107 102 100 93 86 86 86 84 82 77 75 75 71 69 64 62 56 54 47 44 42 42 40 39 35 35 33 33 31 30 29 29 28 28 23 19 15 14 14 12 10 8 3 2
74
8230 5968 6889 103 5443 463 557 9070 8605 2587 6956 1271 5866 9640 30 3998 3606 5426 7445 7156 753 790 9924 7371 8879 1339 7855 788 5709 8780 8563 290 4747 1804 393 6542 8618 7301 1963 7222 9887 8918 4845 5752 8557 4874 6101 8514 6651 3545 2021 7404 686 1945 1126 9565 9635 5333 6704 5343 4112 5267 5633 8859 3422 2377 1752 2039 9677 3714 9260 5915 8983 456
18
2 5 2 2 4 2 5 5 1 3 1 2 5 4 5 1 2 4
66
4762 9617 4396 790 9682 8 3056 5016 463 7425 5259 2144 7894 4015 6828 8259 4791 8914 9310 3864 2126 9925 2570 670 3596 2971 3326 2532 5356 7543 1242 117 7160 5637 7258 3193 1996 313 8209 8811 4089 3467 954 1982 3833 4133 241 8623 3047 9550 8838 5172 5827 1408 5842 9422 730 5519 1953 6086 3061 3194 2554 6572 5183 9812
65
6476 4325 2340 565 4143 9646 8898 7975 3778 5490 2949 6824 5040 1787 1996 866 9546 4189 6639 6627 6059 8591 2712 9119 8137 1618 5691 9671 7781 1807 3200 608 6131 5540 7524 273 5185 6422 4599 5314 1911 7547 2138 3302 5685 485 519 1582 1025 7157 8209 7083 2100 7272 2553 236 8889 8243 6258 3021 49 9457 3629 2531 4996
52
6532 3925 3753 1846 2188 7652 335 1841 3336 7171 2360 4918 4547 5868 9478 1629 4319 6749 4181 906 1990 8776 7163 5010 5176 6620 4990 7707 7967 2494 6861 4499 6418 6966 2696 4957 4617 9382 6798 4304 2904 5509 9221 7450 7728 5050 9078 2047 1799 9610 2952 140
85
1 3 6 1 9 4 6 1 4 3 8 1 2 4 2 9 8 5 9 10 6 6 2 5 2 2 5 6 1 1 4 3 3 9 3 1 4 10 4 8 5 1 8 6 7 2 4 6 8 2 5 4 9 8 8 3 9 2 8 9 3 1 2 7 1 6 10 4 6 3 3 10 5 1 5 1 2 10 6 9 3 3 2 1 10
32
8079 7585 2382 2539 2699 3884 3182 886 8436 2850 6115 3442 525 9217 7154 7016 7043 6874 9032 5654 1987 2783 7171 2078 3635 235 531 3737 4887 6162 4582 9317
47
8207 6445 7199 1389 7330 1986 4238 3444 5427 1114 9012 2581 8129 6055 5806 3512 8060 4145 6294 1582 6222 6280 8169 6752 16 9407 9266 4597 8723 9364 4264 3281 2160 1462 1021 9490 3447 5258 9285 5226 2723 4649 7806 7203 7055 9963 714
66
7 7 10 6 7 2 4 3 9 2 7 2 5 8 1 8 10 2 7 8 9 2 2 7 9 5 3 1 10 8 10 9 6 9 4 5 2 9 7 2 1 6 5 7 5 6 5 4 9 3 3 7 6 5 5 4 9 9 6 10 6 7 8 4 6 4
58
762 5766 8181 1664 6021 7085 7431 7955 2912 2227 8941 1503 5851 7883 2141 7176 209 5828 359 6769 9616 8066 4629 1324 8053 7146 3997 3350 3959 7906 3740 1073 3671 8272 2736 6044 5357 6518 350 4620 5096 9290 6122 946 3525 8263 8121 3733 442 4831 502 57 9249 5130 1380 3653 2275 1728
2
5 3
58
5365 6393 2051 7073 9263 2400 1692 4358 8042 4166 1656 1566 8780 6128 5298 9221 959 2151 9277 6559 7280 7009 211 5907 5088 3564 8492 7425 656 2149 3432 6020 4893 5482 3092 4155 4233 1136 4865 2274 5301 6520 191 4080 2647 1841 3300 9957 3991 8928 6515 1271 2288 3077 3529 7376 6640 8372
100
520 8231 9667 1764 64 9111 2271 648 246 7135 9274 5546 3654 9464 5977 2652 1304 5628 2609 1647 4555 5475 9269 6843 8552 2797 570 1543 1168 5369 5190 8039 9951 1209 9802 6366 319 8424 3365 564 5558 2638 2461 5563 8454 8437 8215 9757 4064 7175 7755 4970 9001 7023 1812 3904 6171 2381 1799 3690 4101 6988 1728 403 8196 7882 3120 4866 6305 6485 5429 8215 9122 4241 3777 7575 2677 8343 3684 3092 1869 7790 8062 870 4813 9873 1125 7335 8606 2923 1025 9058 9911 9104 5813 4458 6985 8932 9324 9642
68
7856 7242 5345 7984 1168 4373 6327 4851 7465 8195 8993 5526 5416 3805 1750 6541 7491 6707 9463 8515 2117 5725 7619 7929 6535 955 3212 2210 6948 4980 3313 4803 8573 5009 9139 9740 9382 5465 943 3198 11 9935 5075 5427 91 3176 8319 7581 9883 4133 2448 8351 9858 6418 6279 2744 7372 5842 4953 672 7173 8265 5474 5745 9626 964 5485 9007
28
2204 6439 2713 7278 8217 2803 453 6535 6735 6687 667 9182 5037 6876 5599 7667 9619 9323 9861 4571 9994 7033 9188 1819 9130 8813 2783 966
88
1 8 11 14 15 16 18 20 21 27 29 30 34 40 42 43 44 48 49 50 51 57 58 59 62 64 65 66 68 74 75 79 83 85 86 87 88 91 94 95 98 100 103 104 107 109 110 111 112 115 116 117 118 119 121 123 125 126 127 128 130 131 132 133 134 135 136 138 140 141 144 146 148 150 153 154 155 157 158 159 162 166 167 169 170 172 174 175
27
1406 1344 4759 8751 600 2753 415 3181 2389 3511 9639 6595 3354 9970 7725 2570 6256 8133 5641 6467 5287 4464 6316 844 4945 4765 3359
31
5 5 1 1 5 4 5 4 3 2 4 5 1 4 4 2 3 3 4 1 5 5 2 3 5 5 3 2 3 5 2
84
5 4 5 3 4 5 2 2 3 3 4 1 3 2 1 1 5 1 2 5 4 2 1 3 1 2 2 5 1 5 5 5 1 1 4 1 5 2 2 2 1 3 5 4 4 5 1 4 2 2 3 5 3 3 4 3 2 5 2 2 1 3 3 1 3 3 3 4 1 5 3 1 4 4 4 2 3 4 5 4 3 4 5 5
59
6765 9722 3569 8068 9183 324 3291 1192 327 1875 9979 419 7229 9984 360 7223 311 9758 2676 5380 7097 3190 1955 6933 9875 327 1774 3339 532 9332 4531 3648 9053 8099 1715 4587 4774 5005 5778 1452 3232 2108 8223 6812 8443 4934 4034 8753 4692 6709 4132 8140 9898 2439 5072 6124 2765 6845 9462
48
344 3295 7932 8442 5010 2518 9567 6366 4647 7371 9597 3106 5593 2760 1548 526 6793 301 1569 9853 784 6060 6102 9574 1132 2225 2339 4328 1686 1986 6856 2029 1633 4787 6822 6642 3657 2741 9359 4655 111 5308 7761 2055 8067 5660 8932 4860
12
1064 9448 2912 7166 9021 4043 5742 1359 8371 3780 9697 1578
8
1 2 2 4 4 2 4 1
39
5 1 2 1 5 4 3 5 1 5 5 1 4 2 2 1 1 5 5 5 5 1 3 1 4 3 4 4 3 3 4 2 3 1 5 4 1 4 3
16
4660 548 3319 9598 2539 71 8315 578 8401 9191 6297 9446 5401 2689 9566 9683
13
8501 875 2405 3907 2394 1247 7538 8529 5902 3542 343 5817 1181
2
1 9
55
5 3 2 6 1 9 6 10 6 8 4 10 8 10 7 7 3 3 4 3 5 5 5 3 6 7 9 6 7 6 9 2 10 2 9 10 10 4 1 6 3 4 7 1 3 3 9 7 8 2 9 4 9 4 8
44
9 1 8 4 10 1 3 3 9 4 3 2 5 10 5 8 8 7 1 3 5 9 2 8 8 5 6 3 2 1 4 2 4 3 5 5 4 9 7 2 5 9 6 9
10
6 10 10 8 4 6 7 5 3 6
39
3 2 1 1 1 4 3 2 3 3 1 5 2 2 5 2 5 2 5 2 3 4 5 1 4 3 5 3 3 5 3 2 3 1 2 3 4 1 5
90
6 10 11 13 16 19 19 23 24 27 28 29 29 31 36 37 46 52 52 53 55 55 55 56 57 58 58 58 62 63 66 67 71 71 77 81 81 82 84 84 85 89 91 92 94 99 99 100 102 103 106 109 111 115 120 123 124 124 125 125 129 130 133 133 143 145 149 152 153 154 154 160 161 161 163 163 163 164 168 169 169 170 170 171 172 175 177 177 179 180
5
8189 1928 6147 8794 7230
97
4 1 2 2 2 1 2 1 3 3 5 5 2 5 4 5 3 1 5 2 4 5 1 2 1 1 5 4 5 4 1 5 4 4 3 2 5 4 3 4 3 2 3 1 1 3 5 5 1 2 1 4 1 2 2 1 2 2 1 3 5 2 2 3 2 4 1 3 4 3 1 2 2 3 2 4 3 4 4 3 5 4 3 5 5 5 3 3 3 3 5 4 1 1 1 3 1
33
8815 2516 8783 628 394 1867 6516 1342 2669 6864 9180 2898 7483 8429 1941 2255 2065 4272 6897 8643 7809 4976 6647 5822 4362 8130 8439 231 1990 5271 6347 7156 4138
29
4531 6996 7003 5873 6016 3866 5052 8914 7701 9832 7206 6307 1897 1477 9555 539 5637 4530 7185 7810 5243 5314 6248 5473 3656 7870 8172 7163 8360
100
9242 6647 8300 5114 2663 8517 6518 1576 6217 2701 8781 8875 4597 6609 8429 1487 2245 9311 8672 54 4553 337 2653 6378 344 6874 4549 7507 1585 4200 8804 827 847 3455 2292 3509 1971 5161 1436 4540 7862 6568 3414 8810 3176 8195 297 1772 7505 5320 8177 8409 2008 7181 4786 8704 4054 5686 6210 1991 9886 1365 2817 732 4819 1460 592 6789 6621 2027 1328 834 4946 1094 9643 8121 9288 6291 6244 6792 7962 4420 5200 6322 1600 6338 5025 2005 2023 1234 3995 1908 8950 3163 2639 3768 4623 9582 556 1243
8
3 3 4 2 5 1 3 5
59
1 3 4 5 2 3 2 5 3 3 2 2 1 3 1 5 4 2 4 4 4 1 3 2 2 5 2 1 4 2 4 5 4 2 1 3 2 4 2 4 4 5 3 4 2 3 5 3 1 3 3 4 3 5 5 4 1 3 2
15
6465 1166 7690 1876 8258 1217 6362 6049 2765 7508 8532 7889 4262 5222 1933
39
5 2 3 4 2 2 3 4 2 4 1 3 5 2 2 2 3 5 1 1 1 4 5 5 2 3 1 3 2 2 5 3 3 2 1 4 5 4 2
37
4295 3429 8365 8203 6886 3846 9800 8570 288 8965 2967 6427 7246 4872 7448 3415 1037 43 1517 7593 3377 4094 6952 5746 3800 9693 3940 2650 239 376 6698 885 157 1414 5439 3394 5259
90
5546 6906 1281 8324 4151 2504 2124 7566 3541 2166 5434 7485 1894 9527 4437 7639 9678 4129 7931 2327 719 4658 5376 7956 4814 6789 3394 8207 8399 4984 6521 3945 1889 4154 8620 2392 6657 743 6309 6549 9260 1742 4034 1154 1268 4822 5144 7298 8950 9426 9624 6020 4084 1352 327 5249 8140 3721 9808 6539 5056 2680 6835 3296 6833 1806 5687 9842 8901 1995 6390 8160 88 6775 5665 1356 1596 7161 5005 6897 6586 4628 9269 7021 2331 9595 8622 471 3315 8429
61
8 7 8 3 2 6 6 2 3 7 4 10 2 8 7 9 10 1 6 6 1 4 8 1 10 9 3 5 7 5 8 7 1 7 1 5 3 8 8 7 4 3 6 5 3 3 4 2 5 1 9 5 6 7 8 5 7 10 1 4 7
59
9 7 4 3 9 1 3 7 4 5 3 1 9 7 6 1 1 6 1 8 3 7 7 7 4 8 10 9 4 10 2 3 6 5 7 7 7 9 3 10 6 5 2 4 3 7 6 6 4 7 3 6 5 1 5 10 8 4 8
2
2401 5736
80
8042 7116 363 2823 1229 7013 4090 7785 2964 9635 5098 8633 8191 5383 2926 5069 3037 7922 7423 3319 2108 983 116 8291 9422 3769 5485 1823 9504 2464 6019 3898 5932 6382 6720 7160 9746 7161 1296 2709 6795 2745 1341 1337 4479 4267 6405 3867 8540 180 7185 647 1162 7301 5289 6935 7421 7125 8757 6925 9588 4776 7174 1871 1157 245 5382 7254 7405 6678 9962 4199 9422 7655 1888 3901 8273 4644 4119 3164
93
2 2 4 5 8 9 11 15 16 17 17 17 18 24 26 28 28 35 36 36 40 44 46 47 51 54 57 57 60 60 61 65 76 80 83 86 87 92 92 93 94 96 100 103 103 108 108 115 116 118 119 119 122 124 127 129 129 130 132 132 134 134 134 141 142 144 145 147 149 150 150 153 156 156 159 162 166 168 168 173 173 175 176 176 176 178 180 181 182 184 185 185 186
32
1729 1071 8836 9421 1815 156 6688 4923 1693 1 7130 7405 2430 554 3910 7151 7635 1437 5187 9292 1516 9448 345 9356 192 3379 626 6146 1339 1157 8374 9419
80
2 1 3 1 3 5 1 4 1 3 2 1 5 3 4 2 5 4 1 4 1 2 5 4 4 5 2 4 5 1 2 3 1 4 3 5 4 4 1 1 3 4 3 2 2 2 3 3 5 1 3 3 2 4 1 3 3 2 3 5 5 4 2 2 3 2 2 3 5 4 3 4 2 1 5 3 4 5 5 3
75
8472 5768 9138 4912 2302 4153 6626 7750 1682 5840 2023 9620 5651 1542 9846 4079 1714 6942 2624 759 4272 636 8101 9647 505 954 7823 1212 4398 3949 8431 2870 6068 7568 4133 8370 1720 758 2471 9753 2949 845 5725 4952 2387 5570 5382 452 8864 8006 1210 3135 8641 5662 9133 9145 6615 3307 6708 7365 7255 5138 6586 9675 2706 718 4396 777 7828 6866 6882 776 7710 2606 5727
48
1 10 10 6 1 7 8 3 1 4 9 8 2 5 2 9 10 8 6 8 3 5 7 8 6 2 10 1 1 7 7 3 6 9 8 9 7 5 1 7 8 1 4 1 6 8 10 7
15
6 8 1 2 7 6 6 6 8 8 3 7 10 10 7
57
6923 4783 1400 8601 7962 5391 5595 3803 2538 4214 3794 3074 1428 640 4070 4337 7823 3351 3454 9518 4398 9191 7388 6585 5293 3254 3724 7715 9562 1280 4564 6484 2414 5964 1436 376 7706 7030 530 243 7595 4323 9668 5375 1314 89 9711 9136 9792 9516 5006 4189 8707 8745 774 351 8350
97
7911 2129 2629 746 4542 4944 2181 1269 2649 5563 1798 9243 3157 2472 5262 8531 138 5351 8242 5625 5142 4109 630 9330 2815 5726 6455 9518 4075 952 7582 1985 9432 6562 9082 3973 7857 1263 1594 505 6825 9743 6099 9981 8567 1361 8512 8704 6711 3105 4328 1852 7213 1310 7533 6380 7035 3988 5897 7462 1291 9830 9446 722 6392 4880 1046 4248 6142 2639 1105 9318 8734 7203 9298 7300 4915 4161 2355 1625 3617 6682 9828 830 4343 3713 7209 7730 4052 9457 5191 5342 9286 988 2415 2029 5867
60
8360 2451 3733 7677 7536 7287 6975 4835 2202 7487 7189 178 1104 222 6 1933 4565 70 5493 8646 4121 4949 3836 9462 586 1175 1876 2615 7042 1687 5243 5401 489 5327 3078 8024 2613 6404 2858 1166 3890 6398 1344 1345 6620 7701 9629 7536 7770 5121 2533 8242 6421 6368 7703 7007 3894 5930 5973 935
68
2688 4457 2893 2117 2480 1857 4872 1690 3023 5113 8087 718 6458 1058 4770 6086 4945 8891 7559 7477 7132 3979 196 1186 7337 4090 3467 3309 1376 7434 875 415 1890 3767 2531 722 5624 7402 8763 4998 8867 6849 5715 5324 4259 6836 1409 5555 5726 8967 9384 2857 9298 5931 4042 2986 20 7508 2647 7748 4941 9873 8162 3183 9992 7045 256 1967
98
6964 9664 2218 9030 4987 2828 5865 2748 8383 1590 8066 4118 4446 3715 48 4839 6701 6420 2346 9347 519 3638 5571 8680 3172 5562 2076 9779 7528 2874 8796 843 2537 7366 9872 3876 193 2088 6623 4927 3677 1040 9044 4474 4755 5444 9312 1455 1863 8009 7153 2381 7999 2723 7412 7522 4637 9488 7301 2164 2361 6096 3007 1249 3461 9230 5124 6 1318 8098 4932 1346 9138 328 5820 3892 5771 1483 1698 3985 5844 8850 2717 3842 7924 128 1363 2560 5967 5015 1076 4679 1111 434 5928 923 9663 1051
80
9149 8564 2326 8286 8891 4497 2177 1013 2331 3874 1349 8174 9075 4065 8367 3350 544 6082 2262 2863 1096 9689 7541 8558 122 3468 5833 9784 4519 3112 7116 19 1675 9441 8304 6917 289 6832 4281 2619 7057 5629 7145 2483 6045 1863 2184 2941 7944 4445 5803 5392 4133 3343 3949 4254 6811 9781 390 7681 2893 7505 4051 919 3297 8706 4188 3585 1889 8468 2555 8945 449 9699 7779 2845 1562 9962 5785 5857
7
1248 4891 1282 5197 5497 4444 1329
86
3 5 1 2 1 3 4 2 1 3 1 5 1 5 5 3 3 1 2 4 4 3 4 5 1 5 1 1 3 3 1 3 2 3 4 4 5 4 5 5 3 5 1 4 1 2 3 3 2 4 4 1 1 2 2 3 3 4 3 2 1 3 4 4 2 4 2 3 4 1 4 2 5 1 2 1 2 4 5 4 4 5 1 2 3 4
14
7 7 9 4 1 4 7 3 5 3 7 8 3 1
84
1 10 9 3 8 9 3 7 10 5 5 3 3 8 9 1 4 9 4 5 5 10 9 9 4 5 6 6 5 2 9 8 1 10 2 1 10 6 9 9 10 3 1 4 2 2 4 6 10 9 2 6 8 10 4 3 6 2 8 1 3 8 10 5 7 1 7 6 8 7 7 7 9 9 10 3 10 5 8 2 3 1 7 2
94
2 3 4 6 7 7 10 13 14 15 15 16 22 25 26 26 38 38 46 48 49 55 56 57 57 57 62 62 64 64 72 73 74 77 79 83 88 90 92 93 96 98 102 103 105 106 109 112 115 117 120 121 122 123 125 126 126 131 131 135 135 139 140 140 142 143 148 148 152 152 153 154 156 157 157 158 161 161 164 166 166 166 167 168 173 175 177 178 179 180 185 185 188 188
26
3103 2818 2277 3606 7283 4510 9996 4759 948 5368 7504 9587 4149 9500 992 7289 1445 7744 6547 6797 5543 3195 8129 5445 8552 5749
81
3 2 4 2 1 5 4 5 2 4 5 1 1 5 3 1 4 4 5 5 5 3 1 2 5 2 2 1 2 4 2 4 2 5 5 4 5 5 5 1 3 1 1 5 1 5 1 4 1 2 1 5 4 3 1 3 1 4 4 2 5 2 5 3 1 1 2 2 5 1 4 4 2 2 4 2 1 1 2 1 2
14
4447 3452 2693 9295 5087 4833 1475 4369 7107 1206 5070 1425 443 4068
