Case #1: 368 2211 260 1259 9144 6374 839 6595 52 1878
Case #2: 3720 4182 3302 8577 1780 1227 9402 2492 3297 322
Case #3: 1265 8132 6298 5418 3725 1835 5128 6762 9566 4748
Case #4: 1742 913 3511 3433 2023 6368 187 351 5686 6179
Case #5: 3480 8170 7482 7604 2317 2556 7647 9343 4051 4355
Case #6: 1514 8761 8095 2085 4271 1294 914 2398 4247 5376
Case #7: 6 1870 9440 7367 2846 1629 1570 9870 5359 1357
Case #8: 2372 7418 9053 4713 8610 7341 3502 6371 8600 7106
Case #9: 2698 9108 3438 6859 956 8311 8106 7384 6614 9651
Case #10: 86 3235 8314 6142 5641 4764 7588 7150 1313 7796
Case #11: 4 276 3599 7951 9361 2013 470 6738 7838 8596
Case #12: 8138 1329 9001 8443 6573 4144 7519 7270 192 9520
Case #13: 2108 143 7905 2486 7229 1888 6176 5081 8361 7004
Case #14: 1347 1135 2085 1354 3016 1897 5373 506 5421 83
Case #15: 9907 581 9924 2869 2849 1549 2447 5996 1156 8565
Case #16: 539 7352 3404 2903 5963 9946 5394 9635 6686 1122
Case #17: 3782 8339 5697 4150 7813 3977 4469 5149 8301 7783
Case #18: 2636 9061 4788 8741 2308 3291 9627 8055 8012 6281
Case #19: 0 0 0 0 0 0 0 0 0 0
Case #20: 75 4590 2955 7459 637 5710 4431 1733 3247 3192
Case #21: 125 1000 3375 8000 5616 6982 2839 3946 1044 4892
Case #22: 412 396 2795 7663 7613 6889 459 3268 1564 5081
Case #23: 1542 8370 9645 3873 8364 2640 9538 7004 7467 5423
Case #24: 2086 3821 7683 866 7179 3253 531 356 3449 5577
Case #25: 1621 5617 2940 377 4149 8492 2801 6430 6250 4414
Case #26: 970 718 71 6171 78 1568 1847 4982 3287 412
Case #27: 2890 666 10006 4232 7278 6574 8855 7051 5598 8686
Case #28: 1306 1397 7208 8812 10006 2206 9571 9574 6681 1207
Case #29: 9871 1401 6028 6781 6704 5594 5399 3055 4964 7007
Case #30: 3624 6252 3000 2385 5932 6723 4627 1313 3240 7424
Case #31: 6330 8607 7498 33 3861 8006 2216 6356 8678 3523
Case #32: 2130 8973 6828 7077 8409 7648 6957 1629 5559 2181
Case #33: 2439 6720 7656 4198 3796 120 6769 5437 1777 3467
Case #34: 7610 6194 7575 7030 8321 3469 5427 8521 1416 4129
Case #35: 292 6603 4001 6282 6230 9830 267 395 2941 7214
Case #36: 2130 6325 9929 8775 3879 7737 4215 6736 7450 1416
Case #37: 1490 8671 69 8969 5809 7483 9776 1432 7626 5702
Case #38: 6882 3437 1259 3554 6635 2414 8553 9517 8967 6162
Case #39: 260 6000 1910 8641 1118 1825 2835 4965 2442 7491
Case #40: 794 1379 7149 9598 7684 466 8833 2025 4863 4755
Case #41: 102 382 7255 3133 1274 2745 9971 7096 7589 242
Case #42: 2931 4965 7332 4829 9051 5113 9921 9047 6086 6266
Case #43: 1 16 81 256 625 1296 2401 4096 6561 10000
Case #44: 811 5698 4415 5539 8717 6348 6048 9982 919 9326
Case #45: 12 96 576 3072 5351 3665 3758 1451 1525 9002
Case #46: 2868 4152 8841 7354 2229 1220 3678 9872 787 8823
Case #47: 6693 4083 3954 439 4948 7207 8860 4371
Case #48: 9183 9144 258 7539 9494 4535 5687 5340 5121 111
Case #49: 0 0 0 48
Case #50: 549 5826 3872 9490 1111 9929 4409 6351 3310 3805
Case #51: 9725 5289 6864 5466 3525 7811 9863 5129 5540 5724
Case #52: 341 7859 2613 1505 9946 5637 132 6973 7587 3761
Case #53: 6131 6252 4194 3835 6253 4815 9511 4166 2326 2886
Case #54: 3965 7953 6044 9454 2855 10008 9933 6285 6801 8920
Case #55: 1 4 9 16 25 36 49 64 81 100
Case #56: 1547 2166 5266 2636 3021 6414 5292 2207 8941 6427
Case #57: 1716 2924 971 8331 7251 9291 9041 8649 8917 9471
Case #58: 814 9701 6530 6152 1629 1454 3162 7477 1622 4158
Case #59: 1617 1081 5030 6402 574 5203 1638 7847 7713 4851
Case #60: 1 40 1089 4862 2326 9383 7596 7475 6466 9087
Case #61: 4172 4186 5878 4810 15 7366 5078 2625 2037 9480
Case #62: 2279 3348 4448 965 1024 5882 9458 6212 7196 8146
Case #63: 4692 7225 6463 2437 9444 1592 653 9676 9604 9819
Case #64: 2974 6310 1564 9637 1678 1101 7461 5363 9649 2444
Case #65: 2 4 6 8 10 12 14 16 18 20
Case #66: 1780 9349 1326 5108 1408 4105 988 6736 6761 4369
Case #67: 2408 6831 8189 7316 1113 5668 1806 7021 9102 9425
Case #68: 3979 3315 6652 7693 4013 4997 1295 4092 9327 9996
Case #69: 173 1958 1683 3660 8664 8296 5872 2423 7808 2925
Case #70: 5 260 131 1205 4131 772 63 1872 4711 418
Case #71: 5482 4115 1181 1622 7098 579 8672 8657 4948 3487
Case #72: 2
Case #73: 4470 9050 7776 747 2481 9529 7439 5685 1680 1326
Case #74: 1227 9315 2205 6343 6086 9569 361 8807 6736 502
Case #75: 815 307 2232 9848 6353 5299 9522 423 4901 5941
Case #76: 1680 4813 783 9649 4694 9590 3355 8364 2102 3865
Case #77: 6970 3132 5045 5974 1018 5288 8377 1663 6701 8288
Case #78: 2205 9182 4361 2799 5822 9128 5428 8923 7132 4317
Case #79: 7839 1351 1444 7699 6496 6423 1919 7681 4352 1373
Case #80: 480 3999 7331 3726 6030 8498 4068 5211 6502 1805
Case #81: 8 176 2904 2556 5118 3500 8217 7499 1468 5709
Case #82: 9566 2101 5279 6951 7195 3303 3784 3534 3170 9614
Case #83: 2395 101 5907 6057 7825 1296 1017 965 3141 8101
Case #84: 10 520 262 2410 8262 1544 126 3744 9422 836
Case #85: 2280 371 5431 8737 9975 12 5610 6430 1843 1270
Case #86: 966 1864 4904 5657 5874 4877 4699 1010 968 2794
Case #87: 458 7042 412 60 4593 4195 4748 6310 3771 3230
Case #88: 2979 5305 6397 3168 9635 7341 8702 5647 5103 6235
Case #89: 6748 3040 4742 5025 1922 8033 5324 2595 5833 8492
Case #90: 866 3830 4394 1205 294 1150 428 5041 4966 4106
Case #91: 15 1032 7522 6864 253 6870 6716 6069 682 9079
Case #92: 260 2084 2981 1660 7931 2202 7909 5780 1230 601
Case #93: 4465 7065 460 6184 1070 9119 1753 9900 562 3854
Case #94: 1107 5442 1080 334 3953 8682 9915 9796 7757 2175
Case #95: 669 208 8711 6259 9011 8216 4607 1340 369 4582
Case #96: 193 5871 3271 5244 9075 1861 6743 1756 8564 7491
Case #97: 1142 389 6598 8259 1600 1819 9474 1704 1916 8359
Case #98: 7008 1680 9376 5168 4305 2515 9862 3168 6644 4060
Case #99: 1388 7163 2918 8137 7554 2223 797 6273 6322 4688
Case #100: 3359 6459 2366 99 491 2534 8207 7036 2351 4047
