Case #1: 1 16 81 256 625
Case #2: 4399 4183 6836 4165 240
Case #3: 633 3835 4550 5740 9336
Case #4: 1 8654 8137 1423 1632
Case #5: 1585 2418 1264 4026 7025
Case #6: 219 2279 4057 1286 8682
Case #7: 122 4880 6274 490 2241
Case #8: 8872 4184 5952 6843 8219
Case #9: 133 8456 7454 1807 8745
Case #10: 1001 2508 225 7400 9811
Case #11: 7034 399 8310 4672 7900
Case #12: 1113 1496 9651 8196 2602
Case #13: 125 1000 3375 8000 5616
Case #14: 1317 8761 4670 7127 6024
Case #15: 3958 9210 4311 8839 9293
Case #16: 609 8783 6369 9301 2452
Case #17: 160 4227 9004 5650 1975
Case #18: 729 2258 9472 9784 5572
Case #19: 1045 4346 6684 3152 2052
Case #20: 554 1464 4627 1447 6426
Case #21: 1887 2892 6924 8574 4919
Case #22: 6564 4905 7706 9303 2170
Case #23: 2809 9059 8043 9354 488
Case #24: 75 4590 2955 7459 637
Case #25: 0 0 0 48
Case #26: 1753 4274 4344 5712 3888
Case #27: 954 4783 9128 6152 7681
Case #28: 3420 5671 4507 3670 7128
Case #29: 9791 3892 3778 9849 8820
Case #30: 4530 8629 3007 2295 47
Case #31: 9807 3012 9014 9382 1801
Case #32: 5715 8705 4202 8207 1981
Case #33: 260 6000 1910 8641 1118
Case #34: 212 3091 1123 5935 5161
Case #35: 84 3360 710 5588 9583
Case #36: 1365 9444 6610 3832 9198
Case #37: 2031 3615 39 8486 2939
Case #38: 439 6227 8444 9540 5373
Case #39: 60 2400 1937 8281 6845
Case #40: 4075 6482 1212 9639 4474
Case #41: 507 3303 7140 26 5393
Case #42: 5576 8565 1960 9361 7299
Case #43: 317 2671 58 4883 1967
Case #44: 0 0 0 0 0
Case #45: 15 1032 7522 6864 253
Case #46: 412 4645 2536 6873 4041
Case #47: 5676 7785 6325 1246 267
Case #48: 755 4821 3818 3448 2536
Case #49: 0 0 0 0 0
Case #50: 10 380 821 4117 191
Case #51: 4118 5528 3465 9197 5977
Case #52: 1415 8827 7654 941 8464
Case #53: 0 0 0 0 0
Case #54: 3940 422 3578 3181 2578
Case #55: 0 0 0 0 0
Case #56: 345 2358 7732 3969 4911
Case #57: 1208 3377 4145 5035 4012
Case #58: 1928 692 6607 6778 87
Case #59: 8 176 2904 2556 5118
Case #60: 2
Case #61: 217 8680 166 7763 3904
Case #62: 5457 6822 7893 5429 3569
Case #63: 3622 1411 3733 7632 7942
Case #64: 1362 6278 7920 2738 189
Case #65: 1347 3449 5108 3360 2936
Case #66: 4926 8326 8983 3824 6970
Case #67: 2861 5827 1018 8827 2471
Case #68: 581 6083 8086 5513 6255
Case #69: 203 8120 3384 159 3975
Case #70: 0 0 0 0 0
Case #71: 3206 2452 7025 7764 829
Case #72: 2267 5098 2579 5949 1689
Case #73: 7462 4817 9421 3013 2213
Case #74: 41 1640 9164 821 507
Case #75: 5975 3820 8783 6018 4192
Case #76: 7713 5606 6845 8879 6825
Case #77: 7329 1733 3175 6048 3150
Case #78: 0 0 0 0 0
Case #79: 854 7129 4429 1239 5224
Case #80: 2194 7959 1924 285 5126
Case #81: 6581 6276 1630 7737
Case #82: 770 6574 9733 2373 1094
Case #83: 393 5711 1177 4696 7301
Case #84: 5087 3316 8206 1866 2759
Case #85: 190 3033 4025 3592 1853
Case #86: 1 40 1089 4862 2326
Case #87: 8209 3053 246 3613 3410
Case #88: 2 4 6 8 10
Case #89: 5 200 6000 9865 6409
Case #90: 872 5230 8906 35 2586
Case #91: 527 8102 615 8117 9470
Case #92: 1 4 9 16 25
Case #93: 689 901 9909 8385 8214
Case #94: 12 96 576
Case #95: 79 5158 4491 6621 9453
Case #96: 2168 6459 5084 4504 7214
Case #97: 177 7080 2211 8915 2677
Case #98: 469 3990 9551 509 1563
Case #99: 732 4395 3617 3525 7610
Case #100: 2527 8096 2422 8162 1595
