71.67 88.3 45.02 49.09 98.49 0.1



1.5 1.5 1.5 6.8 6.8 1.5

10.7 6.9 8.5 1.5 14.5 1.5
1 2 3 5 6 9
1 1 2 2 3 3
5 4 3.2 3.6 1.0 0.6
1.2 1.1 1.1 2.2 2.2 5.5
10.3 6.2 6.63 2.36 3.21 3.32
0.0 0.0 100.0 100.0 100.0 0.0
0.0 0.0 3.0 3.0 3.0 0.0
71.67 88.3 45.02 49.09 98.49 0.1
0 0 100 0 0 100
0.1 0.1 0.9 100 0.7 80
1 1 5 5 100 100
0 0 2.5 0.5 4 0.7
1 1 3 2 2 3
1 1 5 1 5 5

0 0 0 0 100 0
50.00 0.00 50.00 50.00 50.00 100.00
50.00 50.00 50.00 50.00 50.00 50.00
1 1 1 1 1 1
1 1 1 1 1.1 1.1
1 1 1 5 1 10
1 1 1 4 2 4
1 1 1 4 4 1
1 1 1 2 1 1
0 0 0 2 2 0
98 98 100 98 98 100
0 0 0 5 0.5 0
3.01 3.01 3.01 3.99 3.99 3.01
1 2 3 5 6 9
1 1 2 2 3 3
5 4 3.2 3.6 1.0 0.6 1.2
1.1 1.1 2.2 2.2 5.5 10.3
6.2 6.63 2.36 3.21 3.32
0.5 0.5 1.5 1.5 0.5 1.5
0 50 50 50 100 50
1 50 5 50 10 50
0 0 50 50 100 100
0 0 50 50 100 99
100 100 100 100 100 100
0 0 0 50 0 100

0 0 50 50 100 0
0 0  0 0  0 0