5
25
0 0 5964
0 1 4357
0 2 9785
0 3 4725
0 4 1100
1 0 1673
1 1 8067
1 2 4510
1 3 521
1 4 281
2 0 6573
2 1 1603
2 2 2513
2 3 3406
2 4 3311
3 0 1450
3 1 9203
3 2 4832
3 3 6184
3 4 4038
4 0 241
4 1 912
4 2 5833
4 3 9019
4 4 1982
25
0 0 3281
0 1 2059
0 2 5014
0 3 2798
0 4 2573
1 0 2780
1 1 7690
1 2 8684
1 3 383
1 4 1171
2 0 2905
2 1 5870
2 2 2076
2 3 1645
2 4 7907
3 0 9836
3 1 8360
3 2 6209
3 3 5913
3 4 9029
4 0 9380
4 1 6795
4 2 7018
4 3 8914
4 4 584
25
0 0 1177
0 1 5179
0 2 5590
0 3 5653
0 4 1148
1 0 8332
1 1 8276
1 2 2122
1 3 694
1 4 8567
2 0 7943
2 1 4031
2 2 721
2 3 7834
2 4 659
3 0 7515
3 1 9000
3 2 6779
3 3 9073
3 4 6327
4 0 9133
4 1 7728
4 2 9933
4 3 9145
4 4 9170
25
0 0 6818
0 1 4259
0 2 3719
0 3 7425
0 4 6230
1 0 2577
1 1 9704
1 2 2519
1 3 4244
1 4 334
2 0 2485
2 1 8228
2 2 6312
2 3 606
2 4 7249
3 0 8342
3 1 3209
3 2 3652
3 3 8500
3 4 1428
4 0 7544
4 1 7869
4 2 8688
4 3 5185
4 4 3287
25
0 0 6568
0 1 249
0 2 4475
0 3 8848
0 4 8181
1 0 564
1 1 6794
1 2 8199
1 3 9596
1 4 3515
2 0 1394
2 1 2349
2 2 1873
2 3 3066
2 4 9364
3 0 8686
3 1 8697
3 2 5420
3 3 5596
3 4 1047
4 0 1866
4 1 9400
4 2 6650
4 3 6551
4 4 6304
