1
2
1 7 9 2
9 2 2 6

2
4 6 7 6
0 6 8 6

2
5 10 6 10
3 10 1 10

4
1 5 5 0
8 8 10 7
9 0 9 1
4 9 7 0

5
7 3 3 10
6 6 0 8
2 9 10 7
3 10 9 3
1 1 2 6

2

1 1 4 4
2 2 3 3

3 -3   2 4 
1 11 4 18

-10 -10 -10 -8
-10 -7 -10 -5

2 10 10 10
-2 10 1 10

68
3 6 7 0
3 4 3 4
3 1 2 4
4 4 0 2
10 3 4 3
8 8 8 4
7 10 4 10
8 7 7 3
5 9 2 0
4 7 8 0
1 1 6 5
4 10 3 5
7 6 8 7
6 2 4 6
0 9 2 3
0 5 1 10
4 3 1 8
4 3 7 4
8 3 3 8
9 9 6 1
3 0 3 1
1 6 8 9
5 5 10 8
10 2 1 10
7 5 0 10
8 5 0 3
3 5 1 4
10 7 10 8
1 6 10 10
6 5 2 6
8 8 0 10
0 5 5 10
2 10 0 6
9 1 5 2
7 9 2 8
7 6 9 4
9 9 8 8
5 9 0 10
3 2 9 8
0 7 2 5
10 1 10 3
8 6 0 8
1 1 9 9
7 10 9 0
6 10 9 3
4 3 9 0
3 2 4 9
3 0 3 5
8 3 2 5
6 6 3 7
0 1 8 5
5 5 10 7
0 10 10 0
8 4 10 1
3 7 6 8
3 6 3 8
7 3 10 1
8 10 5 5
6 4 7 9
1 10 0 7
9 2 6 3
1 5 9 0
5 8 7 1
8 4 0 8
5 0 4 2
2 0 2 4
4 10 5 9
6 2 0 4
